#p (bar)	T (K)
1.000e-06	1.000e+02
2.154e-06	1.000e+02
4.642e-06	1.000e+02
1.000e-05	1.000e+02
2.154e-05	1.000e+02
4.642e-05	1.000e+02
1.000e-04	1.000e+02
2.154e-04	1.000e+02
4.642e-04	1.000e+02
1.000e-03	1.000e+02
2.154e-03	1.000e+02
4.642e-03	1.000e+02
1.000e-02	1.000e+02
2.154e-02	1.000e+02
4.642e-02	1.000e+02
1.000e-01	1.000e+02
2.154e-01	1.000e+02
4.642e-01	1.000e+02
1.000e+00	1.000e+02
2.154e+00	1.000e+02
4.642e+00	1.000e+02
1.000e+01	1.000e+02
2.154e+01	1.000e+02
4.642e+01	1.000e+02
1.000e+02	1.000e+02
2.154e+02	1.000e+02
4.642e+02	1.000e+02
1.000e+03	1.000e+02
1.000e-06	1.500e+02
2.154e-06	1.500e+02
4.642e-06	1.500e+02
1.000e-05	1.500e+02
2.154e-05	1.500e+02
4.642e-05	1.500e+02
1.000e-04	1.500e+02
2.154e-04	1.500e+02
4.642e-04	1.500e+02
1.000e-03	1.500e+02
2.154e-03	1.500e+02
4.642e-03	1.500e+02
1.000e-02	1.500e+02
2.154e-02	1.500e+02
4.642e-02	1.500e+02
1.000e-01	1.500e+02
2.154e-01	1.500e+02
4.642e-01	1.500e+02
1.000e+00	1.500e+02
2.154e+00	1.500e+02
4.642e+00	1.500e+02
1.000e+01	1.500e+02
2.154e+01	1.500e+02
4.642e+01	1.500e+02
1.000e+02	1.500e+02
2.154e+02	1.500e+02
4.642e+02	1.500e+02
1.000e+03	1.500e+02
1.000e-06	2.000e+02
2.154e-06	2.000e+02
4.642e-06	2.000e+02
1.000e-05	2.000e+02
2.154e-05	2.000e+02
4.642e-05	2.000e+02
1.000e-04	2.000e+02
2.154e-04	2.000e+02
4.642e-04	2.000e+02
1.000e-03	2.000e+02
2.154e-03	2.000e+02
4.642e-03	2.000e+02
1.000e-02	2.000e+02
2.154e-02	2.000e+02
4.642e-02	2.000e+02
1.000e-01	2.000e+02
2.154e-01	2.000e+02
4.642e-01	2.000e+02
1.000e+00	2.000e+02
2.154e+00	2.000e+02
4.642e+00	2.000e+02
1.000e+01	2.000e+02
2.154e+01	2.000e+02
4.642e+01	2.000e+02
1.000e+02	2.000e+02
2.154e+02	2.000e+02
4.642e+02	2.000e+02
1.000e+03	2.000e+02
1.000e-06	2.500e+02
2.154e-06	2.500e+02
4.642e-06	2.500e+02
1.000e-05	2.500e+02
2.154e-05	2.500e+02
4.642e-05	2.500e+02
1.000e-04	2.500e+02
2.154e-04	2.500e+02
4.642e-04	2.500e+02
1.000e-03	2.500e+02
2.154e-03	2.500e+02
4.642e-03	2.500e+02
1.000e-02	2.500e+02
2.154e-02	2.500e+02
4.642e-02	2.500e+02
1.000e-01	2.500e+02
2.154e-01	2.500e+02
4.642e-01	2.500e+02
1.000e+00	2.500e+02
2.154e+00	2.500e+02
4.642e+00	2.500e+02
1.000e+01	2.500e+02
2.154e+01	2.500e+02
4.642e+01	2.500e+02
1.000e+02	2.500e+02
2.154e+02	2.500e+02
4.642e+02	2.500e+02
1.000e+03	2.500e+02
1.000e-06	3.000e+02
2.154e-06	3.000e+02
4.642e-06	3.000e+02
1.000e-05	3.000e+02
2.154e-05	3.000e+02
4.642e-05	3.000e+02
1.000e-04	3.000e+02
2.154e-04	3.000e+02
4.642e-04	3.000e+02
1.000e-03	3.000e+02
2.154e-03	3.000e+02
4.642e-03	3.000e+02
1.000e-02	3.000e+02
2.154e-02	3.000e+02
4.642e-02	3.000e+02
1.000e-01	3.000e+02
2.154e-01	3.000e+02
4.642e-01	3.000e+02
1.000e+00	3.000e+02
2.154e+00	3.000e+02
4.642e+00	3.000e+02
1.000e+01	3.000e+02
2.154e+01	3.000e+02
4.642e+01	3.000e+02
1.000e+02	3.000e+02
2.154e+02	3.000e+02
4.642e+02	3.000e+02
1.000e+03	3.000e+02
1.000e-06	3.500e+02
2.154e-06	3.500e+02
4.642e-06	3.500e+02
1.000e-05	3.500e+02
2.154e-05	3.500e+02
4.642e-05	3.500e+02
1.000e-04	3.500e+02
2.154e-04	3.500e+02
4.642e-04	3.500e+02
1.000e-03	3.500e+02
2.154e-03	3.500e+02
4.642e-03	3.500e+02
1.000e-02	3.500e+02
2.154e-02	3.500e+02
4.642e-02	3.500e+02
1.000e-01	3.500e+02
2.154e-01	3.500e+02
4.642e-01	3.500e+02
1.000e+00	3.500e+02
2.154e+00	3.500e+02
4.642e+00	3.500e+02
1.000e+01	3.500e+02
2.154e+01	3.500e+02
4.642e+01	3.500e+02
1.000e+02	3.500e+02
2.154e+02	3.500e+02
4.642e+02	3.500e+02
1.000e+03	3.500e+02
1.000e-06	4.000e+02
2.154e-06	4.000e+02
4.642e-06	4.000e+02
1.000e-05	4.000e+02
2.154e-05	4.000e+02
4.642e-05	4.000e+02
1.000e-04	4.000e+02
2.154e-04	4.000e+02
4.642e-04	4.000e+02
1.000e-03	4.000e+02
2.154e-03	4.000e+02
4.642e-03	4.000e+02
1.000e-02	4.000e+02
2.154e-02	4.000e+02
4.642e-02	4.000e+02
1.000e-01	4.000e+02
2.154e-01	4.000e+02
4.642e-01	4.000e+02
1.000e+00	4.000e+02
2.154e+00	4.000e+02
4.642e+00	4.000e+02
1.000e+01	4.000e+02
2.154e+01	4.000e+02
4.642e+01	4.000e+02
1.000e+02	4.000e+02
2.154e+02	4.000e+02
4.642e+02	4.000e+02
1.000e+03	4.000e+02
1.000e-06	4.500e+02
2.154e-06	4.500e+02
4.642e-06	4.500e+02
1.000e-05	4.500e+02
2.154e-05	4.500e+02
4.642e-05	4.500e+02
1.000e-04	4.500e+02
2.154e-04	4.500e+02
4.642e-04	4.500e+02
1.000e-03	4.500e+02
2.154e-03	4.500e+02
4.642e-03	4.500e+02
1.000e-02	4.500e+02
2.154e-02	4.500e+02
4.642e-02	4.500e+02
1.000e-01	4.500e+02
2.154e-01	4.500e+02
4.642e-01	4.500e+02
1.000e+00	4.500e+02
2.154e+00	4.500e+02
4.642e+00	4.500e+02
1.000e+01	4.500e+02
2.154e+01	4.500e+02
4.642e+01	4.500e+02
1.000e+02	4.500e+02
2.154e+02	4.500e+02
4.642e+02	4.500e+02
1.000e+03	4.500e+02
1.000e-06	5.000e+02
2.154e-06	5.000e+02
4.642e-06	5.000e+02
1.000e-05	5.000e+02
2.154e-05	5.000e+02
4.642e-05	5.000e+02
1.000e-04	5.000e+02
2.154e-04	5.000e+02
4.642e-04	5.000e+02
1.000e-03	5.000e+02
2.154e-03	5.000e+02
4.642e-03	5.000e+02
1.000e-02	5.000e+02
2.154e-02	5.000e+02
4.642e-02	5.000e+02
1.000e-01	5.000e+02
2.154e-01	5.000e+02
4.642e-01	5.000e+02
1.000e+00	5.000e+02
2.154e+00	5.000e+02
4.642e+00	5.000e+02
1.000e+01	5.000e+02
2.154e+01	5.000e+02
4.642e+01	5.000e+02
1.000e+02	5.000e+02
2.154e+02	5.000e+02
4.642e+02	5.000e+02
1.000e+03	5.000e+02
1.000e-06	5.500e+02
2.154e-06	5.500e+02
4.642e-06	5.500e+02
1.000e-05	5.500e+02
2.154e-05	5.500e+02
4.642e-05	5.500e+02
1.000e-04	5.500e+02
2.154e-04	5.500e+02
4.642e-04	5.500e+02
1.000e-03	5.500e+02
2.154e-03	5.500e+02
4.642e-03	5.500e+02
1.000e-02	5.500e+02
2.154e-02	5.500e+02
4.642e-02	5.500e+02
1.000e-01	5.500e+02
2.154e-01	5.500e+02
4.642e-01	5.500e+02
1.000e+00	5.500e+02
2.154e+00	5.500e+02
4.642e+00	5.500e+02
1.000e+01	5.500e+02
2.154e+01	5.500e+02
4.642e+01	5.500e+02
1.000e+02	5.500e+02
2.154e+02	5.500e+02
4.642e+02	5.500e+02
1.000e+03	5.500e+02
1.000e-06	6.000e+02
2.154e-06	6.000e+02
4.642e-06	6.000e+02
1.000e-05	6.000e+02
2.154e-05	6.000e+02
4.642e-05	6.000e+02
1.000e-04	6.000e+02
2.154e-04	6.000e+02
4.642e-04	6.000e+02
1.000e-03	6.000e+02
2.154e-03	6.000e+02
4.642e-03	6.000e+02
1.000e-02	6.000e+02
2.154e-02	6.000e+02
4.642e-02	6.000e+02
1.000e-01	6.000e+02
2.154e-01	6.000e+02
4.642e-01	6.000e+02
1.000e+00	6.000e+02
2.154e+00	6.000e+02
4.642e+00	6.000e+02
1.000e+01	6.000e+02
2.154e+01	6.000e+02
4.642e+01	6.000e+02
1.000e+02	6.000e+02
2.154e+02	6.000e+02
4.642e+02	6.000e+02
1.000e+03	6.000e+02
1.000e-06	6.500e+02
2.154e-06	6.500e+02
4.642e-06	6.500e+02
1.000e-05	6.500e+02
2.154e-05	6.500e+02
4.642e-05	6.500e+02
1.000e-04	6.500e+02
2.154e-04	6.500e+02
4.642e-04	6.500e+02
1.000e-03	6.500e+02
2.154e-03	6.500e+02
4.642e-03	6.500e+02
1.000e-02	6.500e+02
2.154e-02	6.500e+02
4.642e-02	6.500e+02
1.000e-01	6.500e+02
2.154e-01	6.500e+02
4.642e-01	6.500e+02
1.000e+00	6.500e+02
2.154e+00	6.500e+02
4.642e+00	6.500e+02
1.000e+01	6.500e+02
2.154e+01	6.500e+02
4.642e+01	6.500e+02
1.000e+02	6.500e+02
2.154e+02	6.500e+02
4.642e+02	6.500e+02
1.000e+03	6.500e+02
1.000e-06	7.000e+02
2.154e-06	7.000e+02
4.642e-06	7.000e+02
1.000e-05	7.000e+02
2.154e-05	7.000e+02
4.642e-05	7.000e+02
1.000e-04	7.000e+02
2.154e-04	7.000e+02
4.642e-04	7.000e+02
1.000e-03	7.000e+02
2.154e-03	7.000e+02
4.642e-03	7.000e+02
1.000e-02	7.000e+02
2.154e-02	7.000e+02
4.642e-02	7.000e+02
1.000e-01	7.000e+02
2.154e-01	7.000e+02
4.642e-01	7.000e+02
1.000e+00	7.000e+02
2.154e+00	7.000e+02
4.642e+00	7.000e+02
1.000e+01	7.000e+02
2.154e+01	7.000e+02
4.642e+01	7.000e+02
1.000e+02	7.000e+02
2.154e+02	7.000e+02
4.642e+02	7.000e+02
1.000e+03	7.000e+02
1.000e-06	7.500e+02
2.154e-06	7.500e+02
4.642e-06	7.500e+02
1.000e-05	7.500e+02
2.154e-05	7.500e+02
4.642e-05	7.500e+02
1.000e-04	7.500e+02
2.154e-04	7.500e+02
4.642e-04	7.500e+02
1.000e-03	7.500e+02
2.154e-03	7.500e+02
4.642e-03	7.500e+02
1.000e-02	7.500e+02
2.154e-02	7.500e+02
4.642e-02	7.500e+02
1.000e-01	7.500e+02
2.154e-01	7.500e+02
4.642e-01	7.500e+02
1.000e+00	7.500e+02
2.154e+00	7.500e+02
4.642e+00	7.500e+02
1.000e+01	7.500e+02
2.154e+01	7.500e+02
4.642e+01	7.500e+02
1.000e+02	7.500e+02
2.154e+02	7.500e+02
4.642e+02	7.500e+02
1.000e+03	7.500e+02
1.000e-06	8.000e+02
2.154e-06	8.000e+02
4.642e-06	8.000e+02
1.000e-05	8.000e+02
2.154e-05	8.000e+02
4.642e-05	8.000e+02
1.000e-04	8.000e+02
2.154e-04	8.000e+02
4.642e-04	8.000e+02
1.000e-03	8.000e+02
2.154e-03	8.000e+02
4.642e-03	8.000e+02
1.000e-02	8.000e+02
2.154e-02	8.000e+02
4.642e-02	8.000e+02
1.000e-01	8.000e+02
2.154e-01	8.000e+02
4.642e-01	8.000e+02
1.000e+00	8.000e+02
2.154e+00	8.000e+02
4.642e+00	8.000e+02
1.000e+01	8.000e+02
2.154e+01	8.000e+02
4.642e+01	8.000e+02
1.000e+02	8.000e+02
2.154e+02	8.000e+02
4.642e+02	8.000e+02
1.000e+03	8.000e+02
1.000e-06	8.500e+02
2.154e-06	8.500e+02
4.642e-06	8.500e+02
1.000e-05	8.500e+02
2.154e-05	8.500e+02
4.642e-05	8.500e+02
1.000e-04	8.500e+02
2.154e-04	8.500e+02
4.642e-04	8.500e+02
1.000e-03	8.500e+02
2.154e-03	8.500e+02
4.642e-03	8.500e+02
1.000e-02	8.500e+02
2.154e-02	8.500e+02
4.642e-02	8.500e+02
1.000e-01	8.500e+02
2.154e-01	8.500e+02
4.642e-01	8.500e+02
1.000e+00	8.500e+02
2.154e+00	8.500e+02
4.642e+00	8.500e+02
1.000e+01	8.500e+02
2.154e+01	8.500e+02
4.642e+01	8.500e+02
1.000e+02	8.500e+02
2.154e+02	8.500e+02
4.642e+02	8.500e+02
1.000e+03	8.500e+02
1.000e-06	9.000e+02
2.154e-06	9.000e+02
4.642e-06	9.000e+02
1.000e-05	9.000e+02
2.154e-05	9.000e+02
4.642e-05	9.000e+02
1.000e-04	9.000e+02
2.154e-04	9.000e+02
4.642e-04	9.000e+02
1.000e-03	9.000e+02
2.154e-03	9.000e+02
4.642e-03	9.000e+02
1.000e-02	9.000e+02
2.154e-02	9.000e+02
4.642e-02	9.000e+02
1.000e-01	9.000e+02
2.154e-01	9.000e+02
4.642e-01	9.000e+02
1.000e+00	9.000e+02
2.154e+00	9.000e+02
4.642e+00	9.000e+02
1.000e+01	9.000e+02
2.154e+01	9.000e+02
4.642e+01	9.000e+02
1.000e+02	9.000e+02
2.154e+02	9.000e+02
4.642e+02	9.000e+02
1.000e+03	9.000e+02
1.000e-06	9.500e+02
2.154e-06	9.500e+02
4.642e-06	9.500e+02
1.000e-05	9.500e+02
2.154e-05	9.500e+02
4.642e-05	9.500e+02
1.000e-04	9.500e+02
2.154e-04	9.500e+02
4.642e-04	9.500e+02
1.000e-03	9.500e+02
2.154e-03	9.500e+02
4.642e-03	9.500e+02
1.000e-02	9.500e+02
2.154e-02	9.500e+02
4.642e-02	9.500e+02
1.000e-01	9.500e+02
2.154e-01	9.500e+02
4.642e-01	9.500e+02
1.000e+00	9.500e+02
2.154e+00	9.500e+02
4.642e+00	9.500e+02
1.000e+01	9.500e+02
2.154e+01	9.500e+02
4.642e+01	9.500e+02
1.000e+02	9.500e+02
2.154e+02	9.500e+02
4.642e+02	9.500e+02
1.000e+03	9.500e+02
1.000e-06	1.000e+03
2.154e-06	1.000e+03
4.642e-06	1.000e+03
1.000e-05	1.000e+03
2.154e-05	1.000e+03
4.642e-05	1.000e+03
1.000e-04	1.000e+03
2.154e-04	1.000e+03
4.642e-04	1.000e+03
1.000e-03	1.000e+03
2.154e-03	1.000e+03
4.642e-03	1.000e+03
1.000e-02	1.000e+03
2.154e-02	1.000e+03
4.642e-02	1.000e+03
1.000e-01	1.000e+03
2.154e-01	1.000e+03
4.642e-01	1.000e+03
1.000e+00	1.000e+03
2.154e+00	1.000e+03
4.642e+00	1.000e+03
1.000e+01	1.000e+03
2.154e+01	1.000e+03
4.642e+01	1.000e+03
1.000e+02	1.000e+03
2.154e+02	1.000e+03
4.642e+02	1.000e+03
1.000e+03	1.000e+03
1.000e-06	1.050e+03
2.154e-06	1.050e+03
4.642e-06	1.050e+03
1.000e-05	1.050e+03
2.154e-05	1.050e+03
4.642e-05	1.050e+03
1.000e-04	1.050e+03
2.154e-04	1.050e+03
4.642e-04	1.050e+03
1.000e-03	1.050e+03
2.154e-03	1.050e+03
4.642e-03	1.050e+03
1.000e-02	1.050e+03
2.154e-02	1.050e+03
4.642e-02	1.050e+03
1.000e-01	1.050e+03
2.154e-01	1.050e+03
4.642e-01	1.050e+03
1.000e+00	1.050e+03
2.154e+00	1.050e+03
4.642e+00	1.050e+03
1.000e+01	1.050e+03
2.154e+01	1.050e+03
4.642e+01	1.050e+03
1.000e+02	1.050e+03
2.154e+02	1.050e+03
4.642e+02	1.050e+03
1.000e+03	1.050e+03
1.000e-06	1.100e+03
2.154e-06	1.100e+03
4.642e-06	1.100e+03
1.000e-05	1.100e+03
2.154e-05	1.100e+03
4.642e-05	1.100e+03
1.000e-04	1.100e+03
2.154e-04	1.100e+03
4.642e-04	1.100e+03
1.000e-03	1.100e+03
2.154e-03	1.100e+03
4.642e-03	1.100e+03
1.000e-02	1.100e+03
2.154e-02	1.100e+03
4.642e-02	1.100e+03
1.000e-01	1.100e+03
2.154e-01	1.100e+03
4.642e-01	1.100e+03
1.000e+00	1.100e+03
2.154e+00	1.100e+03
4.642e+00	1.100e+03
1.000e+01	1.100e+03
2.154e+01	1.100e+03
4.642e+01	1.100e+03
1.000e+02	1.100e+03
2.154e+02	1.100e+03
4.642e+02	1.100e+03
1.000e+03	1.100e+03
1.000e-06	1.150e+03
2.154e-06	1.150e+03
4.642e-06	1.150e+03
1.000e-05	1.150e+03
2.154e-05	1.150e+03
4.642e-05	1.150e+03
1.000e-04	1.150e+03
2.154e-04	1.150e+03
4.642e-04	1.150e+03
1.000e-03	1.150e+03
2.154e-03	1.150e+03
4.642e-03	1.150e+03
1.000e-02	1.150e+03
2.154e-02	1.150e+03
4.642e-02	1.150e+03
1.000e-01	1.150e+03
2.154e-01	1.150e+03
4.642e-01	1.150e+03
1.000e+00	1.150e+03
2.154e+00	1.150e+03
4.642e+00	1.150e+03
1.000e+01	1.150e+03
2.154e+01	1.150e+03
4.642e+01	1.150e+03
1.000e+02	1.150e+03
2.154e+02	1.150e+03
4.642e+02	1.150e+03
1.000e+03	1.150e+03
1.000e-06	1.200e+03
2.154e-06	1.200e+03
4.642e-06	1.200e+03
1.000e-05	1.200e+03
2.154e-05	1.200e+03
4.642e-05	1.200e+03
1.000e-04	1.200e+03
2.154e-04	1.200e+03
4.642e-04	1.200e+03
1.000e-03	1.200e+03
2.154e-03	1.200e+03
4.642e-03	1.200e+03
1.000e-02	1.200e+03
2.154e-02	1.200e+03
4.642e-02	1.200e+03
1.000e-01	1.200e+03
2.154e-01	1.200e+03
4.642e-01	1.200e+03
1.000e+00	1.200e+03
2.154e+00	1.200e+03
4.642e+00	1.200e+03
1.000e+01	1.200e+03
2.154e+01	1.200e+03
4.642e+01	1.200e+03
1.000e+02	1.200e+03
2.154e+02	1.200e+03
4.642e+02	1.200e+03
1.000e+03	1.200e+03
1.000e-06	1.250e+03
2.154e-06	1.250e+03
4.642e-06	1.250e+03
1.000e-05	1.250e+03
2.154e-05	1.250e+03
4.642e-05	1.250e+03
1.000e-04	1.250e+03
2.154e-04	1.250e+03
4.642e-04	1.250e+03
1.000e-03	1.250e+03
2.154e-03	1.250e+03
4.642e-03	1.250e+03
1.000e-02	1.250e+03
2.154e-02	1.250e+03
4.642e-02	1.250e+03
1.000e-01	1.250e+03
2.154e-01	1.250e+03
4.642e-01	1.250e+03
1.000e+00	1.250e+03
2.154e+00	1.250e+03
4.642e+00	1.250e+03
1.000e+01	1.250e+03
2.154e+01	1.250e+03
4.642e+01	1.250e+03
1.000e+02	1.250e+03
2.154e+02	1.250e+03
4.642e+02	1.250e+03
1.000e+03	1.250e+03
1.000e-06	1.300e+03
2.154e-06	1.300e+03
4.642e-06	1.300e+03
1.000e-05	1.300e+03
2.154e-05	1.300e+03
4.642e-05	1.300e+03
1.000e-04	1.300e+03
2.154e-04	1.300e+03
4.642e-04	1.300e+03
1.000e-03	1.300e+03
2.154e-03	1.300e+03
4.642e-03	1.300e+03
1.000e-02	1.300e+03
2.154e-02	1.300e+03
4.642e-02	1.300e+03
1.000e-01	1.300e+03
2.154e-01	1.300e+03
4.642e-01	1.300e+03
1.000e+00	1.300e+03
2.154e+00	1.300e+03
4.642e+00	1.300e+03
1.000e+01	1.300e+03
2.154e+01	1.300e+03
4.642e+01	1.300e+03
1.000e+02	1.300e+03
2.154e+02	1.300e+03
4.642e+02	1.300e+03
1.000e+03	1.300e+03
1.000e-06	1.350e+03
2.154e-06	1.350e+03
4.642e-06	1.350e+03
1.000e-05	1.350e+03
2.154e-05	1.350e+03
4.642e-05	1.350e+03
1.000e-04	1.350e+03
2.154e-04	1.350e+03
4.642e-04	1.350e+03
1.000e-03	1.350e+03
2.154e-03	1.350e+03
4.642e-03	1.350e+03
1.000e-02	1.350e+03
2.154e-02	1.350e+03
4.642e-02	1.350e+03
1.000e-01	1.350e+03
2.154e-01	1.350e+03
4.642e-01	1.350e+03
1.000e+00	1.350e+03
2.154e+00	1.350e+03
4.642e+00	1.350e+03
1.000e+01	1.350e+03
2.154e+01	1.350e+03
4.642e+01	1.350e+03
1.000e+02	1.350e+03
2.154e+02	1.350e+03
4.642e+02	1.350e+03
1.000e+03	1.350e+03
1.000e-06	1.400e+03
2.154e-06	1.400e+03
4.642e-06	1.400e+03
1.000e-05	1.400e+03
2.154e-05	1.400e+03
4.642e-05	1.400e+03
1.000e-04	1.400e+03
2.154e-04	1.400e+03
4.642e-04	1.400e+03
1.000e-03	1.400e+03
2.154e-03	1.400e+03
4.642e-03	1.400e+03
1.000e-02	1.400e+03
2.154e-02	1.400e+03
4.642e-02	1.400e+03
1.000e-01	1.400e+03
2.154e-01	1.400e+03
4.642e-01	1.400e+03
1.000e+00	1.400e+03
2.154e+00	1.400e+03
4.642e+00	1.400e+03
1.000e+01	1.400e+03
2.154e+01	1.400e+03
4.642e+01	1.400e+03
1.000e+02	1.400e+03
2.154e+02	1.400e+03
4.642e+02	1.400e+03
1.000e+03	1.400e+03
1.000e-06	1.450e+03
2.154e-06	1.450e+03
4.642e-06	1.450e+03
1.000e-05	1.450e+03
2.154e-05	1.450e+03
4.642e-05	1.450e+03
1.000e-04	1.450e+03
2.154e-04	1.450e+03
4.642e-04	1.450e+03
1.000e-03	1.450e+03
2.154e-03	1.450e+03
4.642e-03	1.450e+03
1.000e-02	1.450e+03
2.154e-02	1.450e+03
4.642e-02	1.450e+03
1.000e-01	1.450e+03
2.154e-01	1.450e+03
4.642e-01	1.450e+03
1.000e+00	1.450e+03
2.154e+00	1.450e+03
4.642e+00	1.450e+03
1.000e+01	1.450e+03
2.154e+01	1.450e+03
4.642e+01	1.450e+03
1.000e+02	1.450e+03
2.154e+02	1.450e+03
4.642e+02	1.450e+03
1.000e+03	1.450e+03
1.000e-06	1.500e+03
2.154e-06	1.500e+03
4.642e-06	1.500e+03
1.000e-05	1.500e+03
2.154e-05	1.500e+03
4.642e-05	1.500e+03
1.000e-04	1.500e+03
2.154e-04	1.500e+03
4.642e-04	1.500e+03
1.000e-03	1.500e+03
2.154e-03	1.500e+03
4.642e-03	1.500e+03
1.000e-02	1.500e+03
2.154e-02	1.500e+03
4.642e-02	1.500e+03
1.000e-01	1.500e+03
2.154e-01	1.500e+03
4.642e-01	1.500e+03
1.000e+00	1.500e+03
2.154e+00	1.500e+03
4.642e+00	1.500e+03
1.000e+01	1.500e+03
2.154e+01	1.500e+03
4.642e+01	1.500e+03
1.000e+02	1.500e+03
2.154e+02	1.500e+03
4.642e+02	1.500e+03
1.000e+03	1.500e+03
1.000e-06	1.550e+03
2.154e-06	1.550e+03
4.642e-06	1.550e+03
1.000e-05	1.550e+03
2.154e-05	1.550e+03
4.642e-05	1.550e+03
1.000e-04	1.550e+03
2.154e-04	1.550e+03
4.642e-04	1.550e+03
1.000e-03	1.550e+03
2.154e-03	1.550e+03
4.642e-03	1.550e+03
1.000e-02	1.550e+03
2.154e-02	1.550e+03
4.642e-02	1.550e+03
1.000e-01	1.550e+03
2.154e-01	1.550e+03
4.642e-01	1.550e+03
1.000e+00	1.550e+03
2.154e+00	1.550e+03
4.642e+00	1.550e+03
1.000e+01	1.550e+03
2.154e+01	1.550e+03
4.642e+01	1.550e+03
1.000e+02	1.550e+03
2.154e+02	1.550e+03
4.642e+02	1.550e+03
1.000e+03	1.550e+03
1.000e-06	1.600e+03
2.154e-06	1.600e+03
4.642e-06	1.600e+03
1.000e-05	1.600e+03
2.154e-05	1.600e+03
4.642e-05	1.600e+03
1.000e-04	1.600e+03
2.154e-04	1.600e+03
4.642e-04	1.600e+03
1.000e-03	1.600e+03
2.154e-03	1.600e+03
4.642e-03	1.600e+03
1.000e-02	1.600e+03
2.154e-02	1.600e+03
4.642e-02	1.600e+03
1.000e-01	1.600e+03
2.154e-01	1.600e+03
4.642e-01	1.600e+03
1.000e+00	1.600e+03
2.154e+00	1.600e+03
4.642e+00	1.600e+03
1.000e+01	1.600e+03
2.154e+01	1.600e+03
4.642e+01	1.600e+03
1.000e+02	1.600e+03
2.154e+02	1.600e+03
4.642e+02	1.600e+03
1.000e+03	1.600e+03
1.000e-06	1.650e+03
2.154e-06	1.650e+03
4.642e-06	1.650e+03
1.000e-05	1.650e+03
2.154e-05	1.650e+03
4.642e-05	1.650e+03
1.000e-04	1.650e+03
2.154e-04	1.650e+03
4.642e-04	1.650e+03
1.000e-03	1.650e+03
2.154e-03	1.650e+03
4.642e-03	1.650e+03
1.000e-02	1.650e+03
2.154e-02	1.650e+03
4.642e-02	1.650e+03
1.000e-01	1.650e+03
2.154e-01	1.650e+03
4.642e-01	1.650e+03
1.000e+00	1.650e+03
2.154e+00	1.650e+03
4.642e+00	1.650e+03
1.000e+01	1.650e+03
2.154e+01	1.650e+03
4.642e+01	1.650e+03
1.000e+02	1.650e+03
2.154e+02	1.650e+03
4.642e+02	1.650e+03
1.000e+03	1.650e+03
1.000e-06	1.700e+03
2.154e-06	1.700e+03
4.642e-06	1.700e+03
1.000e-05	1.700e+03
2.154e-05	1.700e+03
4.642e-05	1.700e+03
1.000e-04	1.700e+03
2.154e-04	1.700e+03
4.642e-04	1.700e+03
1.000e-03	1.700e+03
2.154e-03	1.700e+03
4.642e-03	1.700e+03
1.000e-02	1.700e+03
2.154e-02	1.700e+03
4.642e-02	1.700e+03
1.000e-01	1.700e+03
2.154e-01	1.700e+03
4.642e-01	1.700e+03
1.000e+00	1.700e+03
2.154e+00	1.700e+03
4.642e+00	1.700e+03
1.000e+01	1.700e+03
2.154e+01	1.700e+03
4.642e+01	1.700e+03
1.000e+02	1.700e+03
2.154e+02	1.700e+03
4.642e+02	1.700e+03
1.000e+03	1.700e+03
1.000e-06	1.750e+03
2.154e-06	1.750e+03
4.642e-06	1.750e+03
1.000e-05	1.750e+03
2.154e-05	1.750e+03
4.642e-05	1.750e+03
1.000e-04	1.750e+03
2.154e-04	1.750e+03
4.642e-04	1.750e+03
1.000e-03	1.750e+03
2.154e-03	1.750e+03
4.642e-03	1.750e+03
1.000e-02	1.750e+03
2.154e-02	1.750e+03
4.642e-02	1.750e+03
1.000e-01	1.750e+03
2.154e-01	1.750e+03
4.642e-01	1.750e+03
1.000e+00	1.750e+03
2.154e+00	1.750e+03
4.642e+00	1.750e+03
1.000e+01	1.750e+03
2.154e+01	1.750e+03
4.642e+01	1.750e+03
1.000e+02	1.750e+03
2.154e+02	1.750e+03
4.642e+02	1.750e+03
1.000e+03	1.750e+03
1.000e-06	1.800e+03
2.154e-06	1.800e+03
4.642e-06	1.800e+03
1.000e-05	1.800e+03
2.154e-05	1.800e+03
4.642e-05	1.800e+03
1.000e-04	1.800e+03
2.154e-04	1.800e+03
4.642e-04	1.800e+03
1.000e-03	1.800e+03
2.154e-03	1.800e+03
4.642e-03	1.800e+03
1.000e-02	1.800e+03
2.154e-02	1.800e+03
4.642e-02	1.800e+03
1.000e-01	1.800e+03
2.154e-01	1.800e+03
4.642e-01	1.800e+03
1.000e+00	1.800e+03
2.154e+00	1.800e+03
4.642e+00	1.800e+03
1.000e+01	1.800e+03
2.154e+01	1.800e+03
4.642e+01	1.800e+03
1.000e+02	1.800e+03
2.154e+02	1.800e+03
4.642e+02	1.800e+03
1.000e+03	1.800e+03
1.000e-06	1.850e+03
2.154e-06	1.850e+03
4.642e-06	1.850e+03
1.000e-05	1.850e+03
2.154e-05	1.850e+03
4.642e-05	1.850e+03
1.000e-04	1.850e+03
2.154e-04	1.850e+03
4.642e-04	1.850e+03
1.000e-03	1.850e+03
2.154e-03	1.850e+03
4.642e-03	1.850e+03
1.000e-02	1.850e+03
2.154e-02	1.850e+03
4.642e-02	1.850e+03
1.000e-01	1.850e+03
2.154e-01	1.850e+03
4.642e-01	1.850e+03
1.000e+00	1.850e+03
2.154e+00	1.850e+03
4.642e+00	1.850e+03
1.000e+01	1.850e+03
2.154e+01	1.850e+03
4.642e+01	1.850e+03
1.000e+02	1.850e+03
2.154e+02	1.850e+03
4.642e+02	1.850e+03
1.000e+03	1.850e+03
1.000e-06	1.900e+03
2.154e-06	1.900e+03
4.642e-06	1.900e+03
1.000e-05	1.900e+03
2.154e-05	1.900e+03
4.642e-05	1.900e+03
1.000e-04	1.900e+03
2.154e-04	1.900e+03
4.642e-04	1.900e+03
1.000e-03	1.900e+03
2.154e-03	1.900e+03
4.642e-03	1.900e+03
1.000e-02	1.900e+03
2.154e-02	1.900e+03
4.642e-02	1.900e+03
1.000e-01	1.900e+03
2.154e-01	1.900e+03
4.642e-01	1.900e+03
1.000e+00	1.900e+03
2.154e+00	1.900e+03
4.642e+00	1.900e+03
1.000e+01	1.900e+03
2.154e+01	1.900e+03
4.642e+01	1.900e+03
1.000e+02	1.900e+03
2.154e+02	1.900e+03
4.642e+02	1.900e+03
1.000e+03	1.900e+03
1.000e-06	1.950e+03
2.154e-06	1.950e+03
4.642e-06	1.950e+03
1.000e-05	1.950e+03
2.154e-05	1.950e+03
4.642e-05	1.950e+03
1.000e-04	1.950e+03
2.154e-04	1.950e+03
4.642e-04	1.950e+03
1.000e-03	1.950e+03
2.154e-03	1.950e+03
4.642e-03	1.950e+03
1.000e-02	1.950e+03
2.154e-02	1.950e+03
4.642e-02	1.950e+03
1.000e-01	1.950e+03
2.154e-01	1.950e+03
4.642e-01	1.950e+03
1.000e+00	1.950e+03
2.154e+00	1.950e+03
4.642e+00	1.950e+03
1.000e+01	1.950e+03
2.154e+01	1.950e+03
4.642e+01	1.950e+03
1.000e+02	1.950e+03
2.154e+02	1.950e+03
4.642e+02	1.950e+03
1.000e+03	1.950e+03
1.000e-06	2.000e+03
2.154e-06	2.000e+03
4.642e-06	2.000e+03
1.000e-05	2.000e+03
2.154e-05	2.000e+03
4.642e-05	2.000e+03
1.000e-04	2.000e+03
2.154e-04	2.000e+03
4.642e-04	2.000e+03
1.000e-03	2.000e+03
2.154e-03	2.000e+03
4.642e-03	2.000e+03
1.000e-02	2.000e+03
2.154e-02	2.000e+03
4.642e-02	2.000e+03
1.000e-01	2.000e+03
2.154e-01	2.000e+03
4.642e-01	2.000e+03
1.000e+00	2.000e+03
2.154e+00	2.000e+03
4.642e+00	2.000e+03
1.000e+01	2.000e+03
2.154e+01	2.000e+03
4.642e+01	2.000e+03
1.000e+02	2.000e+03
2.154e+02	2.000e+03
4.642e+02	2.000e+03
1.000e+03	2.000e+03
1.000e-06	2.050e+03
2.154e-06	2.050e+03
4.642e-06	2.050e+03
1.000e-05	2.050e+03
2.154e-05	2.050e+03
4.642e-05	2.050e+03
1.000e-04	2.050e+03
2.154e-04	2.050e+03
4.642e-04	2.050e+03
1.000e-03	2.050e+03
2.154e-03	2.050e+03
4.642e-03	2.050e+03
1.000e-02	2.050e+03
2.154e-02	2.050e+03
4.642e-02	2.050e+03
1.000e-01	2.050e+03
2.154e-01	2.050e+03
4.642e-01	2.050e+03
1.000e+00	2.050e+03
2.154e+00	2.050e+03
4.642e+00	2.050e+03
1.000e+01	2.050e+03
2.154e+01	2.050e+03
4.642e+01	2.050e+03
1.000e+02	2.050e+03
2.154e+02	2.050e+03
4.642e+02	2.050e+03
1.000e+03	2.050e+03
1.000e-06	2.100e+03
2.154e-06	2.100e+03
4.642e-06	2.100e+03
1.000e-05	2.100e+03
2.154e-05	2.100e+03
4.642e-05	2.100e+03
1.000e-04	2.100e+03
2.154e-04	2.100e+03
4.642e-04	2.100e+03
1.000e-03	2.100e+03
2.154e-03	2.100e+03
4.642e-03	2.100e+03
1.000e-02	2.100e+03
2.154e-02	2.100e+03
4.642e-02	2.100e+03
1.000e-01	2.100e+03
2.154e-01	2.100e+03
4.642e-01	2.100e+03
1.000e+00	2.100e+03
2.154e+00	2.100e+03
4.642e+00	2.100e+03
1.000e+01	2.100e+03
2.154e+01	2.100e+03
4.642e+01	2.100e+03
1.000e+02	2.100e+03
2.154e+02	2.100e+03
4.642e+02	2.100e+03
1.000e+03	2.100e+03
1.000e-06	2.150e+03
2.154e-06	2.150e+03
4.642e-06	2.150e+03
1.000e-05	2.150e+03
2.154e-05	2.150e+03
4.642e-05	2.150e+03
1.000e-04	2.150e+03
2.154e-04	2.150e+03
4.642e-04	2.150e+03
1.000e-03	2.150e+03
2.154e-03	2.150e+03
4.642e-03	2.150e+03
1.000e-02	2.150e+03
2.154e-02	2.150e+03
4.642e-02	2.150e+03
1.000e-01	2.150e+03
2.154e-01	2.150e+03
4.642e-01	2.150e+03
1.000e+00	2.150e+03
2.154e+00	2.150e+03
4.642e+00	2.150e+03
1.000e+01	2.150e+03
2.154e+01	2.150e+03
4.642e+01	2.150e+03
1.000e+02	2.150e+03
2.154e+02	2.150e+03
4.642e+02	2.150e+03
1.000e+03	2.150e+03
1.000e-06	2.200e+03
2.154e-06	2.200e+03
4.642e-06	2.200e+03
1.000e-05	2.200e+03
2.154e-05	2.200e+03
4.642e-05	2.200e+03
1.000e-04	2.200e+03
2.154e-04	2.200e+03
4.642e-04	2.200e+03
1.000e-03	2.200e+03
2.154e-03	2.200e+03
4.642e-03	2.200e+03
1.000e-02	2.200e+03
2.154e-02	2.200e+03
4.642e-02	2.200e+03
1.000e-01	2.200e+03
2.154e-01	2.200e+03
4.642e-01	2.200e+03
1.000e+00	2.200e+03
2.154e+00	2.200e+03
4.642e+00	2.200e+03
1.000e+01	2.200e+03
2.154e+01	2.200e+03
4.642e+01	2.200e+03
1.000e+02	2.200e+03
2.154e+02	2.200e+03
4.642e+02	2.200e+03
1.000e+03	2.200e+03
1.000e-06	2.250e+03
2.154e-06	2.250e+03
4.642e-06	2.250e+03
1.000e-05	2.250e+03
2.154e-05	2.250e+03
4.642e-05	2.250e+03
1.000e-04	2.250e+03
2.154e-04	2.250e+03
4.642e-04	2.250e+03
1.000e-03	2.250e+03
2.154e-03	2.250e+03
4.642e-03	2.250e+03
1.000e-02	2.250e+03
2.154e-02	2.250e+03
4.642e-02	2.250e+03
1.000e-01	2.250e+03
2.154e-01	2.250e+03
4.642e-01	2.250e+03
1.000e+00	2.250e+03
2.154e+00	2.250e+03
4.642e+00	2.250e+03
1.000e+01	2.250e+03
2.154e+01	2.250e+03
4.642e+01	2.250e+03
1.000e+02	2.250e+03
2.154e+02	2.250e+03
4.642e+02	2.250e+03
1.000e+03	2.250e+03
1.000e-06	2.300e+03
2.154e-06	2.300e+03
4.642e-06	2.300e+03
1.000e-05	2.300e+03
2.154e-05	2.300e+03
4.642e-05	2.300e+03
1.000e-04	2.300e+03
2.154e-04	2.300e+03
4.642e-04	2.300e+03
1.000e-03	2.300e+03
2.154e-03	2.300e+03
4.642e-03	2.300e+03
1.000e-02	2.300e+03
2.154e-02	2.300e+03
4.642e-02	2.300e+03
1.000e-01	2.300e+03
2.154e-01	2.300e+03
4.642e-01	2.300e+03
1.000e+00	2.300e+03
2.154e+00	2.300e+03
4.642e+00	2.300e+03
1.000e+01	2.300e+03
2.154e+01	2.300e+03
4.642e+01	2.300e+03
1.000e+02	2.300e+03
2.154e+02	2.300e+03
4.642e+02	2.300e+03
1.000e+03	2.300e+03
1.000e-06	2.350e+03
2.154e-06	2.350e+03
4.642e-06	2.350e+03
1.000e-05	2.350e+03
2.154e-05	2.350e+03
4.642e-05	2.350e+03
1.000e-04	2.350e+03
2.154e-04	2.350e+03
4.642e-04	2.350e+03
1.000e-03	2.350e+03
2.154e-03	2.350e+03
4.642e-03	2.350e+03
1.000e-02	2.350e+03
2.154e-02	2.350e+03
4.642e-02	2.350e+03
1.000e-01	2.350e+03
2.154e-01	2.350e+03
4.642e-01	2.350e+03
1.000e+00	2.350e+03
2.154e+00	2.350e+03
4.642e+00	2.350e+03
1.000e+01	2.350e+03
2.154e+01	2.350e+03
4.642e+01	2.350e+03
1.000e+02	2.350e+03
2.154e+02	2.350e+03
4.642e+02	2.350e+03
1.000e+03	2.350e+03
1.000e-06	2.400e+03
2.154e-06	2.400e+03
4.642e-06	2.400e+03
1.000e-05	2.400e+03
2.154e-05	2.400e+03
4.642e-05	2.400e+03
1.000e-04	2.400e+03
2.154e-04	2.400e+03
4.642e-04	2.400e+03
1.000e-03	2.400e+03
2.154e-03	2.400e+03
4.642e-03	2.400e+03
1.000e-02	2.400e+03
2.154e-02	2.400e+03
4.642e-02	2.400e+03
1.000e-01	2.400e+03
2.154e-01	2.400e+03
4.642e-01	2.400e+03
1.000e+00	2.400e+03
2.154e+00	2.400e+03
4.642e+00	2.400e+03
1.000e+01	2.400e+03
2.154e+01	2.400e+03
4.642e+01	2.400e+03
1.000e+02	2.400e+03
2.154e+02	2.400e+03
4.642e+02	2.400e+03
1.000e+03	2.400e+03
1.000e-06	2.450e+03
2.154e-06	2.450e+03
4.642e-06	2.450e+03
1.000e-05	2.450e+03
2.154e-05	2.450e+03
4.642e-05	2.450e+03
1.000e-04	2.450e+03
2.154e-04	2.450e+03
4.642e-04	2.450e+03
1.000e-03	2.450e+03
2.154e-03	2.450e+03
4.642e-03	2.450e+03
1.000e-02	2.450e+03
2.154e-02	2.450e+03
4.642e-02	2.450e+03
1.000e-01	2.450e+03
2.154e-01	2.450e+03
4.642e-01	2.450e+03
1.000e+00	2.450e+03
2.154e+00	2.450e+03
4.642e+00	2.450e+03
1.000e+01	2.450e+03
2.154e+01	2.450e+03
4.642e+01	2.450e+03
1.000e+02	2.450e+03
2.154e+02	2.450e+03
4.642e+02	2.450e+03
1.000e+03	2.450e+03
1.000e-06	2.500e+03
2.154e-06	2.500e+03
4.642e-06	2.500e+03
1.000e-05	2.500e+03
2.154e-05	2.500e+03
4.642e-05	2.500e+03
1.000e-04	2.500e+03
2.154e-04	2.500e+03
4.642e-04	2.500e+03
1.000e-03	2.500e+03
2.154e-03	2.500e+03
4.642e-03	2.500e+03
1.000e-02	2.500e+03
2.154e-02	2.500e+03
4.642e-02	2.500e+03
1.000e-01	2.500e+03
2.154e-01	2.500e+03
4.642e-01	2.500e+03
1.000e+00	2.500e+03
2.154e+00	2.500e+03
4.642e+00	2.500e+03
1.000e+01	2.500e+03
2.154e+01	2.500e+03
4.642e+01	2.500e+03
1.000e+02	2.500e+03
2.154e+02	2.500e+03
4.642e+02	2.500e+03
1.000e+03	2.500e+03
1.000e-06	2.550e+03
2.154e-06	2.550e+03
4.642e-06	2.550e+03
1.000e-05	2.550e+03
2.154e-05	2.550e+03
4.642e-05	2.550e+03
1.000e-04	2.550e+03
2.154e-04	2.550e+03
4.642e-04	2.550e+03
1.000e-03	2.550e+03
2.154e-03	2.550e+03
4.642e-03	2.550e+03
1.000e-02	2.550e+03
2.154e-02	2.550e+03
4.642e-02	2.550e+03
1.000e-01	2.550e+03
2.154e-01	2.550e+03
4.642e-01	2.550e+03
1.000e+00	2.550e+03
2.154e+00	2.550e+03
4.642e+00	2.550e+03
1.000e+01	2.550e+03
2.154e+01	2.550e+03
4.642e+01	2.550e+03
1.000e+02	2.550e+03
2.154e+02	2.550e+03
4.642e+02	2.550e+03
1.000e+03	2.550e+03
1.000e-06	2.600e+03
2.154e-06	2.600e+03
4.642e-06	2.600e+03
1.000e-05	2.600e+03
2.154e-05	2.600e+03
4.642e-05	2.600e+03
1.000e-04	2.600e+03
2.154e-04	2.600e+03
4.642e-04	2.600e+03
1.000e-03	2.600e+03
2.154e-03	2.600e+03
4.642e-03	2.600e+03
1.000e-02	2.600e+03
2.154e-02	2.600e+03
4.642e-02	2.600e+03
1.000e-01	2.600e+03
2.154e-01	2.600e+03
4.642e-01	2.600e+03
1.000e+00	2.600e+03
2.154e+00	2.600e+03
4.642e+00	2.600e+03
1.000e+01	2.600e+03
2.154e+01	2.600e+03
4.642e+01	2.600e+03
1.000e+02	2.600e+03
2.154e+02	2.600e+03
4.642e+02	2.600e+03
1.000e+03	2.600e+03
1.000e-06	2.650e+03
2.154e-06	2.650e+03
4.642e-06	2.650e+03
1.000e-05	2.650e+03
2.154e-05	2.650e+03
4.642e-05	2.650e+03
1.000e-04	2.650e+03
2.154e-04	2.650e+03
4.642e-04	2.650e+03
1.000e-03	2.650e+03
2.154e-03	2.650e+03
4.642e-03	2.650e+03
1.000e-02	2.650e+03
2.154e-02	2.650e+03
4.642e-02	2.650e+03
1.000e-01	2.650e+03
2.154e-01	2.650e+03
4.642e-01	2.650e+03
1.000e+00	2.650e+03
2.154e+00	2.650e+03
4.642e+00	2.650e+03
1.000e+01	2.650e+03
2.154e+01	2.650e+03
4.642e+01	2.650e+03
1.000e+02	2.650e+03
2.154e+02	2.650e+03
4.642e+02	2.650e+03
1.000e+03	2.650e+03
1.000e-06	2.700e+03
2.154e-06	2.700e+03
4.642e-06	2.700e+03
1.000e-05	2.700e+03
2.154e-05	2.700e+03
4.642e-05	2.700e+03
1.000e-04	2.700e+03
2.154e-04	2.700e+03
4.642e-04	2.700e+03
1.000e-03	2.700e+03
2.154e-03	2.700e+03
4.642e-03	2.700e+03
1.000e-02	2.700e+03
2.154e-02	2.700e+03
4.642e-02	2.700e+03
1.000e-01	2.700e+03
2.154e-01	2.700e+03
4.642e-01	2.700e+03
1.000e+00	2.700e+03
2.154e+00	2.700e+03
4.642e+00	2.700e+03
1.000e+01	2.700e+03
2.154e+01	2.700e+03
4.642e+01	2.700e+03
1.000e+02	2.700e+03
2.154e+02	2.700e+03
4.642e+02	2.700e+03
1.000e+03	2.700e+03
1.000e-06	2.750e+03
2.154e-06	2.750e+03
4.642e-06	2.750e+03
1.000e-05	2.750e+03
2.154e-05	2.750e+03
4.642e-05	2.750e+03
1.000e-04	2.750e+03
2.154e-04	2.750e+03
4.642e-04	2.750e+03
1.000e-03	2.750e+03
2.154e-03	2.750e+03
4.642e-03	2.750e+03
1.000e-02	2.750e+03
2.154e-02	2.750e+03
4.642e-02	2.750e+03
1.000e-01	2.750e+03
2.154e-01	2.750e+03
4.642e-01	2.750e+03
1.000e+00	2.750e+03
2.154e+00	2.750e+03
4.642e+00	2.750e+03
1.000e+01	2.750e+03
2.154e+01	2.750e+03
4.642e+01	2.750e+03
1.000e+02	2.750e+03
2.154e+02	2.750e+03
4.642e+02	2.750e+03
1.000e+03	2.750e+03
1.000e-06	2.800e+03
2.154e-06	2.800e+03
4.642e-06	2.800e+03
1.000e-05	2.800e+03
2.154e-05	2.800e+03
4.642e-05	2.800e+03
1.000e-04	2.800e+03
2.154e-04	2.800e+03
4.642e-04	2.800e+03
1.000e-03	2.800e+03
2.154e-03	2.800e+03
4.642e-03	2.800e+03
1.000e-02	2.800e+03
2.154e-02	2.800e+03
4.642e-02	2.800e+03
1.000e-01	2.800e+03
2.154e-01	2.800e+03
4.642e-01	2.800e+03
1.000e+00	2.800e+03
2.154e+00	2.800e+03
4.642e+00	2.800e+03
1.000e+01	2.800e+03
2.154e+01	2.800e+03
4.642e+01	2.800e+03
1.000e+02	2.800e+03
2.154e+02	2.800e+03
4.642e+02	2.800e+03
1.000e+03	2.800e+03
1.000e-06	2.850e+03
2.154e-06	2.850e+03
4.642e-06	2.850e+03
1.000e-05	2.850e+03
2.154e-05	2.850e+03
4.642e-05	2.850e+03
1.000e-04	2.850e+03
2.154e-04	2.850e+03
4.642e-04	2.850e+03
1.000e-03	2.850e+03
2.154e-03	2.850e+03
4.642e-03	2.850e+03
1.000e-02	2.850e+03
2.154e-02	2.850e+03
4.642e-02	2.850e+03
1.000e-01	2.850e+03
2.154e-01	2.850e+03
4.642e-01	2.850e+03
1.000e+00	2.850e+03
2.154e+00	2.850e+03
4.642e+00	2.850e+03
1.000e+01	2.850e+03
2.154e+01	2.850e+03
4.642e+01	2.850e+03
1.000e+02	2.850e+03
2.154e+02	2.850e+03
4.642e+02	2.850e+03
1.000e+03	2.850e+03
1.000e-06	2.900e+03
2.154e-06	2.900e+03
4.642e-06	2.900e+03
1.000e-05	2.900e+03
2.154e-05	2.900e+03
4.642e-05	2.900e+03
1.000e-04	2.900e+03
2.154e-04	2.900e+03
4.642e-04	2.900e+03
1.000e-03	2.900e+03
2.154e-03	2.900e+03
4.642e-03	2.900e+03
1.000e-02	2.900e+03
2.154e-02	2.900e+03
4.642e-02	2.900e+03
1.000e-01	2.900e+03
2.154e-01	2.900e+03
4.642e-01	2.900e+03
1.000e+00	2.900e+03
2.154e+00	2.900e+03
4.642e+00	2.900e+03
1.000e+01	2.900e+03
2.154e+01	2.900e+03
4.642e+01	2.900e+03
1.000e+02	2.900e+03
2.154e+02	2.900e+03
4.642e+02	2.900e+03
1.000e+03	2.900e+03
1.000e-06	2.950e+03
2.154e-06	2.950e+03
4.642e-06	2.950e+03
1.000e-05	2.950e+03
2.154e-05	2.950e+03
4.642e-05	2.950e+03
1.000e-04	2.950e+03
2.154e-04	2.950e+03
4.642e-04	2.950e+03
1.000e-03	2.950e+03
2.154e-03	2.950e+03
4.642e-03	2.950e+03
1.000e-02	2.950e+03
2.154e-02	2.950e+03
4.642e-02	2.950e+03
1.000e-01	2.950e+03
2.154e-01	2.950e+03
4.642e-01	2.950e+03
1.000e+00	2.950e+03
2.154e+00	2.950e+03
4.642e+00	2.950e+03
1.000e+01	2.950e+03
2.154e+01	2.950e+03
4.642e+01	2.950e+03
1.000e+02	2.950e+03
2.154e+02	2.950e+03
4.642e+02	2.950e+03
1.000e+03	2.950e+03
1.000e-06	3.000e+03
2.154e-06	3.000e+03
4.642e-06	3.000e+03
1.000e-05	3.000e+03
2.154e-05	3.000e+03
4.642e-05	3.000e+03
1.000e-04	3.000e+03
2.154e-04	3.000e+03
4.642e-04	3.000e+03
1.000e-03	3.000e+03
2.154e-03	3.000e+03
4.642e-03	3.000e+03
1.000e-02	3.000e+03
2.154e-02	3.000e+03
4.642e-02	3.000e+03
1.000e-01	3.000e+03
2.154e-01	3.000e+03
4.642e-01	3.000e+03
1.000e+00	3.000e+03
2.154e+00	3.000e+03
4.642e+00	3.000e+03
1.000e+01	3.000e+03
2.154e+01	3.000e+03
4.642e+01	3.000e+03
1.000e+02	3.000e+03
2.154e+02	3.000e+03
4.642e+02	3.000e+03
1.000e+03	3.000e+03
1.000e-06	3.050e+03
2.154e-06	3.050e+03
4.642e-06	3.050e+03
1.000e-05	3.050e+03
2.154e-05	3.050e+03
4.642e-05	3.050e+03
1.000e-04	3.050e+03
2.154e-04	3.050e+03
4.642e-04	3.050e+03
1.000e-03	3.050e+03
2.154e-03	3.050e+03
4.642e-03	3.050e+03
1.000e-02	3.050e+03
2.154e-02	3.050e+03
4.642e-02	3.050e+03
1.000e-01	3.050e+03
2.154e-01	3.050e+03
4.642e-01	3.050e+03
1.000e+00	3.050e+03
2.154e+00	3.050e+03
4.642e+00	3.050e+03
1.000e+01	3.050e+03
2.154e+01	3.050e+03
4.642e+01	3.050e+03
1.000e+02	3.050e+03
2.154e+02	3.050e+03
4.642e+02	3.050e+03
1.000e+03	3.050e+03
1.000e-06	3.100e+03
2.154e-06	3.100e+03
4.642e-06	3.100e+03
1.000e-05	3.100e+03
2.154e-05	3.100e+03
4.642e-05	3.100e+03
1.000e-04	3.100e+03
2.154e-04	3.100e+03
4.642e-04	3.100e+03
1.000e-03	3.100e+03
2.154e-03	3.100e+03
4.642e-03	3.100e+03
1.000e-02	3.100e+03
2.154e-02	3.100e+03
4.642e-02	3.100e+03
1.000e-01	3.100e+03
2.154e-01	3.100e+03
4.642e-01	3.100e+03
1.000e+00	3.100e+03
2.154e+00	3.100e+03
4.642e+00	3.100e+03
1.000e+01	3.100e+03
2.154e+01	3.100e+03
4.642e+01	3.100e+03
1.000e+02	3.100e+03
2.154e+02	3.100e+03
4.642e+02	3.100e+03
1.000e+03	3.100e+03
1.000e-06	3.150e+03
2.154e-06	3.150e+03
4.642e-06	3.150e+03
1.000e-05	3.150e+03
2.154e-05	3.150e+03
4.642e-05	3.150e+03
1.000e-04	3.150e+03
2.154e-04	3.150e+03
4.642e-04	3.150e+03
1.000e-03	3.150e+03
2.154e-03	3.150e+03
4.642e-03	3.150e+03
1.000e-02	3.150e+03
2.154e-02	3.150e+03
4.642e-02	3.150e+03
1.000e-01	3.150e+03
2.154e-01	3.150e+03
4.642e-01	3.150e+03
1.000e+00	3.150e+03
2.154e+00	3.150e+03
4.642e+00	3.150e+03
1.000e+01	3.150e+03
2.154e+01	3.150e+03
4.642e+01	3.150e+03
1.000e+02	3.150e+03
2.154e+02	3.150e+03
4.642e+02	3.150e+03
1.000e+03	3.150e+03
1.000e-06	3.200e+03
2.154e-06	3.200e+03
4.642e-06	3.200e+03
1.000e-05	3.200e+03
2.154e-05	3.200e+03
4.642e-05	3.200e+03
1.000e-04	3.200e+03
2.154e-04	3.200e+03
4.642e-04	3.200e+03
1.000e-03	3.200e+03
2.154e-03	3.200e+03
4.642e-03	3.200e+03
1.000e-02	3.200e+03
2.154e-02	3.200e+03
4.642e-02	3.200e+03
1.000e-01	3.200e+03
2.154e-01	3.200e+03
4.642e-01	3.200e+03
1.000e+00	3.200e+03
2.154e+00	3.200e+03
4.642e+00	3.200e+03
1.000e+01	3.200e+03
2.154e+01	3.200e+03
4.642e+01	3.200e+03
1.000e+02	3.200e+03
2.154e+02	3.200e+03
4.642e+02	3.200e+03
1.000e+03	3.200e+03
1.000e-06	3.250e+03
2.154e-06	3.250e+03
4.642e-06	3.250e+03
1.000e-05	3.250e+03
2.154e-05	3.250e+03
4.642e-05	3.250e+03
1.000e-04	3.250e+03
2.154e-04	3.250e+03
4.642e-04	3.250e+03
1.000e-03	3.250e+03
2.154e-03	3.250e+03
4.642e-03	3.250e+03
1.000e-02	3.250e+03
2.154e-02	3.250e+03
4.642e-02	3.250e+03
1.000e-01	3.250e+03
2.154e-01	3.250e+03
4.642e-01	3.250e+03
1.000e+00	3.250e+03
2.154e+00	3.250e+03
4.642e+00	3.250e+03
1.000e+01	3.250e+03
2.154e+01	3.250e+03
4.642e+01	3.250e+03
1.000e+02	3.250e+03
2.154e+02	3.250e+03
4.642e+02	3.250e+03
1.000e+03	3.250e+03
1.000e-06	3.300e+03
2.154e-06	3.300e+03
4.642e-06	3.300e+03
1.000e-05	3.300e+03
2.154e-05	3.300e+03
4.642e-05	3.300e+03
1.000e-04	3.300e+03
2.154e-04	3.300e+03
4.642e-04	3.300e+03
1.000e-03	3.300e+03
2.154e-03	3.300e+03
4.642e-03	3.300e+03
1.000e-02	3.300e+03
2.154e-02	3.300e+03
4.642e-02	3.300e+03
1.000e-01	3.300e+03
2.154e-01	3.300e+03
4.642e-01	3.300e+03
1.000e+00	3.300e+03
2.154e+00	3.300e+03
4.642e+00	3.300e+03
1.000e+01	3.300e+03
2.154e+01	3.300e+03
4.642e+01	3.300e+03
1.000e+02	3.300e+03
2.154e+02	3.300e+03
4.642e+02	3.300e+03
1.000e+03	3.300e+03
1.000e-06	3.350e+03
2.154e-06	3.350e+03
4.642e-06	3.350e+03
1.000e-05	3.350e+03
2.154e-05	3.350e+03
4.642e-05	3.350e+03
1.000e-04	3.350e+03
2.154e-04	3.350e+03
4.642e-04	3.350e+03
1.000e-03	3.350e+03
2.154e-03	3.350e+03
4.642e-03	3.350e+03
1.000e-02	3.350e+03
2.154e-02	3.350e+03
4.642e-02	3.350e+03
1.000e-01	3.350e+03
2.154e-01	3.350e+03
4.642e-01	3.350e+03
1.000e+00	3.350e+03
2.154e+00	3.350e+03
4.642e+00	3.350e+03
1.000e+01	3.350e+03
2.154e+01	3.350e+03
4.642e+01	3.350e+03
1.000e+02	3.350e+03
2.154e+02	3.350e+03
4.642e+02	3.350e+03
1.000e+03	3.350e+03
1.000e-06	3.400e+03
2.154e-06	3.400e+03
4.642e-06	3.400e+03
1.000e-05	3.400e+03
2.154e-05	3.400e+03
4.642e-05	3.400e+03
1.000e-04	3.400e+03
2.154e-04	3.400e+03
4.642e-04	3.400e+03
1.000e-03	3.400e+03
2.154e-03	3.400e+03
4.642e-03	3.400e+03
1.000e-02	3.400e+03
2.154e-02	3.400e+03
4.642e-02	3.400e+03
1.000e-01	3.400e+03
2.154e-01	3.400e+03
4.642e-01	3.400e+03
1.000e+00	3.400e+03
2.154e+00	3.400e+03
4.642e+00	3.400e+03
1.000e+01	3.400e+03
2.154e+01	3.400e+03
4.642e+01	3.400e+03
1.000e+02	3.400e+03
2.154e+02	3.400e+03
4.642e+02	3.400e+03
1.000e+03	3.400e+03
1.000e-06	3.450e+03
2.154e-06	3.450e+03
4.642e-06	3.450e+03
1.000e-05	3.450e+03
2.154e-05	3.450e+03
4.642e-05	3.450e+03
1.000e-04	3.450e+03
2.154e-04	3.450e+03
4.642e-04	3.450e+03
1.000e-03	3.450e+03
2.154e-03	3.450e+03
4.642e-03	3.450e+03
1.000e-02	3.450e+03
2.154e-02	3.450e+03
4.642e-02	3.450e+03
1.000e-01	3.450e+03
2.154e-01	3.450e+03
4.642e-01	3.450e+03
1.000e+00	3.450e+03
2.154e+00	3.450e+03
4.642e+00	3.450e+03
1.000e+01	3.450e+03
2.154e+01	3.450e+03
4.642e+01	3.450e+03
1.000e+02	3.450e+03
2.154e+02	3.450e+03
4.642e+02	3.450e+03
1.000e+03	3.450e+03
1.000e-06	3.500e+03
2.154e-06	3.500e+03
4.642e-06	3.500e+03
1.000e-05	3.500e+03
2.154e-05	3.500e+03
4.642e-05	3.500e+03
1.000e-04	3.500e+03
2.154e-04	3.500e+03
4.642e-04	3.500e+03
1.000e-03	3.500e+03
2.154e-03	3.500e+03
4.642e-03	3.500e+03
1.000e-02	3.500e+03
2.154e-02	3.500e+03
4.642e-02	3.500e+03
1.000e-01	3.500e+03
2.154e-01	3.500e+03
4.642e-01	3.500e+03
1.000e+00	3.500e+03
2.154e+00	3.500e+03
4.642e+00	3.500e+03
1.000e+01	3.500e+03
2.154e+01	3.500e+03
4.642e+01	3.500e+03
1.000e+02	3.500e+03
2.154e+02	3.500e+03
4.642e+02	3.500e+03
1.000e+03	3.500e+03
1.000e-06	3.550e+03
2.154e-06	3.550e+03
4.642e-06	3.550e+03
1.000e-05	3.550e+03
2.154e-05	3.550e+03
4.642e-05	3.550e+03
1.000e-04	3.550e+03
2.154e-04	3.550e+03
4.642e-04	3.550e+03
1.000e-03	3.550e+03
2.154e-03	3.550e+03
4.642e-03	3.550e+03
1.000e-02	3.550e+03
2.154e-02	3.550e+03
4.642e-02	3.550e+03
1.000e-01	3.550e+03
2.154e-01	3.550e+03
4.642e-01	3.550e+03
1.000e+00	3.550e+03
2.154e+00	3.550e+03
4.642e+00	3.550e+03
1.000e+01	3.550e+03
2.154e+01	3.550e+03
4.642e+01	3.550e+03
1.000e+02	3.550e+03
2.154e+02	3.550e+03
4.642e+02	3.550e+03
1.000e+03	3.550e+03
1.000e-06	3.600e+03
2.154e-06	3.600e+03
4.642e-06	3.600e+03
1.000e-05	3.600e+03
2.154e-05	3.600e+03
4.642e-05	3.600e+03
1.000e-04	3.600e+03
2.154e-04	3.600e+03
4.642e-04	3.600e+03
1.000e-03	3.600e+03
2.154e-03	3.600e+03
4.642e-03	3.600e+03
1.000e-02	3.600e+03
2.154e-02	3.600e+03
4.642e-02	3.600e+03
1.000e-01	3.600e+03
2.154e-01	3.600e+03
4.642e-01	3.600e+03
1.000e+00	3.600e+03
2.154e+00	3.600e+03
4.642e+00	3.600e+03
1.000e+01	3.600e+03
2.154e+01	3.600e+03
4.642e+01	3.600e+03
1.000e+02	3.600e+03
2.154e+02	3.600e+03
4.642e+02	3.600e+03
1.000e+03	3.600e+03
1.000e-06	3.650e+03
2.154e-06	3.650e+03
4.642e-06	3.650e+03
1.000e-05	3.650e+03
2.154e-05	3.650e+03
4.642e-05	3.650e+03
1.000e-04	3.650e+03
2.154e-04	3.650e+03
4.642e-04	3.650e+03
1.000e-03	3.650e+03
2.154e-03	3.650e+03
4.642e-03	3.650e+03
1.000e-02	3.650e+03
2.154e-02	3.650e+03
4.642e-02	3.650e+03
1.000e-01	3.650e+03
2.154e-01	3.650e+03
4.642e-01	3.650e+03
1.000e+00	3.650e+03
2.154e+00	3.650e+03
4.642e+00	3.650e+03
1.000e+01	3.650e+03
2.154e+01	3.650e+03
4.642e+01	3.650e+03
1.000e+02	3.650e+03
2.154e+02	3.650e+03
4.642e+02	3.650e+03
1.000e+03	3.650e+03
1.000e-06	3.700e+03
2.154e-06	3.700e+03
4.642e-06	3.700e+03
1.000e-05	3.700e+03
2.154e-05	3.700e+03
4.642e-05	3.700e+03
1.000e-04	3.700e+03
2.154e-04	3.700e+03
4.642e-04	3.700e+03
1.000e-03	3.700e+03
2.154e-03	3.700e+03
4.642e-03	3.700e+03
1.000e-02	3.700e+03
2.154e-02	3.700e+03
4.642e-02	3.700e+03
1.000e-01	3.700e+03
2.154e-01	3.700e+03
4.642e-01	3.700e+03
1.000e+00	3.700e+03
2.154e+00	3.700e+03
4.642e+00	3.700e+03
1.000e+01	3.700e+03
2.154e+01	3.700e+03
4.642e+01	3.700e+03
1.000e+02	3.700e+03
2.154e+02	3.700e+03
4.642e+02	3.700e+03
1.000e+03	3.700e+03
1.000e-06	3.750e+03
2.154e-06	3.750e+03
4.642e-06	3.750e+03
1.000e-05	3.750e+03
2.154e-05	3.750e+03
4.642e-05	3.750e+03
1.000e-04	3.750e+03
2.154e-04	3.750e+03
4.642e-04	3.750e+03
1.000e-03	3.750e+03
2.154e-03	3.750e+03
4.642e-03	3.750e+03
1.000e-02	3.750e+03
2.154e-02	3.750e+03
4.642e-02	3.750e+03
1.000e-01	3.750e+03
2.154e-01	3.750e+03
4.642e-01	3.750e+03
1.000e+00	3.750e+03
2.154e+00	3.750e+03
4.642e+00	3.750e+03
1.000e+01	3.750e+03
2.154e+01	3.750e+03
4.642e+01	3.750e+03
1.000e+02	3.750e+03
2.154e+02	3.750e+03
4.642e+02	3.750e+03
1.000e+03	3.750e+03
1.000e-06	3.800e+03
2.154e-06	3.800e+03
4.642e-06	3.800e+03
1.000e-05	3.800e+03
2.154e-05	3.800e+03
4.642e-05	3.800e+03
1.000e-04	3.800e+03
2.154e-04	3.800e+03
4.642e-04	3.800e+03
1.000e-03	3.800e+03
2.154e-03	3.800e+03
4.642e-03	3.800e+03
1.000e-02	3.800e+03
2.154e-02	3.800e+03
4.642e-02	3.800e+03
1.000e-01	3.800e+03
2.154e-01	3.800e+03
4.642e-01	3.800e+03
1.000e+00	3.800e+03
2.154e+00	3.800e+03
4.642e+00	3.800e+03
1.000e+01	3.800e+03
2.154e+01	3.800e+03
4.642e+01	3.800e+03
1.000e+02	3.800e+03
2.154e+02	3.800e+03
4.642e+02	3.800e+03
1.000e+03	3.800e+03
1.000e-06	3.850e+03
2.154e-06	3.850e+03
4.642e-06	3.850e+03
1.000e-05	3.850e+03
2.154e-05	3.850e+03
4.642e-05	3.850e+03
1.000e-04	3.850e+03
2.154e-04	3.850e+03
4.642e-04	3.850e+03
1.000e-03	3.850e+03
2.154e-03	3.850e+03
4.642e-03	3.850e+03
1.000e-02	3.850e+03
2.154e-02	3.850e+03
4.642e-02	3.850e+03
1.000e-01	3.850e+03
2.154e-01	3.850e+03
4.642e-01	3.850e+03
1.000e+00	3.850e+03
2.154e+00	3.850e+03
4.642e+00	3.850e+03
1.000e+01	3.850e+03
2.154e+01	3.850e+03
4.642e+01	3.850e+03
1.000e+02	3.850e+03
2.154e+02	3.850e+03
4.642e+02	3.850e+03
1.000e+03	3.850e+03
1.000e-06	3.900e+03
2.154e-06	3.900e+03
4.642e-06	3.900e+03
1.000e-05	3.900e+03
2.154e-05	3.900e+03
4.642e-05	3.900e+03
1.000e-04	3.900e+03
2.154e-04	3.900e+03
4.642e-04	3.900e+03
1.000e-03	3.900e+03
2.154e-03	3.900e+03
4.642e-03	3.900e+03
1.000e-02	3.900e+03
2.154e-02	3.900e+03
4.642e-02	3.900e+03
1.000e-01	3.900e+03
2.154e-01	3.900e+03
4.642e-01	3.900e+03
1.000e+00	3.900e+03
2.154e+00	3.900e+03
4.642e+00	3.900e+03
1.000e+01	3.900e+03
2.154e+01	3.900e+03
4.642e+01	3.900e+03
1.000e+02	3.900e+03
2.154e+02	3.900e+03
4.642e+02	3.900e+03
1.000e+03	3.900e+03
1.000e-06	3.950e+03
2.154e-06	3.950e+03
4.642e-06	3.950e+03
1.000e-05	3.950e+03
2.154e-05	3.950e+03
4.642e-05	3.950e+03
1.000e-04	3.950e+03
2.154e-04	3.950e+03
4.642e-04	3.950e+03
1.000e-03	3.950e+03
2.154e-03	3.950e+03
4.642e-03	3.950e+03
1.000e-02	3.950e+03
2.154e-02	3.950e+03
4.642e-02	3.950e+03
1.000e-01	3.950e+03
2.154e-01	3.950e+03
4.642e-01	3.950e+03
1.000e+00	3.950e+03
2.154e+00	3.950e+03
4.642e+00	3.950e+03
1.000e+01	3.950e+03
2.154e+01	3.950e+03
4.642e+01	3.950e+03
1.000e+02	3.950e+03
2.154e+02	3.950e+03
4.642e+02	3.950e+03
1.000e+03	3.950e+03
1.000e-06	4.000e+03
2.154e-06	4.000e+03
4.642e-06	4.000e+03
1.000e-05	4.000e+03
2.154e-05	4.000e+03
4.642e-05	4.000e+03
1.000e-04	4.000e+03
2.154e-04	4.000e+03
4.642e-04	4.000e+03
1.000e-03	4.000e+03
2.154e-03	4.000e+03
4.642e-03	4.000e+03
1.000e-02	4.000e+03
2.154e-02	4.000e+03
4.642e-02	4.000e+03
1.000e-01	4.000e+03
2.154e-01	4.000e+03
4.642e-01	4.000e+03
1.000e+00	4.000e+03
2.154e+00	4.000e+03
4.642e+00	4.000e+03
1.000e+01	4.000e+03
2.154e+01	4.000e+03
4.642e+01	4.000e+03
1.000e+02	4.000e+03
2.154e+02	4.000e+03
4.642e+02	4.000e+03
1.000e+03	4.000e+03
1.000e-06	4.050e+03
2.154e-06	4.050e+03
4.642e-06	4.050e+03
1.000e-05	4.050e+03
2.154e-05	4.050e+03
4.642e-05	4.050e+03
1.000e-04	4.050e+03
2.154e-04	4.050e+03
4.642e-04	4.050e+03
1.000e-03	4.050e+03
2.154e-03	4.050e+03
4.642e-03	4.050e+03
1.000e-02	4.050e+03
2.154e-02	4.050e+03
4.642e-02	4.050e+03
1.000e-01	4.050e+03
2.154e-01	4.050e+03
4.642e-01	4.050e+03
1.000e+00	4.050e+03
2.154e+00	4.050e+03
4.642e+00	4.050e+03
1.000e+01	4.050e+03
2.154e+01	4.050e+03
4.642e+01	4.050e+03
1.000e+02	4.050e+03
2.154e+02	4.050e+03
4.642e+02	4.050e+03
1.000e+03	4.050e+03
1.000e-06	4.100e+03
2.154e-06	4.100e+03
4.642e-06	4.100e+03
1.000e-05	4.100e+03
2.154e-05	4.100e+03
4.642e-05	4.100e+03
1.000e-04	4.100e+03
2.154e-04	4.100e+03
4.642e-04	4.100e+03
1.000e-03	4.100e+03
2.154e-03	4.100e+03
4.642e-03	4.100e+03
1.000e-02	4.100e+03
2.154e-02	4.100e+03
4.642e-02	4.100e+03
1.000e-01	4.100e+03
2.154e-01	4.100e+03
4.642e-01	4.100e+03
1.000e+00	4.100e+03
2.154e+00	4.100e+03
4.642e+00	4.100e+03
1.000e+01	4.100e+03
2.154e+01	4.100e+03
4.642e+01	4.100e+03
1.000e+02	4.100e+03
2.154e+02	4.100e+03
4.642e+02	4.100e+03
1.000e+03	4.100e+03
1.000e-06	4.150e+03
2.154e-06	4.150e+03
4.642e-06	4.150e+03
1.000e-05	4.150e+03
2.154e-05	4.150e+03
4.642e-05	4.150e+03
1.000e-04	4.150e+03
2.154e-04	4.150e+03
4.642e-04	4.150e+03
1.000e-03	4.150e+03
2.154e-03	4.150e+03
4.642e-03	4.150e+03
1.000e-02	4.150e+03
2.154e-02	4.150e+03
4.642e-02	4.150e+03
1.000e-01	4.150e+03
2.154e-01	4.150e+03
4.642e-01	4.150e+03
1.000e+00	4.150e+03
2.154e+00	4.150e+03
4.642e+00	4.150e+03
1.000e+01	4.150e+03
2.154e+01	4.150e+03
4.642e+01	4.150e+03
1.000e+02	4.150e+03
2.154e+02	4.150e+03
4.642e+02	4.150e+03
1.000e+03	4.150e+03
1.000e-06	4.200e+03
2.154e-06	4.200e+03
4.642e-06	4.200e+03
1.000e-05	4.200e+03
2.154e-05	4.200e+03
4.642e-05	4.200e+03
1.000e-04	4.200e+03
2.154e-04	4.200e+03
4.642e-04	4.200e+03
1.000e-03	4.200e+03
2.154e-03	4.200e+03
4.642e-03	4.200e+03
1.000e-02	4.200e+03
2.154e-02	4.200e+03
4.642e-02	4.200e+03
1.000e-01	4.200e+03
2.154e-01	4.200e+03
4.642e-01	4.200e+03
1.000e+00	4.200e+03
2.154e+00	4.200e+03
4.642e+00	4.200e+03
1.000e+01	4.200e+03
2.154e+01	4.200e+03
4.642e+01	4.200e+03
1.000e+02	4.200e+03
2.154e+02	4.200e+03
4.642e+02	4.200e+03
1.000e+03	4.200e+03
1.000e-06	4.250e+03
2.154e-06	4.250e+03
4.642e-06	4.250e+03
1.000e-05	4.250e+03
2.154e-05	4.250e+03
4.642e-05	4.250e+03
1.000e-04	4.250e+03
2.154e-04	4.250e+03
4.642e-04	4.250e+03
1.000e-03	4.250e+03
2.154e-03	4.250e+03
4.642e-03	4.250e+03
1.000e-02	4.250e+03
2.154e-02	4.250e+03
4.642e-02	4.250e+03
1.000e-01	4.250e+03
2.154e-01	4.250e+03
4.642e-01	4.250e+03
1.000e+00	4.250e+03
2.154e+00	4.250e+03
4.642e+00	4.250e+03
1.000e+01	4.250e+03
2.154e+01	4.250e+03
4.642e+01	4.250e+03
1.000e+02	4.250e+03
2.154e+02	4.250e+03
4.642e+02	4.250e+03
1.000e+03	4.250e+03
1.000e-06	4.300e+03
2.154e-06	4.300e+03
4.642e-06	4.300e+03
1.000e-05	4.300e+03
2.154e-05	4.300e+03
4.642e-05	4.300e+03
1.000e-04	4.300e+03
2.154e-04	4.300e+03
4.642e-04	4.300e+03
1.000e-03	4.300e+03
2.154e-03	4.300e+03
4.642e-03	4.300e+03
1.000e-02	4.300e+03
2.154e-02	4.300e+03
4.642e-02	4.300e+03
1.000e-01	4.300e+03
2.154e-01	4.300e+03
4.642e-01	4.300e+03
1.000e+00	4.300e+03
2.154e+00	4.300e+03
4.642e+00	4.300e+03
1.000e+01	4.300e+03
2.154e+01	4.300e+03
4.642e+01	4.300e+03
1.000e+02	4.300e+03
2.154e+02	4.300e+03
4.642e+02	4.300e+03
1.000e+03	4.300e+03
1.000e-06	4.350e+03
2.154e-06	4.350e+03
4.642e-06	4.350e+03
1.000e-05	4.350e+03
2.154e-05	4.350e+03
4.642e-05	4.350e+03
1.000e-04	4.350e+03
2.154e-04	4.350e+03
4.642e-04	4.350e+03
1.000e-03	4.350e+03
2.154e-03	4.350e+03
4.642e-03	4.350e+03
1.000e-02	4.350e+03
2.154e-02	4.350e+03
4.642e-02	4.350e+03
1.000e-01	4.350e+03
2.154e-01	4.350e+03
4.642e-01	4.350e+03
1.000e+00	4.350e+03
2.154e+00	4.350e+03
4.642e+00	4.350e+03
1.000e+01	4.350e+03
2.154e+01	4.350e+03
4.642e+01	4.350e+03
1.000e+02	4.350e+03
2.154e+02	4.350e+03
4.642e+02	4.350e+03
1.000e+03	4.350e+03
1.000e-06	4.400e+03
2.154e-06	4.400e+03
4.642e-06	4.400e+03
1.000e-05	4.400e+03
2.154e-05	4.400e+03
4.642e-05	4.400e+03
1.000e-04	4.400e+03
2.154e-04	4.400e+03
4.642e-04	4.400e+03
1.000e-03	4.400e+03
2.154e-03	4.400e+03
4.642e-03	4.400e+03
1.000e-02	4.400e+03
2.154e-02	4.400e+03
4.642e-02	4.400e+03
1.000e-01	4.400e+03
2.154e-01	4.400e+03
4.642e-01	4.400e+03
1.000e+00	4.400e+03
2.154e+00	4.400e+03
4.642e+00	4.400e+03
1.000e+01	4.400e+03
2.154e+01	4.400e+03
4.642e+01	4.400e+03
1.000e+02	4.400e+03
2.154e+02	4.400e+03
4.642e+02	4.400e+03
1.000e+03	4.400e+03
1.000e-06	4.450e+03
2.154e-06	4.450e+03
4.642e-06	4.450e+03
1.000e-05	4.450e+03
2.154e-05	4.450e+03
4.642e-05	4.450e+03
1.000e-04	4.450e+03
2.154e-04	4.450e+03
4.642e-04	4.450e+03
1.000e-03	4.450e+03
2.154e-03	4.450e+03
4.642e-03	4.450e+03
1.000e-02	4.450e+03
2.154e-02	4.450e+03
4.642e-02	4.450e+03
1.000e-01	4.450e+03
2.154e-01	4.450e+03
4.642e-01	4.450e+03
1.000e+00	4.450e+03
2.154e+00	4.450e+03
4.642e+00	4.450e+03
1.000e+01	4.450e+03
2.154e+01	4.450e+03
4.642e+01	4.450e+03
1.000e+02	4.450e+03
2.154e+02	4.450e+03
4.642e+02	4.450e+03
1.000e+03	4.450e+03
1.000e-06	4.500e+03
2.154e-06	4.500e+03
4.642e-06	4.500e+03
1.000e-05	4.500e+03
2.154e-05	4.500e+03
4.642e-05	4.500e+03
1.000e-04	4.500e+03
2.154e-04	4.500e+03
4.642e-04	4.500e+03
1.000e-03	4.500e+03
2.154e-03	4.500e+03
4.642e-03	4.500e+03
1.000e-02	4.500e+03
2.154e-02	4.500e+03
4.642e-02	4.500e+03
1.000e-01	4.500e+03
2.154e-01	4.500e+03
4.642e-01	4.500e+03
1.000e+00	4.500e+03
2.154e+00	4.500e+03
4.642e+00	4.500e+03
1.000e+01	4.500e+03
2.154e+01	4.500e+03
4.642e+01	4.500e+03
1.000e+02	4.500e+03
2.154e+02	4.500e+03
4.642e+02	4.500e+03
1.000e+03	4.500e+03
1.000e-06	4.550e+03
2.154e-06	4.550e+03
4.642e-06	4.550e+03
1.000e-05	4.550e+03
2.154e-05	4.550e+03
4.642e-05	4.550e+03
1.000e-04	4.550e+03
2.154e-04	4.550e+03
4.642e-04	4.550e+03
1.000e-03	4.550e+03
2.154e-03	4.550e+03
4.642e-03	4.550e+03
1.000e-02	4.550e+03
2.154e-02	4.550e+03
4.642e-02	4.550e+03
1.000e-01	4.550e+03
2.154e-01	4.550e+03
4.642e-01	4.550e+03
1.000e+00	4.550e+03
2.154e+00	4.550e+03
4.642e+00	4.550e+03
1.000e+01	4.550e+03
2.154e+01	4.550e+03
4.642e+01	4.550e+03
1.000e+02	4.550e+03
2.154e+02	4.550e+03
4.642e+02	4.550e+03
1.000e+03	4.550e+03
1.000e-06	4.600e+03
2.154e-06	4.600e+03
4.642e-06	4.600e+03
1.000e-05	4.600e+03
2.154e-05	4.600e+03
4.642e-05	4.600e+03
1.000e-04	4.600e+03
2.154e-04	4.600e+03
4.642e-04	4.600e+03
1.000e-03	4.600e+03
2.154e-03	4.600e+03
4.642e-03	4.600e+03
1.000e-02	4.600e+03
2.154e-02	4.600e+03
4.642e-02	4.600e+03
1.000e-01	4.600e+03
2.154e-01	4.600e+03
4.642e-01	4.600e+03
1.000e+00	4.600e+03
2.154e+00	4.600e+03
4.642e+00	4.600e+03
1.000e+01	4.600e+03
2.154e+01	4.600e+03
4.642e+01	4.600e+03
1.000e+02	4.600e+03
2.154e+02	4.600e+03
4.642e+02	4.600e+03
1.000e+03	4.600e+03
1.000e-06	4.650e+03
2.154e-06	4.650e+03
4.642e-06	4.650e+03
1.000e-05	4.650e+03
2.154e-05	4.650e+03
4.642e-05	4.650e+03
1.000e-04	4.650e+03
2.154e-04	4.650e+03
4.642e-04	4.650e+03
1.000e-03	4.650e+03
2.154e-03	4.650e+03
4.642e-03	4.650e+03
1.000e-02	4.650e+03
2.154e-02	4.650e+03
4.642e-02	4.650e+03
1.000e-01	4.650e+03
2.154e-01	4.650e+03
4.642e-01	4.650e+03
1.000e+00	4.650e+03
2.154e+00	4.650e+03
4.642e+00	4.650e+03
1.000e+01	4.650e+03
2.154e+01	4.650e+03
4.642e+01	4.650e+03
1.000e+02	4.650e+03
2.154e+02	4.650e+03
4.642e+02	4.650e+03
1.000e+03	4.650e+03
1.000e-06	4.700e+03
2.154e-06	4.700e+03
4.642e-06	4.700e+03
1.000e-05	4.700e+03
2.154e-05	4.700e+03
4.642e-05	4.700e+03
1.000e-04	4.700e+03
2.154e-04	4.700e+03
4.642e-04	4.700e+03
1.000e-03	4.700e+03
2.154e-03	4.700e+03
4.642e-03	4.700e+03
1.000e-02	4.700e+03
2.154e-02	4.700e+03
4.642e-02	4.700e+03
1.000e-01	4.700e+03
2.154e-01	4.700e+03
4.642e-01	4.700e+03
1.000e+00	4.700e+03
2.154e+00	4.700e+03
4.642e+00	4.700e+03
1.000e+01	4.700e+03
2.154e+01	4.700e+03
4.642e+01	4.700e+03
1.000e+02	4.700e+03
2.154e+02	4.700e+03
4.642e+02	4.700e+03
1.000e+03	4.700e+03
1.000e-06	4.750e+03
2.154e-06	4.750e+03
4.642e-06	4.750e+03
1.000e-05	4.750e+03
2.154e-05	4.750e+03
4.642e-05	4.750e+03
1.000e-04	4.750e+03
2.154e-04	4.750e+03
4.642e-04	4.750e+03
1.000e-03	4.750e+03
2.154e-03	4.750e+03
4.642e-03	4.750e+03
1.000e-02	4.750e+03
2.154e-02	4.750e+03
4.642e-02	4.750e+03
1.000e-01	4.750e+03
2.154e-01	4.750e+03
4.642e-01	4.750e+03
1.000e+00	4.750e+03
2.154e+00	4.750e+03
4.642e+00	4.750e+03
1.000e+01	4.750e+03
2.154e+01	4.750e+03
4.642e+01	4.750e+03
1.000e+02	4.750e+03
2.154e+02	4.750e+03
4.642e+02	4.750e+03
1.000e+03	4.750e+03
1.000e-06	4.800e+03
2.154e-06	4.800e+03
4.642e-06	4.800e+03
1.000e-05	4.800e+03
2.154e-05	4.800e+03
4.642e-05	4.800e+03
1.000e-04	4.800e+03
2.154e-04	4.800e+03
4.642e-04	4.800e+03
1.000e-03	4.800e+03
2.154e-03	4.800e+03
4.642e-03	4.800e+03
1.000e-02	4.800e+03
2.154e-02	4.800e+03
4.642e-02	4.800e+03
1.000e-01	4.800e+03
2.154e-01	4.800e+03
4.642e-01	4.800e+03
1.000e+00	4.800e+03
2.154e+00	4.800e+03
4.642e+00	4.800e+03
1.000e+01	4.800e+03
2.154e+01	4.800e+03
4.642e+01	4.800e+03
1.000e+02	4.800e+03
2.154e+02	4.800e+03
4.642e+02	4.800e+03
1.000e+03	4.800e+03
1.000e-06	4.850e+03
2.154e-06	4.850e+03
4.642e-06	4.850e+03
1.000e-05	4.850e+03
2.154e-05	4.850e+03
4.642e-05	4.850e+03
1.000e-04	4.850e+03
2.154e-04	4.850e+03
4.642e-04	4.850e+03
1.000e-03	4.850e+03
2.154e-03	4.850e+03
4.642e-03	4.850e+03
1.000e-02	4.850e+03
2.154e-02	4.850e+03
4.642e-02	4.850e+03
1.000e-01	4.850e+03
2.154e-01	4.850e+03
4.642e-01	4.850e+03
1.000e+00	4.850e+03
2.154e+00	4.850e+03
4.642e+00	4.850e+03
1.000e+01	4.850e+03
2.154e+01	4.850e+03
4.642e+01	4.850e+03
1.000e+02	4.850e+03
2.154e+02	4.850e+03
4.642e+02	4.850e+03
1.000e+03	4.850e+03
1.000e-06	4.900e+03
2.154e-06	4.900e+03
4.642e-06	4.900e+03
1.000e-05	4.900e+03
2.154e-05	4.900e+03
4.642e-05	4.900e+03
1.000e-04	4.900e+03
2.154e-04	4.900e+03
4.642e-04	4.900e+03
1.000e-03	4.900e+03
2.154e-03	4.900e+03
4.642e-03	4.900e+03
1.000e-02	4.900e+03
2.154e-02	4.900e+03
4.642e-02	4.900e+03
1.000e-01	4.900e+03
2.154e-01	4.900e+03
4.642e-01	4.900e+03
1.000e+00	4.900e+03
2.154e+00	4.900e+03
4.642e+00	4.900e+03
1.000e+01	4.900e+03
2.154e+01	4.900e+03
4.642e+01	4.900e+03
1.000e+02	4.900e+03
2.154e+02	4.900e+03
4.642e+02	4.900e+03
1.000e+03	4.900e+03
1.000e-06	4.950e+03
2.154e-06	4.950e+03
4.642e-06	4.950e+03
1.000e-05	4.950e+03
2.154e-05	4.950e+03
4.642e-05	4.950e+03
1.000e-04	4.950e+03
2.154e-04	4.950e+03
4.642e-04	4.950e+03
1.000e-03	4.950e+03
2.154e-03	4.950e+03
4.642e-03	4.950e+03
1.000e-02	4.950e+03
2.154e-02	4.950e+03
4.642e-02	4.950e+03
1.000e-01	4.950e+03
2.154e-01	4.950e+03
4.642e-01	4.950e+03
1.000e+00	4.950e+03
2.154e+00	4.950e+03
4.642e+00	4.950e+03
1.000e+01	4.950e+03
2.154e+01	4.950e+03
4.642e+01	4.950e+03
1.000e+02	4.950e+03
2.154e+02	4.950e+03
4.642e+02	4.950e+03
1.000e+03	4.950e+03
1.000e-06	5.000e+03
2.154e-06	5.000e+03
4.642e-06	5.000e+03
1.000e-05	5.000e+03
2.154e-05	5.000e+03
4.642e-05	5.000e+03
1.000e-04	5.000e+03
2.154e-04	5.000e+03
4.642e-04	5.000e+03
1.000e-03	5.000e+03
2.154e-03	5.000e+03
4.642e-03	5.000e+03
1.000e-02	5.000e+03
2.154e-02	5.000e+03
4.642e-02	5.000e+03
1.000e-01	5.000e+03
2.154e-01	5.000e+03
4.642e-01	5.000e+03
1.000e+00	5.000e+03
2.154e+00	5.000e+03
4.642e+00	5.000e+03
1.000e+01	5.000e+03
2.154e+01	5.000e+03
4.642e+01	5.000e+03
1.000e+02	5.000e+03
2.154e+02	5.000e+03
4.642e+02	5.000e+03
1.000e+03	5.000e+03
1.000e-06	5.050e+03
2.154e-06	5.050e+03
4.642e-06	5.050e+03
1.000e-05	5.050e+03
2.154e-05	5.050e+03
4.642e-05	5.050e+03
1.000e-04	5.050e+03
2.154e-04	5.050e+03
4.642e-04	5.050e+03
1.000e-03	5.050e+03
2.154e-03	5.050e+03
4.642e-03	5.050e+03
1.000e-02	5.050e+03
2.154e-02	5.050e+03
4.642e-02	5.050e+03
1.000e-01	5.050e+03
2.154e-01	5.050e+03
4.642e-01	5.050e+03
1.000e+00	5.050e+03
2.154e+00	5.050e+03
4.642e+00	5.050e+03
1.000e+01	5.050e+03
2.154e+01	5.050e+03
4.642e+01	5.050e+03
1.000e+02	5.050e+03
2.154e+02	5.050e+03
4.642e+02	5.050e+03
1.000e+03	5.050e+03
1.000e-06	5.100e+03
2.154e-06	5.100e+03
4.642e-06	5.100e+03
1.000e-05	5.100e+03
2.154e-05	5.100e+03
4.642e-05	5.100e+03
1.000e-04	5.100e+03
2.154e-04	5.100e+03
4.642e-04	5.100e+03
1.000e-03	5.100e+03
2.154e-03	5.100e+03
4.642e-03	5.100e+03
1.000e-02	5.100e+03
2.154e-02	5.100e+03
4.642e-02	5.100e+03
1.000e-01	5.100e+03
2.154e-01	5.100e+03
4.642e-01	5.100e+03
1.000e+00	5.100e+03
2.154e+00	5.100e+03
4.642e+00	5.100e+03
1.000e+01	5.100e+03
2.154e+01	5.100e+03
4.642e+01	5.100e+03
1.000e+02	5.100e+03
2.154e+02	5.100e+03
4.642e+02	5.100e+03
1.000e+03	5.100e+03
1.000e-06	5.150e+03
2.154e-06	5.150e+03
4.642e-06	5.150e+03
1.000e-05	5.150e+03
2.154e-05	5.150e+03
4.642e-05	5.150e+03
1.000e-04	5.150e+03
2.154e-04	5.150e+03
4.642e-04	5.150e+03
1.000e-03	5.150e+03
2.154e-03	5.150e+03
4.642e-03	5.150e+03
1.000e-02	5.150e+03
2.154e-02	5.150e+03
4.642e-02	5.150e+03
1.000e-01	5.150e+03
2.154e-01	5.150e+03
4.642e-01	5.150e+03
1.000e+00	5.150e+03
2.154e+00	5.150e+03
4.642e+00	5.150e+03
1.000e+01	5.150e+03
2.154e+01	5.150e+03
4.642e+01	5.150e+03
1.000e+02	5.150e+03
2.154e+02	5.150e+03
4.642e+02	5.150e+03
1.000e+03	5.150e+03
1.000e-06	5.200e+03
2.154e-06	5.200e+03
4.642e-06	5.200e+03
1.000e-05	5.200e+03
2.154e-05	5.200e+03
4.642e-05	5.200e+03
1.000e-04	5.200e+03
2.154e-04	5.200e+03
4.642e-04	5.200e+03
1.000e-03	5.200e+03
2.154e-03	5.200e+03
4.642e-03	5.200e+03
1.000e-02	5.200e+03
2.154e-02	5.200e+03
4.642e-02	5.200e+03
1.000e-01	5.200e+03
2.154e-01	5.200e+03
4.642e-01	5.200e+03
1.000e+00	5.200e+03
2.154e+00	5.200e+03
4.642e+00	5.200e+03
1.000e+01	5.200e+03
2.154e+01	5.200e+03
4.642e+01	5.200e+03
1.000e+02	5.200e+03
2.154e+02	5.200e+03
4.642e+02	5.200e+03
1.000e+03	5.200e+03
1.000e-06	5.250e+03
2.154e-06	5.250e+03
4.642e-06	5.250e+03
1.000e-05	5.250e+03
2.154e-05	5.250e+03
4.642e-05	5.250e+03
1.000e-04	5.250e+03
2.154e-04	5.250e+03
4.642e-04	5.250e+03
1.000e-03	5.250e+03
2.154e-03	5.250e+03
4.642e-03	5.250e+03
1.000e-02	5.250e+03
2.154e-02	5.250e+03
4.642e-02	5.250e+03
1.000e-01	5.250e+03
2.154e-01	5.250e+03
4.642e-01	5.250e+03
1.000e+00	5.250e+03
2.154e+00	5.250e+03
4.642e+00	5.250e+03
1.000e+01	5.250e+03
2.154e+01	5.250e+03
4.642e+01	5.250e+03
1.000e+02	5.250e+03
2.154e+02	5.250e+03
4.642e+02	5.250e+03
1.000e+03	5.250e+03
1.000e-06	5.300e+03
2.154e-06	5.300e+03
4.642e-06	5.300e+03
1.000e-05	5.300e+03
2.154e-05	5.300e+03
4.642e-05	5.300e+03
1.000e-04	5.300e+03
2.154e-04	5.300e+03
4.642e-04	5.300e+03
1.000e-03	5.300e+03
2.154e-03	5.300e+03
4.642e-03	5.300e+03
1.000e-02	5.300e+03
2.154e-02	5.300e+03
4.642e-02	5.300e+03
1.000e-01	5.300e+03
2.154e-01	5.300e+03
4.642e-01	5.300e+03
1.000e+00	5.300e+03
2.154e+00	5.300e+03
4.642e+00	5.300e+03
1.000e+01	5.300e+03
2.154e+01	5.300e+03
4.642e+01	5.300e+03
1.000e+02	5.300e+03
2.154e+02	5.300e+03
4.642e+02	5.300e+03
1.000e+03	5.300e+03
1.000e-06	5.350e+03
2.154e-06	5.350e+03
4.642e-06	5.350e+03
1.000e-05	5.350e+03
2.154e-05	5.350e+03
4.642e-05	5.350e+03
1.000e-04	5.350e+03
2.154e-04	5.350e+03
4.642e-04	5.350e+03
1.000e-03	5.350e+03
2.154e-03	5.350e+03
4.642e-03	5.350e+03
1.000e-02	5.350e+03
2.154e-02	5.350e+03
4.642e-02	5.350e+03
1.000e-01	5.350e+03
2.154e-01	5.350e+03
4.642e-01	5.350e+03
1.000e+00	5.350e+03
2.154e+00	5.350e+03
4.642e+00	5.350e+03
1.000e+01	5.350e+03
2.154e+01	5.350e+03
4.642e+01	5.350e+03
1.000e+02	5.350e+03
2.154e+02	5.350e+03
4.642e+02	5.350e+03
1.000e+03	5.350e+03
1.000e-06	5.400e+03
2.154e-06	5.400e+03
4.642e-06	5.400e+03
1.000e-05	5.400e+03
2.154e-05	5.400e+03
4.642e-05	5.400e+03
1.000e-04	5.400e+03
2.154e-04	5.400e+03
4.642e-04	5.400e+03
1.000e-03	5.400e+03
2.154e-03	5.400e+03
4.642e-03	5.400e+03
1.000e-02	5.400e+03
2.154e-02	5.400e+03
4.642e-02	5.400e+03
1.000e-01	5.400e+03
2.154e-01	5.400e+03
4.642e-01	5.400e+03
1.000e+00	5.400e+03
2.154e+00	5.400e+03
4.642e+00	5.400e+03
1.000e+01	5.400e+03
2.154e+01	5.400e+03
4.642e+01	5.400e+03
1.000e+02	5.400e+03
2.154e+02	5.400e+03
4.642e+02	5.400e+03
1.000e+03	5.400e+03
1.000e-06	5.450e+03
2.154e-06	5.450e+03
4.642e-06	5.450e+03
1.000e-05	5.450e+03
2.154e-05	5.450e+03
4.642e-05	5.450e+03
1.000e-04	5.450e+03
2.154e-04	5.450e+03
4.642e-04	5.450e+03
1.000e-03	5.450e+03
2.154e-03	5.450e+03
4.642e-03	5.450e+03
1.000e-02	5.450e+03
2.154e-02	5.450e+03
4.642e-02	5.450e+03
1.000e-01	5.450e+03
2.154e-01	5.450e+03
4.642e-01	5.450e+03
1.000e+00	5.450e+03
2.154e+00	5.450e+03
4.642e+00	5.450e+03
1.000e+01	5.450e+03
2.154e+01	5.450e+03
4.642e+01	5.450e+03
1.000e+02	5.450e+03
2.154e+02	5.450e+03
4.642e+02	5.450e+03
1.000e+03	5.450e+03
1.000e-06	5.500e+03
2.154e-06	5.500e+03
4.642e-06	5.500e+03
1.000e-05	5.500e+03
2.154e-05	5.500e+03
4.642e-05	5.500e+03
1.000e-04	5.500e+03
2.154e-04	5.500e+03
4.642e-04	5.500e+03
1.000e-03	5.500e+03
2.154e-03	5.500e+03
4.642e-03	5.500e+03
1.000e-02	5.500e+03
2.154e-02	5.500e+03
4.642e-02	5.500e+03
1.000e-01	5.500e+03
2.154e-01	5.500e+03
4.642e-01	5.500e+03
1.000e+00	5.500e+03
2.154e+00	5.500e+03
4.642e+00	5.500e+03
1.000e+01	5.500e+03
2.154e+01	5.500e+03
4.642e+01	5.500e+03
1.000e+02	5.500e+03
2.154e+02	5.500e+03
4.642e+02	5.500e+03
1.000e+03	5.500e+03
1.000e-06	5.550e+03
2.154e-06	5.550e+03
4.642e-06	5.550e+03
1.000e-05	5.550e+03
2.154e-05	5.550e+03
4.642e-05	5.550e+03
1.000e-04	5.550e+03
2.154e-04	5.550e+03
4.642e-04	5.550e+03
1.000e-03	5.550e+03
2.154e-03	5.550e+03
4.642e-03	5.550e+03
1.000e-02	5.550e+03
2.154e-02	5.550e+03
4.642e-02	5.550e+03
1.000e-01	5.550e+03
2.154e-01	5.550e+03
4.642e-01	5.550e+03
1.000e+00	5.550e+03
2.154e+00	5.550e+03
4.642e+00	5.550e+03
1.000e+01	5.550e+03
2.154e+01	5.550e+03
4.642e+01	5.550e+03
1.000e+02	5.550e+03
2.154e+02	5.550e+03
4.642e+02	5.550e+03
1.000e+03	5.550e+03
1.000e-06	5.600e+03
2.154e-06	5.600e+03
4.642e-06	5.600e+03
1.000e-05	5.600e+03
2.154e-05	5.600e+03
4.642e-05	5.600e+03
1.000e-04	5.600e+03
2.154e-04	5.600e+03
4.642e-04	5.600e+03
1.000e-03	5.600e+03
2.154e-03	5.600e+03
4.642e-03	5.600e+03
1.000e-02	5.600e+03
2.154e-02	5.600e+03
4.642e-02	5.600e+03
1.000e-01	5.600e+03
2.154e-01	5.600e+03
4.642e-01	5.600e+03
1.000e+00	5.600e+03
2.154e+00	5.600e+03
4.642e+00	5.600e+03
1.000e+01	5.600e+03
2.154e+01	5.600e+03
4.642e+01	5.600e+03
1.000e+02	5.600e+03
2.154e+02	5.600e+03
4.642e+02	5.600e+03
1.000e+03	5.600e+03
1.000e-06	5.650e+03
2.154e-06	5.650e+03
4.642e-06	5.650e+03
1.000e-05	5.650e+03
2.154e-05	5.650e+03
4.642e-05	5.650e+03
1.000e-04	5.650e+03
2.154e-04	5.650e+03
4.642e-04	5.650e+03
1.000e-03	5.650e+03
2.154e-03	5.650e+03
4.642e-03	5.650e+03
1.000e-02	5.650e+03
2.154e-02	5.650e+03
4.642e-02	5.650e+03
1.000e-01	5.650e+03
2.154e-01	5.650e+03
4.642e-01	5.650e+03
1.000e+00	5.650e+03
2.154e+00	5.650e+03
4.642e+00	5.650e+03
1.000e+01	5.650e+03
2.154e+01	5.650e+03
4.642e+01	5.650e+03
1.000e+02	5.650e+03
2.154e+02	5.650e+03
4.642e+02	5.650e+03
1.000e+03	5.650e+03
1.000e-06	5.700e+03
2.154e-06	5.700e+03
4.642e-06	5.700e+03
1.000e-05	5.700e+03
2.154e-05	5.700e+03
4.642e-05	5.700e+03
1.000e-04	5.700e+03
2.154e-04	5.700e+03
4.642e-04	5.700e+03
1.000e-03	5.700e+03
2.154e-03	5.700e+03
4.642e-03	5.700e+03
1.000e-02	5.700e+03
2.154e-02	5.700e+03
4.642e-02	5.700e+03
1.000e-01	5.700e+03
2.154e-01	5.700e+03
4.642e-01	5.700e+03
1.000e+00	5.700e+03
2.154e+00	5.700e+03
4.642e+00	5.700e+03
1.000e+01	5.700e+03
2.154e+01	5.700e+03
4.642e+01	5.700e+03
1.000e+02	5.700e+03
2.154e+02	5.700e+03
4.642e+02	5.700e+03
1.000e+03	5.700e+03
1.000e-06	5.750e+03
2.154e-06	5.750e+03
4.642e-06	5.750e+03
1.000e-05	5.750e+03
2.154e-05	5.750e+03
4.642e-05	5.750e+03
1.000e-04	5.750e+03
2.154e-04	5.750e+03
4.642e-04	5.750e+03
1.000e-03	5.750e+03
2.154e-03	5.750e+03
4.642e-03	5.750e+03
1.000e-02	5.750e+03
2.154e-02	5.750e+03
4.642e-02	5.750e+03
1.000e-01	5.750e+03
2.154e-01	5.750e+03
4.642e-01	5.750e+03
1.000e+00	5.750e+03
2.154e+00	5.750e+03
4.642e+00	5.750e+03
1.000e+01	5.750e+03
2.154e+01	5.750e+03
4.642e+01	5.750e+03
1.000e+02	5.750e+03
2.154e+02	5.750e+03
4.642e+02	5.750e+03
1.000e+03	5.750e+03
1.000e-06	5.800e+03
2.154e-06	5.800e+03
4.642e-06	5.800e+03
1.000e-05	5.800e+03
2.154e-05	5.800e+03
4.642e-05	5.800e+03
1.000e-04	5.800e+03
2.154e-04	5.800e+03
4.642e-04	5.800e+03
1.000e-03	5.800e+03
2.154e-03	5.800e+03
4.642e-03	5.800e+03
1.000e-02	5.800e+03
2.154e-02	5.800e+03
4.642e-02	5.800e+03
1.000e-01	5.800e+03
2.154e-01	5.800e+03
4.642e-01	5.800e+03
1.000e+00	5.800e+03
2.154e+00	5.800e+03
4.642e+00	5.800e+03
1.000e+01	5.800e+03
2.154e+01	5.800e+03
4.642e+01	5.800e+03
1.000e+02	5.800e+03
2.154e+02	5.800e+03
4.642e+02	5.800e+03
1.000e+03	5.800e+03
1.000e-06	5.850e+03
2.154e-06	5.850e+03
4.642e-06	5.850e+03
1.000e-05	5.850e+03
2.154e-05	5.850e+03
4.642e-05	5.850e+03
1.000e-04	5.850e+03
2.154e-04	5.850e+03
4.642e-04	5.850e+03
1.000e-03	5.850e+03
2.154e-03	5.850e+03
4.642e-03	5.850e+03
1.000e-02	5.850e+03
2.154e-02	5.850e+03
4.642e-02	5.850e+03
1.000e-01	5.850e+03
2.154e-01	5.850e+03
4.642e-01	5.850e+03
1.000e+00	5.850e+03
2.154e+00	5.850e+03
4.642e+00	5.850e+03
1.000e+01	5.850e+03
2.154e+01	5.850e+03
4.642e+01	5.850e+03
1.000e+02	5.850e+03
2.154e+02	5.850e+03
4.642e+02	5.850e+03
1.000e+03	5.850e+03
1.000e-06	5.900e+03
2.154e-06	5.900e+03
4.642e-06	5.900e+03
1.000e-05	5.900e+03
2.154e-05	5.900e+03
4.642e-05	5.900e+03
1.000e-04	5.900e+03
2.154e-04	5.900e+03
4.642e-04	5.900e+03
1.000e-03	5.900e+03
2.154e-03	5.900e+03
4.642e-03	5.900e+03
1.000e-02	5.900e+03
2.154e-02	5.900e+03
4.642e-02	5.900e+03
1.000e-01	5.900e+03
2.154e-01	5.900e+03
4.642e-01	5.900e+03
1.000e+00	5.900e+03
2.154e+00	5.900e+03
4.642e+00	5.900e+03
1.000e+01	5.900e+03
2.154e+01	5.900e+03
4.642e+01	5.900e+03
1.000e+02	5.900e+03
2.154e+02	5.900e+03
4.642e+02	5.900e+03
1.000e+03	5.900e+03
1.000e-06	5.950e+03
2.154e-06	5.950e+03
4.642e-06	5.950e+03
1.000e-05	5.950e+03
2.154e-05	5.950e+03
4.642e-05	5.950e+03
1.000e-04	5.950e+03
2.154e-04	5.950e+03
4.642e-04	5.950e+03
1.000e-03	5.950e+03
2.154e-03	5.950e+03
4.642e-03	5.950e+03
1.000e-02	5.950e+03
2.154e-02	5.950e+03
4.642e-02	5.950e+03
1.000e-01	5.950e+03
2.154e-01	5.950e+03
4.642e-01	5.950e+03
1.000e+00	5.950e+03
2.154e+00	5.950e+03
4.642e+00	5.950e+03
1.000e+01	5.950e+03
2.154e+01	5.950e+03
4.642e+01	5.950e+03
1.000e+02	5.950e+03
2.154e+02	5.950e+03
4.642e+02	5.950e+03
1.000e+03	5.950e+03
1.000e-06	6.000e+03
2.154e-06	6.000e+03
4.642e-06	6.000e+03
1.000e-05	6.000e+03
2.154e-05	6.000e+03
4.642e-05	6.000e+03
1.000e-04	6.000e+03
2.154e-04	6.000e+03
4.642e-04	6.000e+03
1.000e-03	6.000e+03
2.154e-03	6.000e+03
4.642e-03	6.000e+03
1.000e-02	6.000e+03
2.154e-02	6.000e+03
4.642e-02	6.000e+03
1.000e-01	6.000e+03
2.154e-01	6.000e+03
4.642e-01	6.000e+03
1.000e+00	6.000e+03
2.154e+00	6.000e+03
4.642e+00	6.000e+03
1.000e+01	6.000e+03
2.154e+01	6.000e+03
4.642e+01	6.000e+03
1.000e+02	6.000e+03
2.154e+02	6.000e+03
4.642e+02	6.000e+03
1.000e+03	6.000e+03
