#wavelengths (mu)	size parameter  	extinction cross section (cm^2)  	scattering cross section (cm^2)  	absorption cross section (cm^2)  	single scattering albedo         	asymmetry parameter              
4.7690000000e-02	5.2450829379e+01	1.0186758311e-08                 	5.8503326447e-09                 	4.3364256660e-09                 	5.7430759288e-01                 	9.5296489625e-01                 
4.8420000000e-02	5.1660058924e+01	1.0216672162e-08                 	5.8903326464e-09                 	4.3263395156e-09                 	5.7654122135e-01                 	9.4868829184e-01                 
4.8800000000e-02	5.1257787973e+01	1.0209541454e-08                 	5.8393865567e-09                 	4.3701548976e-09                 	5.7195385149e-01                 	9.5174944975e-01                 
4.9190000000e-02	5.0851393639e+01	1.0221149013e-08                 	5.8379491283e-09                 	4.3831998848e-09                 	5.7116368432e-01                 	9.5098763533e-01                 
4.9590000000e-02	5.0441219058e+01	1.0221172403e-08                 	5.8375093580e-09                 	4.3836630450e-09                 	5.7111935185e-01                 	9.5095890277e-01                 
4.9790000000e-02	5.0238603195e+01	1.0227750417e-08                 	5.8859550863e-09                 	4.3417953306e-09                 	5.7548872884e-01                 	9.4795137093e-01                 
5.0190000000e-02	4.9838215842e+01	1.0227814673e-08                 	5.8855944659e-09                 	4.3422202069e-09                 	5.7544985456e-01                 	9.4792293457e-01                 
5.1010000000e-02	4.9037052599e+01	1.0266164529e-08                 	5.9317714879e-09                 	4.3343930409e-09                 	5.7779820996e-01                 	9.4248260423e-01                 
5.1440000000e-02	4.8627139446e+01	1.0276817972e-08                 	5.9340518132e-09                 	4.3427661583e-09                 	5.7742112682e-01                 	9.4152914766e-01                 
5.1660000000e-02	4.8420055228e+01	1.0283151852e-08                 	5.8968667039e-09                 	4.3862851477e-09                 	5.7344934598e-01                 	9.4326808975e-01                 
5.1870000000e-02	4.8224022616e+01	1.0283378478e-08                 	5.8966971097e-09                 	4.3866813687e-09                 	5.7342021613e-01                 	9.4325285922e-01                 
5.2090000000e-02	4.8020350414e+01	1.0290720343e-08                 	5.8645619548e-09                 	4.4261583883e-09                 	5.6988838092e-01                 	9.4468325536e-01                 
5.2980000000e-02	4.7213666536e+01	1.0273556632e-08                 	5.7783122179e-09                 	4.4952444140e-09                 	5.6244516139e-01                 	9.5067421664e-01                 
5.3200000000e-02	4.7018422050e+01	1.0261165849e-08                 	5.7676213696e-09                 	4.4935444792e-09                 	5.6208246262e-01                 	9.5189166710e-01                 
5.3430000000e-02	4.6816021956e+01	1.0248282646e-08                 	5.7577902594e-09                 	4.4904923868e-09                 	5.6182976780e-01                 	9.5305497760e-01                 
5.3660000000e-02	4.6615356934e+01	1.0257717494e-08                 	5.8415164135e-09                 	4.4162010808e-09                 	5.6947526745e-01                 	9.4792914437e-01                 
5.3910000000e-02	4.6399184810e+01	1.0262948899e-08                 	5.8849174391e-09                 	4.3780314602e-09                 	5.7341388882e-01                 	9.4515765965e-01                 
5.4370000000e-02	4.6006622275e+01	1.0294643389e-08                 	5.9784074758e-09                 	4.3162359132e-09                 	5.8072992428e-01                 	9.3745022310e-01                 
5.4850000000e-02	4.5604011907e+01	1.0328542747e-08                 	6.0326435561e-09                 	4.2958991911e-09                 	5.8407499526e-01                 	9.3140954667e-01                 
5.5100000000e-02	4.5397097152e+01	1.0335129244e-08                 	6.0003204137e-09                 	4.3348088306e-09                 	5.8057526635e-01                 	9.3301459320e-01                 
5.5340000000e-02	4.5200217801e+01	1.0345049258e-08                 	6.0081870161e-09                 	4.3368622422e-09                 	5.8077896645e-01                 	9.3175995690e-01                 
5.5590000000e-02	4.4996942851e+01	1.0352534124e-08                 	5.9816651918e-09                 	4.3708689318e-09                 	5.7779719635e-01                 	9.3300973484e-01                 
5.5840000000e-02	4.4795488057e+01	1.0360650392e-08                 	5.9586889312e-09                 	4.4019614603e-09                 	5.7512691829e-01                 	9.3402846769e-01                 
5.6360000000e-02	4.4382186889e+01	1.0369950122e-08                 	5.9388601630e-09                 	4.4310899592e-09                 	5.7269900945e-01                 	9.3481383657e-01                 
5.6610000000e-02	4.4186187124e+01	1.0379202453e-08                 	5.9222496626e-09                 	4.4569527901e-09                 	5.7058812463e-01                 	9.3542221613e-01                 
5.6870000000e-02	4.3984175366e+01	1.0379199571e-08                 	5.8934686352e-09                 	4.4857309360e-09                 	5.6781533053e-01                 	9.3744357969e-01                 
5.7660000000e-02	4.3381547920e+01	1.0380724160e-08                 	5.8387143479e-09                 	4.5420098119e-09                 	5.6245732552e-01                 	9.4116914553e-01                 
5.8750000000e-02	4.2576681755e+01	1.0372606334e-08                 	5.7949100537e-09                 	4.5776962807e-09                 	5.5867444178e-01                 	9.4446427352e-01                 
5.9310000000e-02	4.2174676329e+01	1.0362266849e-08                 	5.7769630771e-09                 	4.5853037716e-09                 	5.5749993331e-01                 	9.4603098967e-01                 
5.9600000000e-02	4.1969463978e+01	1.0362773081e-08                 	5.7765737652e-09                 	4.5861993161e-09                 	5.5743513053e-01                 	9.4600816342e-01                 
6.0180000000e-02	4.1564972634e+01	1.0363769544e-08                 	5.7757841158e-09                 	4.5879854284e-09                 	5.5730534061e-01                 	9.4596239362e-01                 
6.0480000000e-02	4.1358797174e+01	1.0375740853e-08                 	5.8191439635e-09                 	4.5565968893e-09                 	5.6084129761e-01                 	9.4256392810e-01                 
6.1370000000e-02	4.0759003635e+01	1.0399542612e-08                 	5.8517392949e-09                 	4.5478033173e-09                 	5.6269198687e-01                 	9.3924416154e-01                 
6.1680000000e-02	4.0554151315e+01	1.0400741305e-08                 	5.8263565491e-09                 	4.5743847563e-09                 	5.6018666151e-01                 	9.4094667095e-01                 
6.1990000000e-02	4.0351347848e+01	1.0412170192e-08                 	5.8436310465e-09                 	4.5685391456e-09                 	5.6123084224e-01                 	9.3924776397e-01                 
6.2300000000e-02	4.0150562650e+01	1.0413902351e-08                 	5.8199335251e-09                 	4.5939688262e-09                 	5.5886192599e-01                 	9.4084172154e-01                 
6.2610000000e-02	3.9951765742e+01	1.0417807836e-08                 	5.7761985418e-09                 	4.6416092946e-09                 	5.5445431827e-01                 	9.4378260143e-01                 
6.3250000000e-02	3.9547510721e+01	1.0398628344e-08                 	5.7154734378e-09                 	4.6831549066e-09                 	5.4963724527e-01                 	9.4850042712e-01                 
6.3580000000e-02	3.9342246824e+01	1.0387032003e-08                 	5.6946442409e-09                 	4.6923877616e-09                 	5.4824556616e-01                 	9.5015855579e-01                 
6.3900000000e-02	3.9145227748e+01	1.0372649057e-08                 	5.6956918542e-09                 	4.6769572027e-09                 	5.4910677330e-01                 	9.5041436992e-01                 
6.4230000000e-02	3.8944107942e+01	1.0358314733e-08                 	5.6992517246e-09                 	4.6590630079e-09                 	5.5021032588e-01                 	9.5052701292e-01                 
6.4570000000e-02	3.8739043721e+01	1.0357651652e-08                 	5.7515227865e-09                 	4.6061288651e-09                 	5.5529216274e-01                 	9.4719658275e-01                 
6.4900000000e-02	3.8542065533e+01	1.0371125985e-08                 	5.7964221029e-09                 	4.5747038818e-09                 	5.5889997976e-01                 	9.4380013427e-01                 
6.5590000000e-02	3.8136606999e+01	1.0408202728e-08                 	5.8735969926e-09                 	4.5346057356e-09                 	5.6432384591e-01                 	9.3708896598e-01                 
6.5940000000e-02	3.7934183395e+01	1.0420071104e-08                 	5.8899247988e-09                 	4.5301463051e-09                 	5.6524804294e-01                 	9.3542320022e-01                 
6.6290000000e-02	3.7733897316e+01	1.0432126821e-08                 	5.8811462081e-09                 	4.5509806132e-09                 	5.6375332747e-01                 	9.3551922913e-01                 
6.6660000000e-02	3.7524453242e+01	1.0433736798e-08                 	5.8565530897e-09                 	4.5771837081e-09                 	5.6130926083e-01                 	9.3718281525e-01                 
6.7020000000e-02	3.7322889482e+01	1.0435691184e-08                 	5.8330090479e-09                 	4.6026821365e-09                 	5.5894803180e-01                 	9.3875760578e-01                 
6.7370000000e-02	3.7128989952e+01	1.0438012283e-08                 	5.8105420677e-09                 	4.6274702158e-09                 	5.5667131920e-01                 	9.4024460087e-01                 
6.7740000000e-02	3.6926189151e+01	1.0427279010e-08                 	5.7907798346e-09                 	4.6364991759e-09                 	5.5534908280e-01                 	9.4193066047e-01                 
6.8110000000e-02	3.6725591735e+01	1.0415968924e-08                 	5.7708174472e-09                 	4.6451514773e-09                 	5.5403558604e-01                 	9.4359939824e-01                 
6.8880000000e-02	3.6315041421e+01	1.0415967990e-08                 	5.7929026254e-09                 	4.6230653651e-09                 	5.5615595504e-01                 	9.4199756282e-01                 
7.0850000000e-02	3.5305293622e+01	1.0418096056e-08                 	5.8953333951e-09                 	4.5227626611e-09                 	5.6587435586e-01                 	9.3474865317e-01                 
7.1660000000e-02	3.4906224576e+01	1.0431920989e-08                 	5.9393337224e-09                 	4.4925872667e-09                 	5.6934228400e-01                 	9.3108252555e-01                 
7.2500000000e-02	3.4501793836e+01	1.0457470836e-08                 	6.0279548056e-09                 	4.4295160306e-09                 	5.7642568648e-01                 	9.2360521841e-01                 
7.2930000000e-02	3.4298369026e+01	1.0469094235e-08                 	6.0427254519e-09                 	4.4263687835e-09                 	5.7719658607e-01                 	9.2195282509e-01                 
7.3350000000e-02	3.4101977547e+01	1.0480553627e-08                 	6.0577752644e-09                 	4.4227783625e-09                 	5.7800145680e-01                 	9.2027794206e-01                 
7.3790000000e-02	3.3898631970e+01	1.0481612206e-08                 	6.0574905277e-09                 	4.4241216786e-09                 	5.7791591680e-01                 	9.2024280786e-01                 
7.4230000000e-02	3.3697697064e+01	1.0482661570e-08                 	6.0571991874e-09                 	4.4254623825e-09                 	5.7783027212e-01                 	9.2020757733e-01                 
7.5140000000e-02	3.3289593467e+01	1.0486382798e-08                 	6.1154273147e-09                 	4.3709554832e-09                 	5.8317795874e-01                 	9.1572376637e-01                 
7.5590000000e-02	3.3091414911e+01	1.0498661198e-08                 	6.1598501133e-09                 	4.3388110842e-09                 	5.8672720239e-01                 	9.1176071953e-01                 
7.6010000000e-02	3.2908565361e+01	1.0511850529e-08                 	6.2355858507e-09                 	4.2762646786e-09                 	5.9319582535e-01                 	9.0528871894e-01                 
7.6520000000e-02	3.2689232267e+01	1.0544387239e-08                 	6.3701605608e-09                 	4.1742266784e-09                 	6.0412809358e-01                 	8.9278495954e-01                 
7.7000000000e-02	3.2485455235e+01	1.0563048559e-08                 	6.3960711362e-09                 	4.1669774226e-09                 	6.0551374923e-01                 	8.8954666104e-01                 
7.7970000000e-02	3.2081314006e+01	1.0599571827e-08                 	6.4515996210e-09                 	4.1479722061e-09                 	6.0866605994e-01                 	8.8281268661e-01                 
7.8960000000e-02	3.1679078686e+01	1.0635174040e-08                 	6.5111804933e-09                 	4.1239935465e-09                 	6.1223074196e-01                 	8.7580015312e-01                 
7.9990000000e-02	3.1271159559e+01	1.0670091496e-08                 	6.5468989020e-09                 	4.1231925940e-09                 	6.1357476685e-01                 	8.7092155264e-01                 
8.0500000000e-02	3.1073044138e+01	1.0687529281e-08                 	6.5537492725e-09                 	4.1337800084e-09                 	6.1321462615e-01                 	8.6947687768e-01                 
8.1030000000e-02	3.0869801963e+01	1.0697416253e-08                 	6.5708283525e-09                 	4.1265879002e-09                 	6.1424443036e-01                 	8.6758437338e-01                 
8.1560000000e-02	3.0669201239e+01	1.0715009155e-08                 	6.5800748631e-09                 	4.1349342924e-09                 	6.1409885588e-01                 	8.6597553518e-01                 
8.3200000000e-02	3.0064664100e+01	1.0759279045e-08                 	6.6682267686e-09                 	4.0910522763e-09                 	6.1976520367e-01                 	8.5640325444e-01                 
8.3760000000e-02	2.9863658704e+01	1.0789732145e-08                 	6.7630301208e-09                 	4.0267020243e-09                 	6.2680241083e-01                 	8.4666979634e-01                 
8.4330000000e-02	2.9661805444e+01	1.0821273105e-08                 	6.7886642170e-09                 	4.0326088879e-09                 	6.2734431995e-01                 	8.4308498322e-01                 
8.4600000000e-02	2.9567140107e+01	1.0836868224e-08                 	6.8030385846e-09                 	4.0338296395e-09                 	6.2776795324e-01                 	8.4118351507e-01                 
8.4910000000e-02	2.9459192711e+01	1.0846785831e-08                 	6.7792308394e-09                 	4.0675549916e-09                 	6.2499904995e-01                 	8.4296532574e-01                 
8.5200000000e-02	2.9358920811e+01	1.0855920841e-08                 	6.7775634202e-09                 	4.0783574203e-09                 	6.2431953215e-01                 	8.4280913060e-01                 
8.5510000000e-02	2.9252485710e+01	1.0866061132e-08                 	6.7572138376e-09                 	4.1088472949e-09                 	6.2186414702e-01                 	8.4428243594e-01                 
8.5700000000e-02	2.9187631891e+01	1.0874639454e-08                 	6.7571142800e-09                 	4.1175251745e-09                 	6.2136444231e-01                 	8.4398305061e-01                 
8.6090000000e-02	2.9055407749e+01	1.0884486264e-08                 	6.7578602638e-09                 	4.1266259998e-09                 	6.2087085235e-01                 	8.4362803002e-01                 
8.6690000000e-02	2.8854309068e+01	1.0903056749e-08                 	6.7605941533e-09                 	4.1424625954e-09                 	6.2006410763e-01                 	8.4280133414e-01                 
8.7000000000e-02	2.8751494863e+01	1.0912404092e-08                 	6.7626850484e-09                 	4.1497190438e-09                 	6.1972458051e-01                 	8.4232854974e-01                 
8.7300000000e-02	2.8652692475e+01	1.0922694616e-08                 	6.7491887024e-09                 	4.1735059139e-09                 	6.1790509938e-01                 	8.4319099037e-01                 
8.7920000000e-02	2.8450637546e+01	1.0942404338e-08                 	6.7415267579e-09                 	4.2008775800e-09                 	6.1609190720e-01                 	8.4324679732e-01                 
8.8560000000e-02	2.8245032216e+01	1.0957313865e-08                 	6.7057738302e-09                 	4.2515400345e-09                 	6.1199066788e-01                 	8.4597967627e-01                 
8.9190000000e-02	2.8045521393e+01	1.0972362396e-08                 	6.6758470402e-09                 	4.2965153561e-09                 	6.0842385615e-01                 	8.4816495705e-01                 
8.9830000000e-02	2.7845709152e+01	1.0981921809e-08                 	6.6335008362e-09                 	4.3484209733e-09                 	6.0403825044e-01                 	8.5166963901e-01                 
9.0490000000e-02	2.7642613030e+01	1.0986465105e-08                 	6.5791181729e-09                 	4.4073469324e-09                 	5.9883848989e-01                 	8.5645676501e-01                 
9.1840000000e-02	2.7236281066e+01	1.0983786927e-08                 	6.4660480893e-09                 	4.5177388377e-09                 	5.8869023337e-01                 	8.6700227191e-01                 
9.3220000000e-02	2.6833083599e+01	1.0979977356e-08                 	6.3772157801e-09                 	4.6027615755e-09                 	5.8080409217e-01                 	8.7550671255e-01                 
9.4640000000e-02	2.6430473934e+01	1.0955468556e-08                 	6.2570602182e-09                 	4.6984083379e-09                 	5.7113579270e-01                 	8.8774569124e-01                 
9.5370000000e-02	2.6228164549e+01	1.0938264942e-08                 	6.2143077948e-09                 	4.7239571472e-09                 	5.6812555078e-01                 	8.9240028102e-01                 
9.5740000000e-02	2.6126802309e+01	1.0928699488e-08                 	6.2053836744e-09                 	4.7233158139e-09                 	5.6780623175e-01                 	8.9358183756e-01                 
9.6110000000e-02	2.6026220509e+01	1.0927684833e-08                 	6.2100173557e-09                 	4.7176674775e-09                 	5.6828298496e-01                 	8.9324598334e-01                 
9.6480000000e-02	2.5926410169e+01	1.0929515539e-08                 	6.2379621937e-09                 	4.6915533455e-09                 	5.7074462005e-01                 	8.9071884884e-01                 
9.6860000000e-02	2.5824695985e+01	1.0925693215e-08                 	6.2498253332e-09                 	4.6758678813e-09                 	5.7203009553e-01                 	8.8982545293e-01                 
9.7620000000e-02	2.5623643240e+01	1.0949593548e-08                 	6.3364031987e-09                 	4.6131903489e-09                 	5.7868843909e-01                 	8.8144996176e-01                 
9.8400000000e-02	2.5420528995e+01	1.0991743139e-08                 	6.4457390644e-09                 	4.5460040745e-09                 	5.8641645669e-01                 	8.7044358896e-01                 
9.8790000000e-02	2.5320174644e+01	1.1014501940e-08                 	6.4519812472e-09                 	4.5625206930e-09                 	5.8577149309e-01                 	8.6908958771e-01                 
9.9580000000e-02	2.5119301598e+01	1.1027421210e-08                 	6.4635261031e-09                 	4.5638951071e-09                 	5.8613215002e-01                 	8.6776362002e-01                 
9.9980000000e-02	2.5018804292e+01	1.1039706692e-08                 	6.4684853851e-09                 	4.5712213064e-09                 	5.8592909811e-01                 	8.6691642647e-01                 
1.0040000000e-01	2.4914143955e+01	1.1046373667e-08                 	6.4571276592e-09                 	4.5892460076e-09                 	5.8454727804e-01                 	8.6772456922e-01                 
1.0080000000e-01	2.4815278304e+01	1.1052962173e-08                 	6.4468889191e-09                 	4.6060732540e-09                 	5.8327250362e-01                 	8.6842567223e-01                 
1.0160000000e-01	2.4619882412e+01	1.1053730534e-08                 	6.4006565326e-09                 	4.6530740015e-09                 	5.7904944515e-01                 	8.7263113458e-01                 
1.0250000000e-01	2.4403707835e+01	1.1038405196e-08                 	6.3351095491e-09                 	4.7032956467e-09                 	5.7391529272e-01                 	8.7929164009e-01                 
1.0330000000e-01	2.4214714938e+01	1.1038336573e-08                 	6.3431264838e-09                 	4.6952100887e-09                 	5.7464514169e-01                 	8.7878451423e-01                 
1.0420000000e-01	2.4005566728e+01	1.1038790063e-08                 	6.3522934879e-09                 	4.6864965749e-09                 	5.7545196999e-01                 	8.7816389120e-01                 
1.0510000000e-01	2.3800000505e+01	1.1040203502e-08                 	6.3912677177e-09                 	4.6489357848e-09                 	5.7890850620e-01                 	8.7489245927e-01                 
1.0600000000e-01	2.3597925029e+01	1.1074620958e-08                 	6.5270351620e-09                 	4.5475857964e-09                 	5.8936871849e-01                 	8.6211409318e-01                 
1.0640000000e-01	2.3509211025e+01	1.1092904309e-08                 	6.5985704793e-09                 	4.4943338294e-09                 	5.9484606517e-01                 	8.5543919378e-01                 
1.0690000000e-01	2.3399252134e+01	1.1137650990e-08                 	6.7559365474e-09                 	4.3817144429e-09                 	6.0658540596e-01                 	8.4066884020e-01                 
1.0730000000e-01	2.3312022862e+01	1.1206781906e-08                 	6.9168598960e-09                 	4.2899220100e-09                 	6.1720304312e-01                 	8.2486593173e-01                 
1.0780000000e-01	2.3203896596e+01	1.1262838397e-08                 	6.9987979565e-09                 	4.2640404405e-09                 	6.2140623081e-01                 	8.1602733811e-01                 
1.0830000000e-01	2.3096768727e+01	1.1297303945e-08                 	7.0071065465e-09                 	4.2901973989e-09                 	6.2024590826e-01                 	8.1354877081e-01                 
1.0880000000e-01	2.2990625488e+01	1.1312077485e-08                 	6.9846418076e-09                 	4.3274356777e-09                 	6.1744996148e-01                 	8.1413025286e-01                 
1.0920000000e-01	2.2906410743e+01	1.1324396463e-08                 	6.9714915902e-09                 	4.3529048732e-09                 	6.1561705409e-01                 	8.1380511499e-01                 
1.0970000000e-01	2.2802005953e+01	1.1322105760e-08                 	6.9197159826e-09                 	4.4023897770e-09                 	6.1116864032e-01                 	8.1695098536e-01                 
1.1020000000e-01	2.2698548576e+01	1.1311964691e-08                 	6.8562626920e-09                 	4.4557019989e-09                 	6.0610715109e-01                 	8.2148359144e-01                 
1.1070000000e-01	2.2596025773e+01	1.1299442610e-08                 	6.7932291254e-09                 	4.5062134844e-09                 	6.0120037421e-01                 	8.2626916782e-01                 
1.1170000000e-01	2.2393733689e+01	1.1269108123e-08                 	6.6606944323e-09                 	4.6084136906e-09                 	5.9105781573e-01                 	8.3738935554e-01                 
1.1270000000e-01	2.2195031527e+01	1.1245170744e-08                 	6.5533975541e-09                 	4.6917731899e-09                 	5.8277439296e-01                 	8.4710463150e-01                 
1.1370000000e-01	2.1999824565e+01	1.1213699551e-08                 	6.4053218595e-09                 	4.8083776913e-09                 	5.7120505418e-01                 	8.6279834069e-01                 
1.1700000000e-01	2.1379316693e+01	1.1171170256e-08                 	6.1351611149e-09                 	5.0360091415e-09                 	5.4919591897e-01                 	8.9465219041e-01                 
1.1810000000e-01	2.1180186732e+01	1.1150900549e-08                 	6.0562458210e-09                 	5.0946547280e-09                 	5.4311719438e-01                 	9.0414254526e-01                 
1.1860000000e-01	2.1090894208e+01	1.1142684044e-08                 	6.0434870494e-09                 	5.0991969950e-09                 	5.4237264786e-01                 	9.0573742265e-01                 
1.1920000000e-01	2.0984731989e+01	1.1139483292e-08                 	6.0490182999e-09                 	5.0904649926e-09                 	5.4302503456e-01                 	9.0525980551e-01                 
1.1980000000e-01	2.0879633164e+01	1.1142662477e-08                 	6.0739472581e-09                 	5.0687152185e-09                 	5.4510735391e-01                 	9.0269213629e-01                 
1.2210000000e-01	2.0486323121e+01	1.1192565703e-08                 	6.2142360802e-09                 	4.9783296225e-09                 	5.5521104323e-01                 	8.8788241507e-01                 
1.2270000000e-01	2.0386145502e+01	1.1205082330e-08                 	6.2330345753e-09                 	4.9720477544e-09                 	5.5626852101e-01                 	8.8569784925e-01                 
1.2320000000e-01	2.0303409522e+01	1.1213356202e-08                 	6.2393784973e-09                 	4.9739777050e-09                 	5.5642382037e-01                 	8.8479414011e-01                 
1.2400000000e-01	2.0172419783e+01	1.1220793729e-08                 	6.2430220808e-09                 	4.9777716480e-09                 	5.5637972069e-01                 	8.8427824294e-01                 
1.2650000000e-01	1.9773755360e+01	1.1242821243e-08                 	6.2465361249e-09                 	4.9962851182e-09                 	5.5560219182e-01                 	8.8337510906e-01                 
1.2910000000e-01	1.9375523262e+01	1.1262402537e-08                 	6.2415988131e-09                 	5.0208037237e-09                 	5.5419780928e-01                 	8.8335215372e-01                 
1.3190000000e-01	1.8964215717e+01	1.1276520671e-08                 	6.2204210322e-09                 	5.0560996384e-09                 	5.5162591493e-01                 	8.8528907063e-01                 
1.3480000000e-01	1.8556231848e+01	1.1291790490e-08                 	6.2065707986e-09                 	5.0852196911e-09                 	5.4965337909e-01                 	8.8656850929e-01                 
1.3780000000e-01	1.8152250022e+01	1.1305914039e-08                 	6.1839930349e-09                 	5.1219210042e-09                 	5.4696975526e-01                 	8.8878330674e-01                 
1.3930000000e-01	1.7956784301e+01	1.1310474207e-08                 	6.1695576216e-09                 	5.1409165857e-09                 	5.4547294026e-01                 	8.9036818617e-01                 
1.4090000000e-01	1.7752874756e+01	1.1321800666e-08                 	6.1799614440e-09                 	5.1418392223e-09                 	5.4584616230e-01                 	8.8918554599e-01                 
1.4170000000e-01	1.7652646811e+01	1.1324570409e-08                 	6.1706489884e-09                 	5.1539214209e-09                 	5.4489033715e-01                 	8.9014907189e-01                 
1.4250000000e-01	1.7553544232e+01	1.1329245032e-08                 	6.1710031022e-09                 	5.1582419303e-09                 	5.4469676351e-01                 	8.9007566116e-01                 
1.4420000000e-01	1.7346602310e+01	1.1334627230e-08                 	6.1563420022e-09                 	5.1782852278e-09                 	5.4314463787e-01                 	8.9164514328e-01                 
1.4590000000e-01	1.7144482886e+01	1.1341625934e-08                 	6.1511772487e-09                 	5.1904486854e-09                 	5.4235409318e-01                 	8.9218001400e-01                 
1.4670000000e-01	1.7050988774e+01	1.1346205658e-08                 	6.1514738961e-09                 	5.1947317621e-09                 	5.4216132524e-01                 	8.9210544354e-01                 
1.4850000000e-01	1.6844310122e+01	1.1345342849e-08                 	6.1244612452e-09                 	5.2208816034e-09                 	5.3982161023e-01                 	8.9504599748e-01                 
1.4940000000e-01	1.6742838374e+01	1.1345612464e-08                 	6.1232412789e-09                 	5.2223711850e-09                 	5.3970125441e-01                 	8.9520416234e-01                 
1.5030000000e-01	1.6642581857e+01	1.1335692853e-08                 	6.1005171829e-09                 	5.2351756704e-09                 	5.3816888494e-01                 	8.9764938830e-01                 
1.5120000000e-01	1.6543518870e+01	1.1324678873e-08                 	6.0969842401e-09                 	5.2276946326e-09                 	5.3838032042e-01                 	8.9804435467e-01                 
1.5210000000e-01	1.6445628225e+01	1.1319711431e-08                 	6.1361539645e-09                 	5.1835574666e-09                 	5.4207688967e-01                 	8.9422737544e-01                 
1.5310000000e-01	1.6338210667e+01	1.1343047672e-08                 	6.2561480419e-09                 	5.0868996303e-09                 	5.5154031110e-01                 	8.8298689924e-01                 
1.5340000000e-01	1.6306258495e+01	1.1372644879e-08                 	6.3521455352e-09                 	5.0204993435e-09                 	5.5854602012e-01                 	8.7417111897e-01                 
1.5400000000e-01	1.6242727617e+01	1.1425427426e-08                 	6.5074562773e-09                 	4.9179711486e-09                 	5.6955911011e-01                 	8.6018897787e-01                 
1.5440000000e-01	1.6200648012e+01	1.1497354314e-08                 	6.6755152356e-09                 	4.8218390780e-09                 	5.8061316139e-01                 	8.4487099497e-01                 
1.5500000000e-01	1.6137935826e+01	1.1578284334e-08                 	6.8457991920e-09                 	4.7324851424e-09                 	5.9126196890e-01                 	8.2913774691e-01                 
1.5540000000e-01	1.6096396738e+01	1.1633107410e-08                 	6.9605683802e-09                 	4.6725390293e-09                 	5.9834128021e-01                 	8.1844930161e-01                 
1.5600000000e-01	1.6034487520e+01	1.1698932149e-08                 	7.0969028280e-09                 	4.6020293213e-09                 	6.0662825781e-01                 	8.0508437871e-01                 
1.5630000000e-01	1.6003711152e+01	1.1729612459e-08                 	7.1676007694e-09                 	4.5620116895e-09                 	6.1106884772e-01                 	7.9727901913e-01                 
1.5690000000e-01	1.5942511492e+01	1.1747120866e-08                 	7.2236011217e-09                 	4.5235197440e-09                 	6.1492524035e-01                 	7.8957861726e-01                 
1.5730000000e-01	1.5901971094e+01	1.1745558582e-08                 	7.2409150231e-09                 	4.5046435589e-09                 	6.1648111263e-01                 	7.8591082713e-01                 
1.5790000000e-01	1.5841545618e+01	1.1731506975e-08                 	7.2557881141e-09                 	4.4757188607e-09                 	6.1848730344e-01                 	7.8105759099e-01                 
1.5830000000e-01	1.5801516444e+01	1.1711309396e-08                 	7.2498838428e-09                 	4.4614255528e-09                 	6.1904980885e-01                 	7.7883146140e-01                 
1.5940000000e-01	1.5692472102e+01	1.1640976369e-08                 	7.1956230328e-09                 	4.4453533361e-09                 	6.1812882398e-01                 	7.7669821927e-01                 
1.6000000000e-01	1.5633625332e+01	1.1596701614e-08                 	7.1630662419e-09                 	4.4336353720e-09                 	6.1768134427e-01                 	7.7572193371e-01                 
1.6040000000e-01	1.5594638735e+01	1.1562951801e-08                 	7.1452662010e-09                 	4.4176855998e-09                 	6.1794482275e-01                 	7.7438706463e-01                 
1.6100000000e-01	1.5536522069e+01	1.1497353577e-08                 	7.0772713377e-09                 	4.4200822393e-09                 	6.1555655311e-01                 	7.7598323253e-01                 
1.6210000000e-01	1.5431092246e+01	1.1426368952e-08                 	6.8646891661e-09                 	4.5616797863e-09                 	6.0077608160e-01                 	7.9439501970e-01                 
1.6310000000e-01	1.5336481012e+01	1.1432820680e-08                 	6.7071867525e-09                 	4.7256339277e-09                 	5.8666071480e-01                 	8.1383926592e-01                 
1.6420000000e-01	1.5233739666e+01	1.1436982448e-08                 	6.5949476055e-09                 	4.8420348426e-09                 	5.7663353384e-01                 	8.2800848853e-01                 
1.6530000000e-01	1.5132365717e+01	1.1441885132e-08                 	6.5222825240e-09                 	4.9196026080e-09                 	5.7003565835e-01                 	8.3741496586e-01                 
1.6640000000e-01	1.5032332050e+01	1.1453656802e-08                 	6.4809484116e-09                 	4.9727083903e-09                 	5.6584098194e-01                 	8.4380333698e-01                 
1.6750000000e-01	1.4933612257e+01	1.1437694114e-08                 	6.4173708666e-09                 	5.0203232478e-09                 	5.6107208345e-01                 	8.4872788947e-01                 
1.6980000000e-01	1.4731331290e+01	1.1596843452e-08                 	6.6003464617e-09                 	4.9964969906e-09                 	5.6915025962e-01                 	8.5293699901e-01                 
1.7220000000e-01	1.4526016568e+01	1.1245651928e-08                 	6.7115793112e-09                 	4.5340726165e-09                 	5.9681549406e-01                 	8.1208065958e-01                 
1.7710000000e-01	1.4124110972e+01	1.2175756079e-08                 	9.8326743645e-09                 	2.3430817147e-09                 	8.0756170709e-01                 	7.4903872411e-01                 
1.8370000000e-01	1.3616657883e+01	1.2272840549e-08                 	1.1586184360e-08                 	6.8665618942e-10                 	9.4405075282e-01                 	6.8021220341e-01                 
1.9070000000e-01	1.3116833000e+01	1.1311353738e-08                 	1.1160003999e-08                 	1.5134973921e-10                 	9.8661966174e-01                 	6.7924620144e-01                 
2.0000000000e-01	1.2506900265e+01	1.0342226246e-08                 	1.0315916385e-08                 	2.6309860622e-11                 	9.9745607377e-01                 	6.3174612620e-01                 
2.0660000000e-01	1.2107357469e+01	1.3107004296e-08                 	1.3098624917e-08                 	8.3793781728e-12                 	9.9936069463e-01                 	6.8735256857e-01                 
2.1000000000e-01	1.1911333586e+01	1.3586740408e-08                 	1.3580261621e-08                 	6.4787869182e-12                 	9.9952315370e-01                 	6.3515091541e-01                 
2.2000000000e-01	1.1369909332e+01	1.2481343486e-08                 	1.2480228384e-08                 	1.1151014335e-12                 	9.9991065854e-01                 	6.5492484553e-01                 
2.2540000000e-01	1.1097515763e+01	1.1555850938e-08                 	1.1555242481e-08                 	6.0845728698e-13                 	9.9994734639e-01                 	6.6116255505e-01                 
2.3000000000e-01	1.0875565448e+01	1.0682124797e-08                 	1.0681816867e-08                 	3.0793016037e-13                 	9.9997117332e-01                 	5.9856728755e-01                 
2.4000000000e-01	1.0422416888e+01	1.0253071140e-08                 	1.0252972813e-08                 	9.8327301047e-14                 	9.9999040997e-01                 	6.0921696260e-01                 
2.4800000000e-01	1.0086209891e+01	1.0184730973e-08                 	1.0184695854e-08                 	3.5119370441e-14                 	9.9999655176e-01                 	6.8476358215e-01                 
2.5000000000e-01	1.0005520212e+01	1.0409011084e-08                 	1.0408981440e-08                 	2.9643430575e-14                 	9.9999715214e-01                 	6.8028187211e-01                 
2.6000000000e-01	9.6206925119e+00	1.1799601833e-08                 	1.1799587878e-08                 	1.3954365634e-14                 	9.9999881739e-01                 	7.1384667356e-01                 
2.7000000000e-01	9.2643705670e+00	1.5282063419e-08                 	1.5282055505e-08                 	7.9139597288e-15                 	9.9999948214e-01                 	6.9430019693e-01                 
2.8000000000e-01	8.9335001896e+00	1.5290046699e-08                 	1.5290041751e-08                 	4.9482201394e-15                 	9.9999967638e-01                 	6.9730776890e-01                 
2.9000000000e-01	8.6254484589e+00	1.6075737491e-08                 	1.6075735622e-08                 	1.8687529606e-15                 	9.9999988375e-01                 	7.0099937467e-01                 
3.0000000000e-01	8.3379335103e+00	1.5944197903e-08                 	1.5944196187e-08                 	1.7164627915e-15                 	9.9999989235e-01                 	6.5127812530e-01                 
3.2000000000e-01	7.8168126659e+00	1.1687548897e-08                 	1.1687548528e-08                 	3.6929818724e-16                 	9.9999996840e-01                 	6.7340299522e-01                 
3.4000000000e-01	7.3570001561e+00	1.0863738695e-08                 	1.0863738518e-08                 	1.7769515516e-16                 	9.9999998364e-01                 	5.4550729983e-01                 
3.6000000000e-01	6.9482779252e+00	9.1676321754e-09                 	9.1676320481e-09                 	1.2728265740e-16                 	9.9999998612e-01                 	3.8405495145e-01                 
3.8000000000e-01	6.5825790871e+00	9.2187117110e-09                 	9.2187116387e-09                 	7.2372525533e-17                 	9.9999999215e-01                 	4.3417442153e-01                 
4.0000000000e-01	6.2534501327e+00	9.7058531805e-09                 	9.7058531158e-09                 	6.4700199617e-17                 	9.9999999333e-01                 	3.4363623729e-01                 
4.2000000000e-01	5.9556667931e+00	1.0655025561e-08                 	1.0655025521e-08                 	4.0790225921e-17                 	9.9999999617e-01                 	5.0796428037e-01                 
4.4000000000e-01	5.6849546661e+00	1.3453332119e-08                 	1.3453332078e-08                 	4.1145855262e-17                 	9.9999999694e-01                 	5.2526646185e-01                 
4.6000000000e-01	5.4377827241e+00	1.3009349719e-08                 	1.3009349694e-08                 	2.5262536663e-17                 	9.9999999806e-01                 	5.4671951636e-01                 
4.8000000000e-01	5.2112084439e+00	1.5219251094e-08                 	1.5219251077e-08                 	1.7000200898e-17                 	9.9999999888e-01                 	6.2601719489e-01                 
5.0000000000e-01	5.0027601062e+00	1.7906815510e-08                 	1.7906815499e-08                 	1.1247796696e-17                 	9.9999999937e-01                 	6.4775675516e-01                 
5.2000000000e-01	4.8103462559e+00	1.8029396086e-08                 	1.8029396078e-08                 	7.3566588292e-18                 	9.9999999959e-01                 	6.4291585340e-01                 
5.4000000000e-01	4.6321852835e+00	1.8048077155e-08                 	1.8048077149e-08                 	5.9207772284e-18                 	9.9999999967e-01                 	6.8323007424e-01                 
5.6000000000e-01	4.4667500948e+00	1.9655218332e-08                 	1.9655218326e-08                 	5.6972490833e-18                 	9.9999999971e-01                 	7.0621813503e-01                 
5.8000000000e-01	4.3127242295e+00	2.1339082299e-08                 	2.1339082292e-08                 	6.2262309783e-18                 	9.9999999971e-01                 	7.1054732178e-01                 
6.0000000000e-01	4.1689667551e+00	2.1786717633e-08                 	2.1786717626e-08                 	6.7247851320e-18                 	9.9999999969e-01                 	7.0359660390e-01                 
6.2000000000e-01	4.0344839566e+00	2.0744894697e-08                 	2.0744894691e-08                 	6.3119089177e-18                 	9.9999999970e-01                 	7.0534910264e-01                 
6.4000000000e-01	3.9084063329e+00	2.0279366805e-08                 	2.0279366800e-08                 	5.7531537839e-18                 	9.9999999972e-01                 	7.2220512029e-01                 
6.6000000000e-01	3.7899697774e+00	2.0652745644e-08                 	2.0652745639e-08                 	5.5859371924e-18                 	9.9999999973e-01                 	7.3630770952e-01                 
6.8000000000e-01	3.6785000781e+00	2.1303951149e-08                 	2.1303951143e-08                 	5.7683577044e-18                 	9.9999999973e-01                 	7.4182951493e-01                 
7.0000000000e-01	3.5734000758e+00	2.1789540093e-08                 	2.1789540086e-08                 	6.1768735157e-18                 	9.9999999972e-01                 	7.4044876173e-01                 
7.2000000000e-01	3.4741389626e+00	2.1707291877e-08                 	2.1707291870e-08                 	6.5950874647e-18                 	9.9999999970e-01                 	7.3380338441e-01                 
7.4000000000e-01	3.3802433150e+00	2.0909754089e-08                 	2.0909754082e-08                 	6.7581736136e-18                 	9.9999999968e-01                 	7.2386109381e-01                 
7.6000000000e-01	3.2912895435e+00	1.9796854485e-08                 	1.9796854478e-08                 	6.6295925809e-18                 	9.9999999967e-01                 	7.1458600706e-01                 
7.8000000000e-01	3.2068975040e+00	1.8889003929e-08                 	1.8889003922e-08                 	6.4241539171e-18                 	9.9999999966e-01                 	7.0970220719e-01                 
8.0000000000e-01	3.1267250664e+00	1.8358380588e-08                 	1.8358380582e-08                 	6.3262217416e-18                 	9.9999999966e-01                 	7.0983892617e-01                 
8.2000000000e-01	3.0504634794e+00	1.8124633106e-08                 	1.8124633100e-08                 	6.3932242429e-18                 	9.9999999965e-01                 	7.1332103664e-01                 
8.4000000000e-01	2.9778333965e+00	1.8049251394e-08                 	1.8049251388e-08                 	6.6145987204e-18                 	9.9999999963e-01                 	7.1804726728e-01                 
8.6000000000e-01	2.9085814571e+00	1.8006204352e-08                 	1.8006204345e-08                 	6.9577129086e-18                 	9.9999999961e-01                 	7.2241930500e-01                 
8.8000000000e-01	2.8424773331e+00	1.7890863830e-08                 	1.7890863822e-08                 	7.3797455270e-18                 	9.9999999959e-01                 	7.2546212725e-01                 
9.0000000000e-01	2.7793111701e+00	1.7624407485e-08                 	1.7624407477e-08                 	7.8266492474e-18                 	9.9999999956e-01                 	7.2655491949e-01                 
9.2000000000e-01	2.7188913620e+00	1.7164165582e-08                 	1.7164165574e-08                 	8.2361844024e-18                 	9.9999999952e-01                 	7.2520903655e-01                 
9.4000000000e-01	2.6610426097e+00	1.6519462615e-08                 	1.6519462606e-08                 	8.5531273278e-18                 	9.9999999948e-01                 	7.2100282877e-01                 
9.6000000000e-01	2.6056042220e+00	1.5750546128e-08                 	1.5750546119e-08                 	8.7500663014e-18                 	9.9999999944e-01                 	7.1374472907e-01                 
9.8000000000e-01	2.5524286256e+00	1.4943598239e-08                 	1.4943598230e-08                 	8.8368431861e-18                 	9.9999999941e-01                 	7.0367373382e-01                 
1.0000000000e+00	2.5013800531e+00	1.4176155231e-08                 	1.4176155223e-08                 	8.8510078625e-18                 	9.9999999938e-01                 	6.9149720895e-01                 
1.1000000000e+00	2.2739818664e+00	1.1764528309e-08                 	1.1764528300e-08                 	9.1560857156e-18                 	9.9999999922e-01                 	6.3157189528e-01                 
1.2000000000e+00	2.0844833776e+00	1.0644543571e-08                 	1.0644543560e-08                 	1.0918626069e-17                 	9.9999999897e-01                 	6.1106294235e-01                 
1.3000000000e+00	1.9241385024e+00	9.2784522431e-09                 	9.2784522297e-09                 	1.3393029855e-17                 	9.9999999856e-01                 	6.1947742430e-01                 
1.4000000000e+00	1.7867000379e+00	7.5098072867e-09                 	7.5098072715e-09                 	1.5212546215e-17                 	9.9999999797e-01                 	6.2358660417e-01                 
1.5000000000e+00	1.6675867021e+00	5.9257088250e-09                 	5.9257088089e-09                 	1.6077775548e-17                 	9.9999999729e-01                 	5.9978807398e-01                 
1.6000000000e+00	1.5633625332e+00	4.7758614096e-09                 	4.7758613931e-09                 	1.6529502909e-17                 	9.9999999654e-01                 	5.4993303603e-01                 
1.7000000000e+00	1.4714000312e+00	3.9648207747e-09                 	3.9648207577e-09                 	1.6960934606e-17                 	9.9999999572e-01                 	4.8949817725e-01                 
1.8000000000e+00	1.3896555850e+00	3.3585162650e-09                 	3.3585162475e-09                 	1.7470700435e-17                 	9.9999999480e-01                 	4.3081253713e-01                 
1.9000000000e+00	1.3165158174e+00	2.8742029717e-09                 	2.8742029536e-09                 	1.8024596550e-17                 	9.9999999373e-01                 	3.7915642140e-01                 
2.0000000000e+00	1.2506900265e+00	2.4703651977e-09                 	2.4703651791e-09                 	1.8559153603e-17                 	9.9999999249e-01                 	3.3545850717e-01                 
2.1000000000e+00	1.1911333586e+00	2.1268063860e-09                 	2.1268063670e-09                 	1.9019561692e-17                 	9.9999999106e-01                 	2.9892054272e-01                 
2.2000000000e+00	1.1369909332e+00	1.8327719479e-09                 	1.8327719285e-09                 	1.9368723121e-17                 	9.9999998943e-01                 	2.6832895848e-01                 
2.3000000000e+00	1.0875565448e+00	1.5810226542e-09                 	1.5810226346e-09                 	1.9585792474e-17                 	9.9999998761e-01                 	2.4253333224e-01                 
2.4000000000e+00	1.0422416888e+00	1.3658121808e-09                 	1.3658121611e-09                 	1.9662763704e-17                 	9.9999998560e-01                 	2.2058147138e-01                 
2.5000000000e+00	1.0005520212e+00	1.1822136323e-09                 	1.1822136127e-09                 	1.9600693328e-17                 	9.9999998342e-01                 	2.0172399200e-01                 
2.6000000000e+00	9.6206925119e-01	1.0257435605e-09                 	1.0257435411e-09                 	1.9406651109e-17                 	9.9999998108e-01                 	1.8537732409e-01                 
2.7000000000e+00	9.2643705670e-01	8.9234053010e-10                 	8.9234051101e-10                 	1.9091495905e-17                 	9.9999997861e-01                 	1.7108692449e-01                 
2.8000000000e+00	8.9335001896e-01	7.7855268878e-10                 	7.7855267011e-10                 	1.8668379404e-17                 	9.9999997602e-01                 	1.5850051749e-01                 
2.9000000000e+00	8.6254484589e-01	6.8138057894e-10                 	6.8138056072e-10                 	1.8218758171e-17                 	9.9999997326e-01                 	1.4734054841e-01                 
3.0000000000e+00	8.3379335103e-01	5.9818635870e-10                 	5.9818634090e-10                 	1.7801356684e-17                 	9.9999997024e-01                 	1.3738421028e-01                 
3.1000000000e+00	8.0689679132e-01	5.2680917386e-10                 	5.2680915646e-10                 	1.7399733674e-17                 	9.9999996697e-01                 	1.2845421158e-01                 
3.2000000000e+00	7.8168126659e-01	4.6540583319e-10                 	4.6540581619e-10                 	1.7001436175e-17                 	9.9999996347e-01                 	1.2040587191e-01                 
3.3000000000e+00	7.5799395548e-01	4.1243064653e-10                 	4.1243062993e-10                 	1.6597144366e-17                 	9.9999995976e-01                 	1.1312044023e-01                 
3.4000000000e+00	7.3570001561e-01	3.6657698806e-10                 	3.6657697188e-10                 	1.6180133909e-17                 	9.9999995586e-01                 	1.0649905568e-01                 
3.5000000000e+00	7.1468001517e-01	3.2677920080e-10                 	3.2677918505e-10                 	1.5745717563e-17                 	9.9999995182e-01                 	1.0046002835e-01                 
3.6000000000e+00	6.9482779252e-01	2.9213183026e-10                 	2.9213181497e-10                 	1.5291040863e-17                 	9.9999994766e-01                 	9.4934082115e-02                 
3.7000000000e+00	6.7604866300e-01	2.6186740411e-10                 	2.6186738929e-10                 	1.4814776320e-17                 	9.9999994343e-01                 	8.9862024437e-02                 
3.8000000000e+00	6.5825790871e-01	2.3535285202e-10                 	2.3535283770e-10                 	1.4316817209e-17                 	9.9999993917e-01                 	8.5193683553e-02                 
3.9000000000e+00	6.4137950079e-01	2.1207070544e-10                 	2.1207069163e-10                 	1.3811849696e-17                 	9.9999993487e-01                 	8.0886642182e-02                 
4.0000000000e+00	6.2534501327e-01	1.9154770364e-10                 	1.9154769032e-10                 	1.3318159053e-17                 	9.9999993047e-01                 	7.6902466334e-02                 
4.1000000000e+00	6.1009269587e-01	1.7342533272e-10                 	1.7342531988e-10                 	1.2840155537e-17                 	9.9999992596e-01                 	7.3209767390e-02                 
4.2000000000e+00	5.9556667931e-01	1.5736814910e-10                 	1.5736813672e-10                 	1.2381259638e-17                 	9.9999992132e-01                 	6.9779514451e-02                 
4.3000000000e+00	5.8171629142e-01	1.4310378754e-10                 	1.4310377560e-10                 	1.1943741263e-17                 	9.9999991654e-01                 	6.6586867990e-02                 
4.4000000000e+00	5.6849546661e-01	1.3040469641e-10                 	1.3040468488e-10                 	1.1529014862e-17                 	9.9999991159e-01                 	6.3610228456e-02                 
4.5000000000e+00	5.5586223402e-01	1.1906726603e-10                 	1.1906725489e-10                 	1.1137956417e-17                 	9.9999990646e-01                 	6.0829932647e-02                 
4.6000000000e+00	5.4377827241e-01	1.0892172173e-10                 	1.0892171096e-10                 	1.0770905808e-17                 	9.9999990111e-01                 	5.8228804427e-02                 
4.7000000000e+00	5.3220852193e-01	9.9829057270e-11                 	9.9829046842e-11                 	1.0427709841e-17                 	9.9999989554e-01                 	5.5792049216e-02                 
4.8000000000e+00	5.2112084439e-01	9.1652408154e-11                 	9.1652398046e-11                 	1.0108217589e-17                 	9.9999988971e-01                 	5.3505221179e-02                 
4.9000000000e+00	5.1048572512e-01	8.4289915869e-11                 	8.4289906057e-11                 	9.8118066279e-18                 	9.9999988359e-01                 	5.1356572756e-02                 
5.0000000000e+00	5.0027601062e-01	7.7644228701e-11                 	7.7644219163e-11                 	9.5378797117e-18                 	9.9999987716e-01                 	4.9334858464e-02                 
5.1000000000e+00	4.9046667708e-01	7.1636232548e-11                 	7.1636223262e-11                 	9.2856554985e-18                 	9.9999987038e-01                 	4.7430389479e-02                 
5.2000000000e+00	4.8103462559e-01	6.6192077899e-11                 	6.6192068845e-11                 	9.0544004540e-18                 	9.9999986321e-01                 	4.5633994061e-02                 
5.3000000000e+00	4.7195850058e-01	6.1251920826e-11                 	6.1251911983e-11                 	8.8432672298e-18                 	9.9999985562e-01                 	4.3937780339e-02                 
5.4000000000e+00	4.6321852835e-01	5.6759168155e-11                 	5.6759159473e-11                 	8.6814186988e-18                 	9.9999984705e-01                 	4.2334196764e-02                 
5.5000000000e+00	4.5479637329e-01	5.2666337254e-11                 	5.2666328662e-11                 	8.5919283435e-18                 	9.9999983686e-01                 	4.0816574777e-02                 
5.6000000000e+00	4.4667500948e-01	4.8933357703e-11                 	4.8933349136e-11                 	8.5667777632e-18                 	9.9999982493e-01                 	3.9379020708e-02                 
5.7000000000e+00	4.3883860580e-01	4.5521560561e-11                 	4.5521551961e-11                 	8.6001242500e-18                 	9.9999981108e-01                 	3.8015802645e-02                 
5.8000000000e+00	4.3127242295e-01	4.2399959485e-11                 	4.2399950798e-11                 	8.6876300222e-18                 	9.9999979510e-01                 	3.6722024567e-02                 
5.9000000000e+00	4.2396272086e-01	3.9538227297e-11                 	3.9538218470e-11                 	8.8263484788e-18                 	9.9999977676e-01                 	3.5492872014e-02                 
6.0000000000e+00	4.1689667551e-01	3.6910957355e-11                 	3.6910948341e-11                 	9.0143067748e-18                 	9.9999975578e-01                 	3.4324093950e-02                 
6.2000000000e+00	4.0344839566e-01	3.2274215844e-11                 	3.2274206310e-11                 	9.5340646959e-18                 	9.9999970459e-01                 	3.2152649366e-02                 
6.4000000000e+00	3.9084063329e-01	2.8335455090e-11                 	2.8335444844e-11                 	1.0245849940e-17                 	9.9999963841e-01                 	3.0179837232e-02                 
6.6000000000e+00	3.7899697774e-01	2.4972835015e-11                 	2.4972823858e-11                 	1.1157004595e-17                 	9.9999955323e-01                 	2.8382099032e-02                 
6.8000000000e+00	3.6785000781e-01	2.2089303255e-11                 	2.2089290974e-11                 	1.2281399380e-17                 	9.9999944401e-01                 	2.6739405052e-02                 
7.0000000000e+00	3.5734000758e-01	1.9605586720e-11                 	1.9605573082e-11                 	1.3638427776e-17                 	9.9999930436e-01                 	2.5234410233e-02                 
7.2000000000e+00	3.4741389626e-01	1.7456074703e-11                 	1.7456059450e-11                 	1.5252431698e-17                 	9.9999912624e-01                 	2.3851914823e-02                 
7.4000000000e+00	3.3802433150e-01	1.5589542664e-11                 	1.5589525513e-11                 	1.7151699749e-17                 	9.9999889979e-01                 	2.2579169999e-02                 
7.6000000000e+00	3.2912895435e-01	1.3962178348e-11                 	1.3962158980e-11                 	1.9368673659e-17                 	9.9999861278e-01                 	2.1404759755e-02                 
7.8000000000e+00	3.2068975040e-01	1.2538745161e-11                 	1.2538723222e-11                 	2.1939138049e-17                 	9.9999825029e-01                 	2.0318900168e-02                 
8.0000000000e+00	3.1267250664e-01	1.1289105713e-11                 	1.1289080811e-11                 	2.4902299865e-17                 	9.9999779413e-01                 	1.9312821313e-02                 
8.2000000000e+00	3.0504634794e-01	1.0188548758e-11                 	1.0188520458e-11                 	2.8300019450e-17                 	9.9999722237e-01                 	1.8378894692e-02                 
8.4000000000e+00	2.9778333965e-01	9.2163566554e-12                 	9.2163244790e-12                 	3.2176436088e-17                 	9.9999650877e-01                 	1.7510383063e-02                 
8.6000000000e+00	2.9085814571e-01	8.3550856524e-12                 	8.3550490750e-12                 	3.6577317399e-17                 	9.9999562215e-01                 	1.6701318132e-02                 
8.8000000000e+00	2.8424773331e-01	7.5902493504e-12                 	7.5902078013e-12                 	4.1549130745e-17                 	9.9999452599e-01                 	1.5946471690e-02                 
9.0000000000e+00	2.7793111701e-01	6.9087876475e-12                 	6.9087405083e-12                 	4.7139184773e-17                 	9.9999317692e-01                 	1.5240968072e-02                 
9.2000000000e+00	2.7188913620e-01	6.3048884234e-12                 	6.3048350376e-12                 	5.3385765728e-17                 	9.9999153264e-01                 	1.4582092891e-02                 
9.4000000000e+00	2.6610426097e-01	5.7561456169e-12                 	5.7560847905e-12                 	6.0826356404e-17                 	9.9998943280e-01                 	1.3961915256e-02                 
9.6000000000e+00	2.6056042220e-01	5.2677866785e-12                 	5.2677153823e-12                 	7.1296260074e-17                 	9.9998646561e-01                 	1.3381122515e-02                 
9.8000000000e+00	2.5524286256e-01	4.8287430636e-12                 	4.8286575676e-12                 	8.5495926674e-17                 	9.9998229437e-01                 	1.2835304011e-02                 
1.0000000000e+01	2.5013800531e-01	4.4330573368e-12                 	4.4329532025e-12                 	1.0413435807e-16                 	9.9997650958e-01                 	1.2321651095e-02                 
1.0200000000e+01	2.4523333854e-01	4.0760259823e-12                 	4.0758979817e-12                 	1.2800062995e-16                 	9.9996859671e-01                 	1.1837795249e-02                 
1.0400000000e+01	2.4051731280e-01	3.7531189537e-12                 	3.7529610787e-12                 	1.5787504924e-16                 	9.9995793497e-01                 	1.1381425887e-02                 
1.0600000000e+01	2.3597925029e-01	3.4605379378e-12                 	3.4603435447e-12                 	1.9439310421e-16                 	9.9994382576e-01                 	1.0950501290e-02                 
1.0800000000e+01	2.3160926417e-01	3.1948564124e-12                 	3.1946163982e-12                 	2.4001419094e-16                 	9.9992487481e-01                 	1.0543116556e-02                 
1.1000000000e+01	2.2739818664e-01	2.9533081648e-12                 	2.9530058967e-12                 	3.0226813112e-16                 	9.9989765100e-01                 	1.0157635027e-02                 
1.1200000000e+01	2.2333750474e-01	2.7334523201e-12                 	2.7330601146e-12                 	3.9220550533e-16                 	9.9985651643e-01                 	9.7925612516e-03                 
1.1400000000e+01	2.1941930290e-01	2.5328584040e-12                 	2.5323370332e-12                 	5.2137084937e-16                 	9.9979415713e-01                 	9.4463940248e-03                 
1.1600000000e+01	2.1563621147e-01	2.3496054123e-12                 	2.3488814484e-12                 	7.2396382212e-16                 	9.9969187855e-01                 	9.1178497759e-03                 
1.1800000000e+01	2.1198136043e-01	2.1822056824e-12                 	2.1811215146e-12                 	1.0841677871e-15                 	9.9950317800e-01                 	8.8058344167e-03                 
1.2000000000e+01	2.0844833776e-01	2.0294079079e-12                 	2.0273494276e-12                 	2.0584802916e-15                 	9.9898567445e-01                 	8.5091802416e-03                 
1.2200000000e+01	2.0503115189e-01	1.8893863353e-12                 	1.8862093198e-12                 	3.1770154840e-15                 	9.9831849346e-01                 	8.2268950426e-03                 
1.2400000000e+01	2.0172419783e-01	1.7604983215e-12                 	1.7565590811e-12                 	3.9392404208e-15                 	9.9776242876e-01                 	7.9581026794e-03                 
1.2600000000e+01	1.9852222644e-01	1.6419076644e-12                 	1.6373121619e-12                 	4.5955024747e-15                 	9.9720112003e-01                 	7.7019576905e-03                 
1.2800000000e+01	1.9542031665e-01	1.5326887357e-12                 	1.5274992734e-12                 	5.1894622271e-15                 	9.9661414473e-01                 	7.4576797988e-03                 
1.3000000000e+01	1.9241385024e-01	1.4319709616e-12                 	1.4261495345e-12                 	5.8214271064e-15                 	9.9593467517e-01                 	7.2244804860e-03                 
1.3200000000e+01	1.8949848887e-01	1.3392959238e-12                 	1.3326541053e-12                 	6.6418184835e-15                 	9.9504081334e-01                 	7.0017970387e-03                 
1.3400000000e+01	1.8667015322e-01	1.2540303647e-12                 	1.2461688520e-12                 	7.8615126903e-15                 	9.9373100292e-01                 	6.7889131610e-03                 
1.3600000000e+01	1.8392500390e-01	1.1757401057e-12                 	1.1661719017e-12                 	9.5682039457e-15                 	9.9186197366e-01                 	6.5853229071e-03                 
1.3800000000e+01	1.8125942414e-01	1.1038767751e-12                 	1.0920588583e-12                 	1.1817916790e-14                 	9.8929417028e-01                 	6.3904640774e-03                 
1.4000000000e+01	1.7867000379e-01	1.0380514537e-12                 	1.0233675453e-12                 	1.4683908337e-14                 	9.8585435405e-01                 	6.2038734468e-03                 
1.4200000000e+01	1.7615352487e-01	9.7777471956e-13                 	9.5956691787e-13                 	1.8207801695e-14                 	9.8137832639e-01                 	6.0250343598e-03                 
1.4400000000e+01	1.7370694813e-01	9.2278688194e-13                 	9.0032327407e-13                 	2.2463607873e-14                 	9.7565677589e-01                 	5.8535773826e-03                 
1.4600000000e+01	1.7132740090e-01	8.7317121796e-13                 	8.4522861117e-13                 	2.7942606781e-14                 	9.6799870838e-01                 	5.6890760051e-03                 
1.4800000000e+01	1.6901216575e-01	8.2875499758e-13                 	7.9394785815e-13                 	3.4807139426e-14                 	9.5800068835e-01                 	5.5311591896e-03                 
1.5000000000e+01	1.6675867021e-01	7.8914729488e-13                 	7.4611929032e-13                 	4.3028004562e-14                 	9.4547531894e-01                 	5.3794302607e-03                 
1.5200000000e+01	1.6456447718e-01	7.5395646589e-13                 	7.0161180778e-13                 	5.2344658109e-14                 	9.3057336799e-01                 	5.2336910357e-03                 
1.5400000000e+01	1.6242727617e-01	7.2212393322e-13                 	6.5992831270e-13                 	6.2195620519e-14                 	9.1387126550e-01                 	5.0934189600e-03                 
1.5600000000e+01	1.6034487520e-01	6.9370615812e-13                 	6.2110816088e-13                 	7.2597997244e-14                 	8.9534762465e-01                 	4.9585720102e-03                 
1.5800000000e+01	1.5831519323e-01	6.6883862762e-13                 	5.8492547208e-13                 	8.3913155536e-14                 	8.7453901125e-01                 	4.8288761676e-03                 
1.6000000000e+01	1.5633625332e-01	6.4712802427e-13                 	5.5095567541e-13                 	9.6172348858e-14                 	8.5138590008e-01                 	4.7038560913e-03                 
1.6200000000e+01	1.5440617612e-01	6.2866418974e-13                 	5.1925267557e-13                 	1.0941151417e-13                 	8.2596191106e-01                 	4.5835003279e-03                 
1.6400000000e+01	1.5252317397e-01	6.1333571507e-13                 	4.8964324702e-13                 	1.2369246805e-13                 	7.9832828089e-01                 	4.4675816579e-03                 
1.6600000000e+01	1.5068554537e-01	6.0071660669e-13                 	4.6159508062e-13                 	1.3912152606e-13                 	7.6840739125e-01                 	4.3554829003e-03                 
1.6800000000e+01	1.4889166983e-01	5.9134294482e-13                 	4.3555261625e-13                 	1.5579032857e-13                 	7.3654825861e-01                 	4.2476238506e-03                 
1.7000000000e+01	1.4714000312e-01	5.8488764716e-13                 	4.1101593592e-13                 	1.7387171124e-13                 	7.0272630634e-01                 	4.1434159983e-03                 
1.7200000000e+01	1.4542907285e-01	5.8144975020e-13                 	3.8788708758e-13                 	1.9356266261e-13                 	6.6710336956e-01                 	4.0426949766e-03                 
1.7400000000e+01	1.4375747432e-01	5.8132128335e-13                 	3.6622809846e-13                 	2.1509318488e-13                 	6.2999258578e-01                 	3.9454879241e-03                 
1.7600000000e+01	1.4212386665e-01	5.8469204509e-13                 	3.4593285066e-13                 	2.3875919443e-13                 	5.9164966167e-01                 	3.8516349271e-03                 
1.7800000000e+01	1.4052696927e-01	5.9169308806e-13                 	3.2675173898e-13                 	2.6494134908e-13                 	5.5223179986e-01                 	3.7607942526e-03                 
1.8000000000e+01	1.3896555850e-01	6.0277934436e-13                 	3.0870905804e-13                 	2.9407028632e-13                 	5.1214272839e-01                 	3.6729555935e-03                 
1.8200000000e+01	1.3743846446e-01	6.1840133948e-13                 	2.9171603813e-13                 	3.2668530134e-13                 	4.7172607740e-01                 	3.5879720565e-03                 
1.8400000000e+01	1.3594456810e-01	6.3947354883e-13                 	2.7570402132e-13                 	3.6376952751e-13                 	4.3114218223e-01                 	3.5057214623e-03                 
1.8600000000e+01	1.3448279855e-01	6.6653140451e-13                 	2.6059806393e-13                 	4.0593334057e-13                 	3.9097642237e-01                 	3.4260723832e-03                 
1.8800000000e+01	1.3305213048e-01	6.9972750255e-13                 	2.4636262983e-13                 	4.5336487272e-13                 	3.5208367391e-01                 	3.3489470677e-03                 
1.9000000000e+01	1.3165158174e-01	7.3907093724e-13                 	2.3291046168e-13                 	5.0616047556e-13                 	3.1513952172e-01                 	3.2741954669e-03                 
1.9200000000e+01	1.3028021110e-01	7.8447008002e-13                 	2.2021357736e-13                 	5.6425650266e-13                 	2.8071634976e-01                 	3.2017504485e-03                 
1.9400000000e+01	1.2893711614e-01	8.3563243014e-13                 	2.0822483449e-13                 	6.2740759565e-13                 	2.4918232823e-01                 	3.1315184243e-03                 
1.9600000000e+01	1.2762143128e-01	8.9203411482e-13                 	1.9688240148e-13                 	6.9515171334e-13                 	2.2071173984e-01                 	3.0633825263e-03                 
1.9800000000e+01	1.2633232591e-01	9.5291418791e-13                 	1.8616521340e-13                 	7.6674897451e-13                 	1.9536409024e-01                 	2.9972875999e-03                 
2.0000000000e+01	1.2506900265e-01	1.0172154882e-12                 	1.7603526115e-13                 	8.4118022708e-13                 	1.7305601732e-01                 	2.9331533376e-03                 
2.0830000000e+01	1.2008545622e-01	1.2852523382e-12                 	1.4808187368e-13                 	1.1371704645e-12                 	1.1521618695e-01                 	2.7015302995e-03                 
2.1740000000e+01	1.1505888009e-01	1.5123815876e-12                 	1.0765952825e-13                 	1.4047220593e-12                 	7.1185426438e-02                 	2.4467579850e-03                 
2.2730000000e+01	1.1004751663e-01	1.9363212221e-12                 	8.0977790098e-14                 	1.8553434320e-12                 	4.1820432052e-02                 	2.2183804732e-03                 
2.3810000000e+01	1.0505586111e-01	2.7958721026e-12                 	6.3591158782e-14                 	2.7322809438e-12                 	2.2744659430e-02                 	2.0127908161e-03                 
2.5000000000e+01	1.0005520212e-01	4.1223985995e-12                 	3.8252104608e-14                 	4.0841464949e-12                 	9.2790892692e-03                 	1.7860514166e-03                 
2.6320000000e+01	9.5037236059e-02	6.0367311776e-12                 	2.3067726489e-14                 	6.0136634511e-12                 	3.8212280471e-03                 	1.5839025870e-03                 
2.7780000000e+01	9.0042478513e-02	1.0898210490e-11                 	1.0481130050e-14                 	1.0887729360e-11                 	9.6172945632e-04                 	1.3864619555e-03                 
2.9410000000e+01	8.5052024926e-02	1.8294666589e-11                 	4.3227144029e-15                 	1.8290343874e-11                 	2.3628276481e-04                 	1.2121394442e-03                 
3.1250000000e+01	8.0044161699e-02	4.7686961809e-11                 	5.1222490324e-16                 	4.7686449584e-11                 	1.0741403600e-05                 	1.0288104998e-03                 
3.3330000000e+01	7.5048906483e-02	1.1349186021e-10                 	6.7596672666e-15                 	1.1348510054e-10                 	5.9560811269e-05                 	8.5430550359e-04                 
3.3900000000e+01	7.3787022215e-02	1.3225145963e-10                 	8.4157544282e-15                 	1.3224304388e-10                 	6.3634491836e-05                 	8.1978107931e-04                 
3.4480000000e+01	7.2545825205e-02	1.3005586372e-10                 	9.8107136707e-15                 	1.3004605301e-10                 	7.5434612404e-05                 	7.8528105003e-04                 
3.5090000000e+01	7.1284698008e-02	1.3764021090e-10                 	1.0975392789e-14                 	1.3762923550e-10                 	7.9739726621e-05                 	7.5331077471e-04                 
3.5710000000e+01	7.0047047132e-02	1.6217504756e-10                 	1.9002720443e-14                 	1.6215604484e-10                 	1.1717413208e-04                 	7.0833105198e-04                 
3.6360000000e+01	6.8794830943e-02	1.9878684040e-10                 	3.0845610258e-14                 	1.9875599479e-10                 	1.5516927677e-04                 	6.6458155199e-04                 
3.7040000000e+01	6.7531858885e-02	2.6070757159e-10                 	4.8365776017e-14                 	2.6065920581e-10                 	1.8551734313e-04                 	6.2184901054e-04                 
3.7740000000e+01	6.6279280686e-02	4.2636711101e-10                 	8.7136332102e-14                 	4.2627997468e-10                 	2.0436926267e-04                 	5.7353952102e-04                 
3.8460000000e+01	6.5038482920e-02	6.6183952518e-10                 	1.2739127259e-13                 	6.6171213390e-10                 	1.9248060556e-04                 	5.3002949666e-04                 
3.9220000000e+01	6.3778175754e-02	7.7475744602e-10                 	1.1270359384e-13                 	7.7464474242e-10                 	1.4546952007e-04                 	5.0698187015e-04                 
3.9680000000e+01	6.3038811822e-02	7.0194225185e-10                 	9.0644370696e-14                 	7.0185160748e-10                 	1.2913365801e-04                 	5.0475813959e-04                 
4.0000000000e+01	6.2534501327e-02	6.7956036955e-10                 	8.6420961386e-14                 	6.7947394859e-10                 	1.2717186766e-04                 	4.9769815012e-04                 
4.0820000000e+01	6.1278296254e-02	6.9857215421e-10                 	1.0003793669e-13                 	6.9847211628e-10                 	1.4320344160e-04                 	4.6797412399e-04                 
4.1670000000e+01	6.0028319009e-02	8.9531885757e-10                 	1.5235084126e-13                 	8.9516650673e-10                 	1.7016378017e-04                 	4.2472981716e-04                 
4.2190000000e+01	5.9288458239e-02	1.0195181109e-09                 	1.8660287366e-13                 	1.0193315080e-09                 	1.8303046475e-04                 	4.0112326059e-04                 
4.2550000000e+01	5.8786840261e-02	1.0162910477e-09                 	1.7336987497e-13                 	1.0161176778e-09                 	1.7059077256e-04                 	3.9424147205e-04                 
4.2920000000e+01	5.8280057155e-02	1.0112822081e-09                 	1.5775599522e-13                 	1.0111244521e-09                 	1.5599601570e-04                 	3.8770920933e-04                 
4.3480000000e+01	5.7529440043e-02	9.8596465610e-10                 	1.6877150125e-13                 	9.8579588460e-10                 	1.7117398702e-04                 	3.7776455475e-04                 
4.4440000000e+01	5.6286679862e-02	1.2959763004e-09                 	3.4258237132e-13                 	1.2956337180e-09                 	2.6434308345e-04                 	3.4044538933e-04                 
4.5450000000e+01	5.5035864754e-02	2.1367082676e-09                 	7.4752074329e-13                 	2.1359607469e-09                 	3.4984689048e-04                 	2.7391764232e-04                 
4.6510000000e+01	5.3781553496e-02	5.2395370614e-09                 	2.7233155426e-12                 	5.2368137459e-09                 	5.1976262610e-04                 	1.0577474558e-04                 
4.7620000000e+01	5.2527930556e-02	3.7563411694e-09                 	2.5566206412e-12                 	3.7537845488e-09                 	6.8061459965e-04                 	4.5873177599e-05                 
4.8780000000e+01	5.1278803876e-02	1.3167061394e-09                 	1.1550615938e-12                 	1.3155510778e-09                 	8.7723567109e-04                 	5.4080956585e-06                 
5.0000000000e+01	5.0027601062e-02	4.1298049885e-10                 	5.0876334430e-13                 	4.1247173551e-10                 	1.2319306740e-03                 	-6.0533788357e-05                
5.1280000000e+01	4.8778862190e-02	1.8611712202e-10                 	2.7312249977e-13                 	1.8584399952e-10                 	1.4674764836e-03                 	-1.5104326360e-04                
5.2630000000e+01	4.7527646838e-02	1.1520389731e-10                 	1.7308117958e-13                 	1.1503081614e-10                 	1.5023899679e-03                 	-2.6330513110e-04                
5.4050000000e+01	4.6279001907e-02	7.7671710522e-11                 	1.2157844323e-13                 	7.7550132079e-11                 	1.5652860277e-03                 	-4.0197880550e-04                
5.5560000000e+01	4.5021239256e-02	4.9053720256e-11                 	8.4850864851e-14                 	4.8968869392e-11                 	1.7297539189e-03                 	-6.9066160868e-04                
5.7140000000e+01	4.3776339746e-02	3.8332143709e-11                 	6.4668256378e-14                 	3.8267475453e-11                 	1.6870503478e-03                 	-1.0844539488e-03                
5.8820000000e+01	4.2526012463e-02	3.2210398716e-11                 	5.0243554333e-14                 	3.2160155162e-11                 	1.5598550883e-03                 	-1.8600924500e-03                
6.0610000000e+01	4.1270088320e-02	3.0622836452e-11                 	3.9038854928e-14                 	3.0583797597e-11                 	1.2748281822e-03                 	-8.2975186869e-04                
6.1350000000e+01	4.0772291004e-02	2.8521243046e-11                 	3.6196114863e-14                 	2.8485046931e-11                 	1.2690931740e-03                 	1.4421102202e-03                 
6.2500000000e+01	4.0022080849e-02	2.5535103570e-11                 	3.1065850817e-14                 	2.5504037719e-11                 	1.2165938835e-03                 	2.5054620481e-03                 
6.4520000000e+01	3.8769064679e-02	2.0900929414e-11                 	2.5053222947e-14                 	2.0875876191e-11                 	1.1986654971e-03                 	1.6582720130e-03                 
6.6670000000e+01	3.7518824855e-02	1.5312902568e-11                 	1.9884137376e-14                 	1.5293018431e-11                 	1.2985217719e-03                 	1.1193177671e-03                 
6.8970000000e+01	3.6267653372e-02	1.5808585337e-11                 	1.6260307290e-14                 	1.5792325030e-11                 	1.0285744703e-03                 	8.7819267856e-04                 
7.1430000000e+01	3.5018620371e-02	1.3608029075e-11                 	1.3187635882e-14                 	1.3594841439e-11                 	9.6910697420e-04                 	7.0921029464e-04                 
7.4070000000e+01	3.3770488093e-02	1.0327016145e-11                 	1.0713536416e-14                 	1.0316302608e-11                 	1.0374280689e-03                 	5.9234021428e-04                 
7.6920000000e+01	3.2519241460e-02	1.0365831363e-11                 	8.7973749086e-15                 	1.0357033988e-11                 	8.4868975776e-04                 	5.1121035640e-04                 
8.3330000000e+01	3.0017761347e-02	9.6493804398e-12                 	5.7657008632e-15                 	9.6436147390e-12                 	5.9752031741e-04                 	3.8086758348e-04                 
9.0910000000e+01	2.7514905435e-02	8.6965360965e-12                 	3.7779657414e-15                 	8.6927581307e-12                 	4.3442190079e-04                 	2.9505721291e-04                 
1.0000000000e+02	2.5013800531e-02	7.8875059084e-12                 	2.4414313572e-15                 	7.8850644770e-12                 	3.0953147744e-04                 	2.3116137018e-04                 
1.1110000000e+02	2.2514671945e-02	6.9441286863e-12                 	1.5057542158e-15                 	6.9426229321e-12                 	2.1683846654e-04                 	1.7741653111e-04                 
1.2500000000e+02	2.0011040425e-02	6.3915628892e-12                 	9.0547767446e-16                 	6.3906574115e-12                 	1.4166764689e-04                 	1.3603483228e-04                 
1.4290000000e+02	1.7504409049e-02	5.1406639626e-12                 	5.1277748589e-16                 	5.1401511852e-12                 	9.9749271615e-05                 	1.0153368874e-04                 
1.6670000000e+02	1.5005279263e-02	3.6820369123e-12                 	2.6916714108e-16                 	3.6817677452e-12                 	7.3102781825e-05                 	7.3141001055e-05                 
2.0000000000e+02	1.2506900265e-02	2.6873961598e-12                 	1.2708588059e-16                 	2.6872690739e-12                 	4.7289596706e-05                 	5.0055984874e-05                 
2.2220000000e+02	1.1257335972e-02	2.3348746306e-12                 	8.2793499159e-17                 	2.3347918371e-12                 	3.5459505223e-05                 	4.0350484931e-05                 
2.5000000000e+02	1.0005520212e-02	1.8907575697e-12                 	5.1658238881e-17                 	1.8907059115e-12                 	2.7321450252e-05                 	3.1876698598e-05                 
2.8570000000e+02	8.7552679492e-03	1.4646602847e-12                 	3.0056328982e-17                 	1.4646302283e-12                 	2.0521024088e-05                 	2.4286319459e-05                 
3.0000000000e+02	8.3379335103e-03	1.1624160839e-12                 	2.4717973600e-17                 	1.1623913660e-12                 	2.1264307972e-05                 	2.2027155705e-05                 
3.3330000000e+02	7.5048906483e-03	1.1159831718e-12                 	1.6224727040e-17                 	1.1159669471e-12                 	1.4538505104e-05                 	1.7845333486e-05                 
4.0000000000e+02	6.2534501327e-03	7.8460138314e-13                 	7.8201800992e-18                 	7.8459356296e-13                 	9.9670740675e-06                 	1.2390517868e-05                 
5.0000000000e+02	5.0027601062e-03	5.5793476994e-13                 	3.2028990628e-18                 	5.5793156704e-13                 	5.7406335568e-06                 	7.9300668119e-06                 
6.6670000000e+02	3.7518824855e-03	2.4409127553e-13                 	1.0130352107e-18                 	2.4409026250e-13                 	4.1502311317e-06                 	4.4604019070e-06                 
1.0000000000e+03	2.5013800531e-03	6.9744302623e-14                 	2.0013043886e-19                 	6.9744102492e-14                 	2.8694879917e-06                 	1.9826340035e-06                 
1.0200000000e+03	2.4523333854e-03	9.2308179098e-14                 	1.8489202214e-19                 	9.2307994206e-14                 	2.0029863436e-06                 	1.9056398115e-06                 
1.1000000000e+03	2.2739818664e-03	1.0038852372e-13                 	1.3669502434e-19                 	1.0038838703e-13                 	1.3616598718e-06                 	1.6385309299e-06                 
1.2000000000e+03	2.0844833776e-03	8.5242191701e-14                 	9.6515208319e-20                 	8.5242095185e-14                 	1.1322469119e-06                 	1.3768230790e-06                 
1.4000000000e+03	1.7867000379e-03	5.3968401636e-14                 	5.2095646853e-20                 	5.3968349540e-14                 	9.6529905044e-07                 	1.0115473841e-06                 
1.5750000000e+03	1.5881778115e-03	4.2510489907e-14                 	3.2522910452e-20                 	4.2510457384e-14                 	7.6505611965e-07                 	7.9924812030e-07                 
1.8000000000e+03	1.3896555850e-03	3.4871863856e-14                 	1.9064291930e-20                 	3.4871844792e-14                 	5.4669552533e-07                 	6.1192462104e-07                 
2.1000000000e+03	1.1911333586e-03	2.3801440804e-14                 	1.0290377533e-20                 	2.3801430513e-14                 	4.3234263078e-07                 	4.4957780031e-07                 
2.5000000000e+03	1.0005520212e-03	2.0458149329e-14                 	5.1232849930e-21                 	2.0458144206e-14                 	2.5042758808e-07                 	3.1722207060e-07                 
2.5840000000e+03	9.6802633633e-04	9.4467261811e-15                 	4.4888550334e-21                 	9.4467216923e-15                 	4.7517573256e-07                 	2.9693343242e-07                 
3.2000000000e+03	7.8168126659e-04	1.1987201148e-14                 	1.9085646888e-21                 	1.1987199239e-14                 	1.5921687350e-07                 	1.9361716690e-07                 
8.4690000000e+03	2.9535719130e-04	7.9606744318e-16                 	3.8902371580e-23                 	7.9606740428e-16                 	4.8868185621e-08                 	2.7642674273e-08                 
3.0590000000e+04	8.1771168783e-05	9.4998005169e-17                 	2.2855285519e-25                 	9.4998004940e-17                 	2.4058700473e-09                 	2.1187775633e-09                 
