#wavelengths (mu)	size parameter  	extinction cross section (cm^2)  	scattering cross section (cm^2)  	absorption cross section (cm^2)  	single scattering albedo         	asymmetry parameter              
4.7690000000e-02	1.6586410281e+02	1.0139943371e-07                 	5.8321332170e-08                 	4.3078101544e-08                 	5.7516427887e-01                 	9.5479653297e-01                 
4.8420000000e-02	1.6336346681e+02	1.0150573239e-07                 	5.8653977816e-08                 	4.2851754571e-08                 	5.7783906816e-01                 	9.5050586731e-01                 
4.8800000000e-02	1.6209137424e+02	1.0149137135e-07                 	5.8238386929e-08                 	4.3252984419e-08                 	5.7382599285e-01                 	9.5366123184e-01                 
4.9190000000e-02	1.6080624238e+02	1.0153499068e-07                 	5.8225590616e-08                 	4.3309400062e-08                 	5.7345344918e-01                 	9.5292439531e-01                 
4.9590000000e-02	1.5950915634e+02	1.0154147588e-07                 	5.8229464067e-08                 	4.3312011810e-08                 	5.7345497063e-01                 	9.5292024727e-01                 
4.9790000000e-02	1.5886842866e+02	1.0156336773e-07                 	5.8634565055e-08                 	4.2928802677e-08                 	5.7732001571e-01                 	9.4985654063e-01                 
5.0190000000e-02	1.5760229255e+02	1.0156993519e-07                 	5.8638705323e-08                 	4.2931229863e-08                 	5.7732344926e-01                 	9.4985279939e-01                 
5.1010000000e-02	1.5506879167e+02	1.0170358123e-07                 	5.9014158674e-08                 	4.2689422556e-08                 	5.8025644682e-01                 	9.4438395392e-01                 
5.1440000000e-02	1.5377253233e+02	1.0174420168e-07                 	5.9031636110e-08                 	4.2712565572e-08                 	5.8019656289e-01                 	9.4345025765e-01                 
5.1660000000e-02	1.5311767446e+02	1.0176929097e-07                 	5.8712930263e-08                 	4.3056360707e-08                 	5.7692187598e-01                 	9.4526061083e-01                 
5.1870000000e-02	1.5249776485e+02	1.0177333657e-07                 	5.8715115465e-08                 	4.3058221104e-08                 	5.7692041398e-01                 	9.4525871125e-01                 
5.2090000000e-02	1.5185369673e+02	1.0180142512e-07                 	5.8438629110e-08                 	4.3362796011e-08                 	5.7404529495e-01                 	9.4674909362e-01                 
5.2980000000e-02	1.4930273807e+02	1.0176544928e-07                 	5.7750813185e-08                 	4.4014636091e-08                 	5.6748939445e-01                 	9.5291312258e-01                 
5.3200000000e-02	1.4868532073e+02	1.0173031193e-07                 	5.7680865615e-08                 	4.4049446317e-08                 	5.6699782513e-01                 	9.5415769171e-01                 
5.3430000000e-02	1.4804527537e+02	1.0169363997e-07                 	5.7618584961e-08                 	4.4075055012e-08                 	5.6658985731e-01                 	9.5534633909e-01                 
5.3660000000e-02	1.4741071679e+02	1.0172250781e-07                 	5.8309526098e-08                 	4.3412981717e-08                 	5.7322147625e-01                 	9.5013139837e-01                 
5.3910000000e-02	1.4672712044e+02	1.0174091854e-07                 	5.8673176331e-08                 	4.3067742207e-08                 	5.7669202494e-01                 	9.4731294100e-01                 
5.4370000000e-02	1.4548572858e+02	1.0184501594e-07                 	5.9444379586e-08                 	4.2400636357e-08                 	5.8367490088e-01                 	9.3947350718e-01                 
5.4850000000e-02	1.4421256268e+02	1.0195808938e-07                 	5.9884850856e-08                 	4.2073238526e-08                 	5.8734771531e-01                 	9.3334583632e-01                 
5.5100000000e-02	1.4355824070e+02	1.0198380881e-07                 	5.9603362318e-08                 	4.2380446488e-08                 	5.8443946168e-01                 	9.3502554295e-01                 
5.5340000000e-02	1.4293565347e+02	1.0201856666e-07                 	5.9664045703e-08                 	4.2354520954e-08                 	5.8483516930e-01                 	9.3376553349e-01                 
5.5590000000e-02	1.4229284157e+02	1.0204684513e-07                 	5.9430879489e-08                 	4.2615965645e-08                 	5.8238821015e-01                 	9.3507671217e-01                 
5.5840000000e-02	1.4165578551e+02	1.0207695829e-07                 	5.9227360466e-08                 	4.2849597829e-08                 	5.8022262277e-01                 	9.3614814828e-01                 
5.6360000000e-02	1.4034881233e+02	1.0211482840e-07                 	5.9054115959e-08                 	4.3060712444e-08                 	5.7831087691e-01                 	9.3699625067e-01                 
5.6610000000e-02	1.3972900659e+02	1.0214818463e-07                 	5.8903271856e-08                 	4.3244912777e-08                 	5.7664531257e-01                 	9.3764280533e-01                 
5.6870000000e-02	1.3909018925e+02	1.0215316931e-07                 	5.8661511855e-08                 	4.3491657450e-08                 	5.7425053235e-01                 	9.3972845071e-01                 
5.7660000000e-02	1.3718451375e+02	1.0217215526e-07                 	5.8207815610e-08                 	4.3964339652e-08                 	5.6970331555e-01                 	9.4358690957e-01                 
5.8750000000e-02	1.3463930320e+02	1.0216563263e-07                 	5.7872213764e-08                 	4.4293418867e-08                 	5.6645480749e-01                 	9.4701604967e-01                 
5.9310000000e-02	1.3336805029e+02	1.0214300368e-07                 	5.7749438729e-08                 	4.4393564951e-08                 	5.6537830932e-01                 	9.4864603673e-01                 
5.9600000000e-02	1.3271911179e+02	1.0214910423e-07                 	5.7751618034e-08                 	4.4397486196e-08                 	5.6536587834e-01                 	9.4864228467e-01                 
6.0180000000e-02	1.3143999772e+02	1.0216124034e-07                 	5.7755923730e-08                 	4.4405316610e-08                 	5.6534086252e-01                 	9.4863472638e-01                 
6.0480000000e-02	1.3078801361e+02	1.0220118120e-07                 	5.8108267653e-08                 	4.4092913552e-08                 	5.6856747611e-01                 	9.4519686764e-01                 
6.1370000000e-02	1.2889129970e+02	1.0228759974e-07                 	5.8365359474e-08                 	4.3922240262e-08                 	5.7060053833e-01                 	9.4187747216e-01                 
6.1680000000e-02	1.2824349972e+02	1.0229705600e-07                 	5.8154845860e-08                 	4.4142210141e-08                 	5.6848992663e-01                 	9.4363475843e-01                 
6.1990000000e-02	1.2760217878e+02	1.0233661550e-07                 	5.8289176855e-08                 	4.4047438644e-08                 	5.6958280837e-01                 	9.4192528261e-01                 
6.2300000000e-02	1.2696724017e+02	1.0234760905e-07                 	5.8091938172e-08                 	4.4255670880e-08                 	5.6759448228e-01                 	9.4357075940e-01                 
6.2610000000e-02	1.2633858909e+02	1.0236606897e-07                 	5.7722233876e-08                 	4.4643835093e-08                 	5.6388053637e-01                 	9.4658309037e-01                 
6.3250000000e-02	1.2506022234e+02	1.0231938003e-07                 	5.7260725196e-08                 	4.5058654832e-08                 	5.5962736659e-01                 	9.5141736680e-01                 
6.3580000000e-02	1.2441112084e+02	1.0228979571e-07                 	5.7115504677e-08                 	4.5174291034e-08                 	5.5836952533e-01                 	9.5312119151e-01                 
6.3900000000e-02	1.2378809175e+02	1.0225034936e-07                 	5.7156817033e-08                 	4.5093532322e-08                 	5.5898896575e-01                 	9.5340388092e-01                 
6.4230000000e-02	1.2315209502e+02	1.0221087846e-07                 	5.7218042393e-08                 	4.4992836066e-08                 	5.5980384139e-01                 	9.5354072573e-01                 
6.4570000000e-02	1.2250362495e+02	1.0221093371e-07                 	5.7658712322e-08                 	4.4552221389e-08                 	5.6411491637e-01                 	9.5018436164e-01                 
6.4900000000e-02	1.2188072516e+02	1.0225548900e-07                 	5.8018131786e-08                 	4.4237357218e-08                 	5.6738403338e-01                 	9.4675511274e-01                 
6.5590000000e-02	1.2059855257e+02	1.0237786583e-07                 	5.8623208913e-08                 	4.3754656917e-08                 	5.7261604779e-01                 	9.3996918045e-01                 
6.5940000000e-02	1.1995843286e+02	1.0241942275e-07                 	5.8750023132e-08                 	4.3669399617e-08                 	5.7362189275e-01                 	9.3829517869e-01                 
6.6290000000e-02	1.1932507260e+02	1.0246248877e-07                 	5.8663673421e-08                 	4.3798815346e-08                 	5.7253804906e-01                 	9.3841991203e-01                 
6.6660000000e-02	1.1866275222e+02	1.0247398063e-07                 	5.8460463303e-08                 	4.4013517323e-08                 	5.7049080114e-01                 	9.4014331749e-01                 
6.7020000000e-02	1.1802535158e+02	1.0248636387e-07                 	5.8265880078e-08                 	4.4220483790e-08                 	5.6852324425e-01                 	9.4177334479e-01                 
6.7370000000e-02	1.1741218737e+02	1.0249969455e-07                 	5.8079993953e-08                 	4.4419700596e-08                 	5.6663577593e-01                 	9.4331117570e-01                 
6.7740000000e-02	1.1677087486e+02	1.0247294795e-07                 	5.7940487412e-08                 	4.4532460537e-08                 	5.6542227555e-01                 	9.4505316516e-01                 
6.8110000000e-02	1.1613653007e+02	1.0244449402e-07                 	5.7801051961e-08                 	4.4643442062e-08                 	5.6421823849e-01                 	9.4677592656e-01                 
6.8880000000e-02	1.1483825585e+02	1.0245503068e-07                 	5.8002208542e-08                 	4.4452822136e-08                 	5.6612357790e-01                 	9.4520158341e-01                 
7.0850000000e-02	1.1164515262e+02	1.0248617582e-07                 	5.8897719755e-08                 	4.3588456062e-08                 	5.7468940846e-01                 	9.3794931585e-01                 
7.1660000000e-02	1.1038318536e+02	1.0253932035e-07                 	5.9263541973e-08                 	4.3275778381e-08                 	5.7795918452e-01                 	9.3426149044e-01                 
7.2500000000e-02	1.0910426294e+02	1.0262797105e-07                 	5.9993631205e-08                 	4.2634339841e-08                 	5.8457387975e-01                 	9.2666547076e-01                 
7.2930000000e-02	1.0846097714e+02	1.0267000912e-07                 	6.0110616454e-08                 	4.2559392662e-08                 	5.8547395653e-01                 	9.2500523621e-01                 
7.3350000000e-02	1.0783993269e+02	1.0271136661e-07                 	6.0230069297e-08                 	4.2481297316e-08                 	5.8640120644e-01                 	9.2332012586e-01                 
7.3790000000e-02	1.0719689745e+02	1.0272105938e-07                 	6.0234132682e-08                 	4.2486926699e-08                 	5.8638543104e-01                 	9.2331614469e-01                 
7.4230000000e-02	1.0656148542e+02	1.0273071459e-07                 	6.0238164711e-08                 	4.2492549881e-08                 	5.8636956776e-01                 	9.2331211762e-01                 
7.5140000000e-02	1.0527094840e+02	1.0275357997e-07                 	6.0747802919e-08                 	4.2005777054e-08                 	5.9119889482e-01                 	9.1876619462e-01                 
7.5590000000e-02	1.0464425272e+02	1.0279706214e-07                 	6.1120055428e-08                 	4.1677006715e-08                 	5.9457006021e-01                 	9.1472293024e-01                 
7.6010000000e-02	1.0406603161e+02	1.0284220448e-07                 	6.1763150084e-08                 	4.1079054397e-08                 	6.0056229245e-01                 	9.0808207831e-01                 
7.6520000000e-02	1.0337243940e+02	1.0294800219e-07                 	6.2899851562e-08                 	4.0048150632e-08                 	6.1098661675e-01                 	8.9520927699e-01                 
7.7000000000e-02	1.0272803978e+02	1.0301253403e-07                 	6.3108434951e-08                 	3.9904099080e-08                 	6.1262870140e-01                 	8.9190617990e-01                 
7.7970000000e-02	1.0145003287e+02	1.0313903850e-07                 	6.3559189017e-08                 	3.9579849478e-08                 	6.1624763954e-01                 	8.8502354359e-01                 
7.8960000000e-02	1.0017805297e+02	1.0326273223e-07                 	6.4047226974e-08                 	3.9215505257e-08                 	6.2023564156e-01                 	8.7783969487e-01                 
7.9990000000e-02	9.8888099298e+01	1.0338514182e-07                 	6.4324786083e-08                 	3.9060355736e-08                 	6.2218598293e-01                 	8.7286091653e-01                 
8.0500000000e-02	9.8261603265e+01	1.0344637324e-07                 	6.4365349947e-08                 	3.9081023294e-08                 	6.2220982651e-01                 	8.7139950964e-01                 
8.1030000000e-02	9.7618895012e+01	1.0348420814e-07                 	6.4508746453e-08                 	3.8975461691e-08                 	6.2336802504e-01                 	8.6947265065e-01                 
8.1560000000e-02	9.6984539760e+01	1.0354613619e-07                 	6.4570195700e-08                 	3.8975940491e-08                 	6.2358865406e-01                 	8.6783821903e-01                 
8.3200000000e-02	9.5072825275e+01	1.0370486058e-07                 	6.5305498109e-08                 	3.8399362472e-08                 	6.2972456395e-01                 	8.5799690956e-01                 
8.3760000000e-02	9.4437190340e+01	1.0380530476e-07                 	6.6109424186e-08                 	3.7695880578e-08                 	6.3685978608e-01                 	8.4789517766e-01                 
8.4330000000e-02	9.3798874218e+01	1.0391076856e-07                 	6.6294144820e-08                 	3.7616623743e-08                 	6.3799109309e-01                 	8.4417985835e-01                 
8.4600000000e-02	9.3499516109e+01	1.0396277137e-07                 	6.6400498893e-08                 	3.7562272477e-08                 	6.3869496761e-01                 	8.4220432756e-01                 
8.4910000000e-02	9.3158156434e+01	1.0399872446e-07                 	6.6175321152e-08                 	3.7823403312e-08                 	6.3630896911e-01                 	8.4407183513e-01                 
8.5200000000e-02	9.2841068813e+01	1.0403138427e-07                 	6.6149096221e-08                 	3.7882288052e-08                 	6.3585711834e-01                 	8.4392019903e-01                 
8.5510000000e-02	9.2504491438e+01	1.0406816409e-07                 	6.5954816526e-08                 	3.8113347564e-08                 	6.3376554302e-01                 	8.4546494270e-01                 
8.5700000000e-02	9.2299405634e+01	1.0409780789e-07                 	6.5942391238e-08                 	3.8155416650e-08                 	6.3346570476e-01                 	8.4515668126e-01                 
8.6090000000e-02	9.1881276139e+01	1.0413417879e-07                 	6.5937885107e-08                 	3.8196293687e-08                 	6.3320118208e-01                 	8.4480345220e-01                 
8.6690000000e-02	9.1245346209e+01	1.0420107560e-07                 	6.5939671985e-08                 	3.8261403615e-08                 	6.3281181701e-01                 	8.4396242314e-01                 
8.7000000000e-02	9.0920219113e+01	1.0423491916e-07                 	6.5947076826e-08                 	3.8287842334e-08                 	6.3267739216e-01                 	8.4348017509e-01                 
8.7300000000e-02	9.0607778498e+01	1.0427247428e-07                 	6.5814075214e-08                 	3.8458399063e-08                 	6.3117400513e-01                 	8.4438643098e-01                 
8.7920000000e-02	8.9968824646e+01	1.0434457022e-07                 	6.5722108930e-08                 	3.8622461288e-08                 	6.2985653008e-01                 	8.4446288513e-01                 
8.8560000000e-02	8.9318643438e+01	1.0440349470e-07                 	6.5388262115e-08                 	3.9015232586e-08                 	6.2630338479e-01                 	8.4733712752e-01                 
8.9190000000e-02	8.8687734755e+01	1.0446305430e-07                 	6.5106273442e-08                 	3.9356780857e-08                 	6.2324688742e-01                 	8.4964072132e-01                 
8.9830000000e-02	8.8055872903e+01	1.0450588421e-07                 	6.4722782764e-08                 	3.9783101445e-08                 	6.1932189995e-01                 	8.5332731454e-01                 
9.0490000000e-02	8.7413626509e+01	1.0453321645e-07                 	6.4240617614e-08                 	4.0292598833e-08                 	6.1454741180e-01                 	8.5835567068e-01                 
9.1840000000e-02	8.6128691886e+01	1.0454815693e-07                 	6.3258075850e-08                 	4.1290081082e-08                 	6.0506160707e-01                 	8.6942441190e-01                 
9.3220000000e-02	8.4853669415e+01	1.0455677054e-07                 	6.2494755891e-08                 	4.2062014653e-08                 	5.9771122965e-01                 	8.7835617330e-01                 
9.4640000000e-02	8.3580505736e+01	1.0449609497e-07                 	6.1495317802e-08                 	4.3000777167e-08                 	5.8849393195e-01                 	8.9114849127e-01                 
9.5370000000e-02	8.2940747225e+01	1.0444944132e-07                 	6.1163276096e-08                 	4.3286165227e-08                 	5.8557781949e-01                 	8.9602543097e-01                 
9.5740000000e-02	8.2620211644e+01	1.0442320319e-07                 	6.1110604022e-08                 	4.3312599169e-08                 	5.8522054634e-01                 	8.9728361283e-01                 
9.6110000000e-02	8.2302144031e+01	1.0442464076e-07                 	6.1160460231e-08                 	4.3264180533e-08                 	5.8568992705e-01                 	8.9696862871e-01                 
9.6480000000e-02	8.1986515991e+01	1.0443493919e-07                 	6.1410522011e-08                 	4.3024417182e-08                 	5.8802659805e-01                 	8.9439201090e-01                 
9.6860000000e-02	8.1664867467e+01	1.0442724289e-07                 	6.1529666406e-08                 	4.2897576480e-08                 	5.8921086783e-01                 	8.9350654598e-01                 
9.7620000000e-02	8.1029082799e+01	1.0451213978e-07                 	6.2260241373e-08                 	4.2251898407e-08                 	5.9572257830e-01                 	8.8488893328e-01                 
9.8400000000e-02	8.0386779094e+01	1.0465579534e-07                 	6.3160551535e-08                 	4.1495243810e-08                 	6.0350744387e-01                 	8.7349889847e-01                 
9.8790000000e-02	8.0069430740e+01	1.0473634891e-07                 	6.3180895572e-08                 	4.1555453338e-08                 	6.0323752192e-01                 	8.7209768017e-01                 
9.9580000000e-02	7.9434214329e+01	1.0478876562e-07                 	6.3271876481e-08                 	4.1516889139e-08                 	6.0380400615e-01                 	8.7076893721e-01                 
9.9980000000e-02	7.9116413911e+01	1.0483501892e-07                 	6.3299830065e-08                 	4.1535188856e-08                 	6.0380425088e-01                 	8.6990756252e-01                 
1.0040000000e-01	7.8785448833e+01	1.0486354741e-07                 	6.3193383927e-08                 	4.1670163481e-08                 	6.0262489196e-01                 	8.7077404289e-01                 
1.0080000000e-01	7.8472808163e+01	1.0489157047e-07                 	6.3096540810e-08                 	4.1795029660e-08                 	6.0154062454e-01                 	8.7152827591e-01                 
1.0160000000e-01	7.7854912036e+01	1.0490621715e-07                 	6.2696384541e-08                 	4.2209832612e-08                 	5.9764222028e-01                 	8.7595805198e-01                 
1.0250000000e-01	7.7171307930e+01	1.0486712556e-07                 	6.2157579226e-08                 	4.2709546331e-08                 	5.9272702380e-01                 	8.8294643791e-01                 
1.0330000000e-01	7.6573659853e+01	1.0487605885e-07                 	6.2242443671e-08                 	4.2633615179e-08                 	5.9348572356e-01                 	8.8248440167e-01                 
1.0420000000e-01	7.5912275075e+01	1.0488793443e-07                 	6.2338003144e-08                 	4.2549931282e-08                 	5.9432959077e-01                 	8.8191302727e-01                 
1.0510000000e-01	7.5262217534e+01	1.0490172223e-07                 	6.2695233527e-08                 	4.2206488704e-08                 	5.9765685628e-01                 	8.7859444894e-01                 
1.0600000000e-01	7.4623198706e+01	1.0502019093e-07                 	6.3844393738e-08                 	4.1175797191e-08                 	6.0792494446e-01                 	8.6535417176e-01                 
1.0640000000e-01	7.4342660365e+01	1.0508139397e-07                 	6.4448929171e-08                 	4.0632464798e-08                 	6.1332388862e-01                 	8.5841149252e-01                 
1.0690000000e-01	7.3994939783e+01	1.0522560876e-07                 	6.5767548832e-08                 	3.9458059930e-08                 	6.2501466711e-01                 	8.4296473783e-01                 
1.0730000000e-01	7.3719096578e+01	1.0545309886e-07                 	6.7081621399e-08                 	3.8371477456e-08                 	6.3612754985e-01                 	8.2632724749e-01                 
1.0780000000e-01	7.3377171269e+01	1.0565173181e-07                 	6.7726751450e-08                 	3.7924980359e-08                 	6.4103777847e-01                 	8.1699514202e-01                 
1.0830000000e-01	7.3038403166e+01	1.0579241529e-07                 	6.7759393603e-08                 	3.8033021686e-08                 	6.4049387112e-01                 	8.1440878037e-01                 
1.0880000000e-01	7.2702748739e+01	1.0586810188e-07                 	6.7549755394e-08                 	3.8318346482e-08                 	6.3805579015e-01                 	8.1509068204e-01                 
1.0920000000e-01	7.2436438304e+01	1.0593529499e-07                 	6.7425969202e-08                 	3.8509325789e-08                 	6.3648257370e-01                 	8.1482974712e-01                 
1.0970000000e-01	7.2106281339e+01	1.0595445018e-07                 	6.6981938014e-08                 	3.8972512165e-08                 	6.3217673161e-01                 	8.1827180228e-01                 
1.1020000000e-01	7.1779120352e+01	1.0594041767e-07                 	6.6442767991e-08                 	3.9497649678e-08                 	6.2717109723e-01                 	8.2317370320e-01                 
1.1070000000e-01	7.1454914750e+01	1.0591240583e-07                 	6.5907971728e-08                 	4.0004434105e-08                 	6.2228755177e-01                 	8.2832804846e-01                 
1.1170000000e-01	7.0815210948e+01	1.0582204946e-07                 	6.4780306301e-08                 	4.1041743162e-08                 	6.1216265069e-01                 	8.4020187179e-01                 
1.1270000000e-01	7.0186859475e+01	1.0574176416e-07                 	6.3861577709e-08                 	4.1880186450e-08                 	6.0393902274e-01                 	8.5051530274e-01                 
1.1370000000e-01	6.9569560799e+01	1.0561754744e-07                 	6.2582395669e-08                 	4.3035151774e-08                 	5.9253786122e-01                 	8.6692017697e-01                 
1.1700000000e-01	6.7607342417e+01	1.0545534335e-07                 	6.0269248637e-08                 	4.5186094712e-08                 	5.7151441286e-01                 	8.9994528445e-01                 
1.1810000000e-01	6.6977638127e+01	1.0539097752e-07                 	5.9638056578e-08                 	4.5752920941e-08                 	5.6587440388e-01                 	9.0973123708e-01                 
1.1860000000e-01	6.6695270344e+01	1.0537196355e-07                 	5.9562769408e-08                 	4.5809194137e-08                 	5.6526202420e-01                 	9.1139917121e-01                 
1.1920000000e-01	6.6359555896e+01	1.0537331861e-07                 	5.9640727831e-08                 	4.5732590781e-08                 	5.6599458589e-01                 	9.1095721351e-01                 
1.1980000000e-01	6.6027204197e+01	1.0539757467e-07                 	5.9875410999e-08                 	4.5522163672e-08                 	5.6809097539e-01                 	9.0837352164e-01                 
1.2210000000e-01	6.4783448508e+01	1.0560967677e-07                 	6.1065132254e-08                 	4.4544544521e-08                 	5.7821531245e-01                 	8.9331157555e-01                 
1.2270000000e-01	6.4466659029e+01	1.0566030379e-07                 	6.1213371741e-08                 	4.4446932048e-08                 	5.7934124308e-01                 	8.9110612935e-01                 
1.2320000000e-01	6.4205024861e+01	1.0569409135e-07                 	6.1257155841e-08                 	4.4436935505e-08                 	5.7957029632e-01                 	8.9021667459e-01                 
1.2400000000e-01	6.3790798894e+01	1.0572828113e-07                 	6.1285227695e-08                 	4.4443053436e-08                 	5.7964838773e-01                 	8.8974869018e-01                 
1.2650000000e-01	6.2530111169e+01	1.0582932808e-07                 	6.1302083274e-08                 	4.4527244808e-08                 	5.7925420472e-01                 	8.8902468470e-01                 
1.2910000000e-01	6.1270790572e+01	1.0592074416e-07                 	6.1247853826e-08                 	4.4672890333e-08                 	5.7824229156e-01                 	8.8922207142e-01                 
1.3190000000e-01	5.9970121780e+01	1.0599208158e-07                 	6.1064538157e-08                 	4.4927543422e-08                 	5.7612358628e-01                 	8.9144922570e-01                 
1.3480000000e-01	5.8679963374e+01	1.0606959769e-07                 	6.0948594722e-08                 	4.5121002968e-08                 	5.7460946444e-01                 	8.9300073593e-01                 
1.3780000000e-01	5.7402460543e+01	1.0614063770e-07                 	6.0756402285e-08                 	4.5384235419e-08                 	5.7241414409e-01                 	8.9552172352e-01                 
1.3930000000e-01	5.6784343595e+01	1.0616847074e-07                 	6.0642274092e-08                 	4.5526196648e-08                 	5.7118910793e-01                 	8.9726539248e-01                 
1.4090000000e-01	5.6139524931e+01	1.0622623668e-07                 	6.0737756900e-08                 	4.5488479778e-08                 	5.7177735746e-01                 	8.9617788801e-01                 
1.4170000000e-01	5.5822576308e+01	1.0624081919e-07                 	6.0659542736e-08                 	4.5581276450e-08                 	5.7096267895e-01                 	8.9723178982e-01                 
1.4250000000e-01	5.5509186406e+01	1.0626482775e-07                 	6.0665237248e-08                 	4.5599590504e-08                 	5.7088726845e-01                 	8.9722045639e-01                 
1.4420000000e-01	5.4854778522e+01	1.0629718070e-07                 	6.0550934926e-08                 	4.5746245771e-08                 	5.6963820234e-01                 	8.9896463799e-01                 
1.4590000000e-01	5.4215620719e+01	1.0633810818e-07                 	6.0519933060e-08                 	4.5818175123e-08                 	5.6912741908e-01                 	8.9964728801e-01                 
1.4670000000e-01	5.3919966345e+01	1.0636171115e-07                 	6.0525355533e-08                 	4.5836355617e-08                 	5.6905210417e-01                 	8.9963533443e-01                 
1.4850000000e-01	5.3266390996e+01	1.0637403961e-07                 	6.0324238551e-08                 	4.6049801055e-08                 	5.6709549411e-01                 	9.0278933519e-01                 
1.4940000000e-01	5.2945509122e+01	1.0638784843e-07                 	6.0336672667e-08                 	4.6051175766e-08                 	5.6713876214e-01                 	9.0302233878e-01                 
1.5030000000e-01	5.2628470145e+01	1.0636521506e-07                 	6.0187326718e-08                 	4.6177888344e-08                 	5.6585535678e-01                 	9.0560031641e-01                 
1.5120000000e-01	5.2315205442e+01	1.0634684087e-07                 	6.0219406899e-08                 	4.6127433968e-08                 	5.6625477925e-01                 	9.0608554693e-01                 
1.5210000000e-01	5.2005648013e+01	1.0635748885e-07                 	6.0621569360e-08                 	4.5735919491e-08                 	5.6997932177e-01                 	9.0225545278e-01                 
1.5310000000e-01	5.1665963833e+01	1.0646650742e-07                 	6.1668303953e-08                 	4.4798203464e-08                 	5.7922726545e-01                 	8.9075087044e-01                 
1.5340000000e-01	5.1564922183e+01	1.0657671488e-07                 	6.2458811431e-08                 	4.4117903451e-08                 	5.8604556821e-01                 	8.8162568384e-01                 
1.5400000000e-01	5.1364019889e+01	1.0676741394e-07                 	6.3726621196e-08                 	4.3040792747e-08                 	5.9687332345e-01                 	8.6707598918e-01                 
1.5440000000e-01	5.1230952480e+01	1.0702341307e-07                 	6.5059450122e-08                 	4.1963962948e-08                 	6.0789922743e-01                 	8.5100820537e-01                 
1.5500000000e-01	5.1032639115e+01	1.0732355186e-07                 	6.6400740930e-08                 	4.0922810929e-08                 	6.1869682637e-01                 	8.3443893447e-01                 
1.5540000000e-01	5.0901280971e+01	1.0753651694e-07                 	6.7307768398e-08                 	4.0228748542e-08                 	6.2590616019e-01                 	8.2315132048e-01                 
1.5600000000e-01	5.0705506813e+01	1.0781837007e-07                 	6.8389881116e-08                 	3.9428488956e-08                 	6.3430639019e-01                 	8.0907224490e-01                 
1.5630000000e-01	5.0608183384e+01	1.0797565285e-07                 	6.8960982782e-08                 	3.9014670070e-08                 	6.3867159828e-01                 	8.0092099713e-01                 
1.5690000000e-01	5.0414653046e+01	1.0810998236e-07                 	6.9434237722e-08                 	3.8675744636e-08                 	6.4225556426e-01                 	7.9304841483e-01                 
1.5730000000e-01	5.0286453038e+01	1.0814816014e-07                 	6.9598253601e-08                 	3.8549906537e-08                 	6.4354542428e-01                 	7.8940946488e-01                 
1.5790000000e-01	5.0095370886e+01	1.0815518349e-07                 	6.9767918309e-08                 	3.8387265184e-08                 	6.4507234934e-01                 	7.8469794224e-01                 
1.5830000000e-01	4.9968787510e+01	1.0811057072e-07                 	6.9760076226e-08                 	3.8350494498e-08                 	6.4526600645e-01                 	7.8268084269e-01                 
1.5940000000e-01	4.9623958989e+01	1.0787572976e-07                 	6.9419244553e-08                 	3.8456485206e-08                 	6.4351123935e-01                 	7.8130619100e-01                 
1.6000000000e-01	4.9437869143e+01	1.0770336832e-07                 	6.9213939884e-08                 	3.8489428432e-08                 	6.4263486803e-01                 	7.8076963470e-01                 
1.6040000000e-01	4.9314582686e+01	1.0756536440e-07                 	6.9118822474e-08                 	3.8446541927e-08                 	6.4257507850e-01                 	7.7973126592e-01                 
1.6100000000e-01	4.9130801633e+01	1.0726349420e-07                 	6.8627034955e-08                 	3.8636459242e-08                 	6.3979861432e-01                 	7.8198958929e-01                 
1.6210000000e-01	4.8797403225e+01	1.0686133018e-07                 	6.6825622180e-08                 	4.0035708001e-08                 	6.2534896456e-01                 	8.0162655967e-01                 
1.6310000000e-01	4.8498216204e+01	1.0683183078e-07                 	6.5386076450e-08                 	4.1445754334e-08                 	6.1204676518e-01                 	8.2165482259e-01                 
1.6420000000e-01	4.8173319506e+01	1.0680608360e-07                 	6.4362433605e-08                 	4.2443649994e-08                 	6.0261018321e-01                 	8.3626513512e-01                 
1.6530000000e-01	4.7852746902e+01	1.0679651774e-07                 	6.3697657390e-08                 	4.3098860348e-08                 	5.9643946019e-01                 	8.4597499703e-01                 
1.6640000000e-01	4.7536412637e+01	1.0680001328e-07                 	6.3261734446e-08                 	4.3538278836e-08                 	5.9233826385e-01                 	8.5247375118e-01                 
1.6750000000e-01	4.7224233211e+01	1.0681877616e-07                 	6.2858899865e-08                 	4.3959876291e-08                 	5.8846302239e-01                 	8.5866705509e-01                 
1.6980000000e-01	4.6584564563e+01	1.0687770247e-07                 	6.2278609069e-08                 	4.4599093403e-08                 	5.8270909300e-01                 	8.6786396314e-01                 
1.7220000000e-01	4.5935302339e+01	1.0686637226e-07                 	6.1783407223e-08                 	4.5082965036e-08                 	5.7813703148e-01                 	8.7511221394e-01                 
1.7710000000e-01	4.4664365121e+01	1.0825016586e-07                 	6.9433505216e-08                 	3.8816660640e-08                 	6.4141707929e-01                 	8.5166613259e-01                 
1.8370000000e-01	4.3059657392e+01	1.0470196783e-07                 	8.9415052371e-08                 	1.5286915460e-08                 	8.5399591071e-01                 	7.5608526775e-01                 
1.9070000000e-01	4.1479072170e+01	1.0411153803e-07                 	9.9123682481e-08                 	4.9878555485e-09                 	9.5209123174e-01                 	6.9443171589e-01                 
2.0000000000e-01	3.9550295314e+01	1.1062586994e-07                 	1.0994926173e-07                 	6.7660821742e-10                 	9.9388381562e-01                 	7.3746321214e-01                 
2.0660000000e-01	3.8286829927e+01	1.0495590648e-07                 	1.0473497920e-07                 	2.2092728446e-10                 	9.9789504667e-01                 	7.2115697869e-01                 
2.1000000000e-01	3.7666947918e+01	1.1070259149e-07                 	1.1057583017e-07                 	1.2676131048e-10                 	9.9885493818e-01                 	7.3729572825e-01                 
2.2000000000e-01	3.5954813922e+01	1.0229253399e-07                 	1.0224293486e-07                 	4.9599129425e-11                 	9.9951512464e-01                 	6.9768227870e-01                 
2.2540000000e-01	3.5093429738e+01	1.2134215570e-07                 	1.2131768030e-07                 	2.4475398778e-11                 	9.9979829435e-01                 	7.0327961796e-01                 
2.3000000000e-01	3.4391561143e+01	1.1782612774e-07                 	1.1781385583e-07                 	1.2271902507e-11                 	9.9989584736e-01                 	6.9076181877e-01                 
2.4000000000e-01	3.2958579429e+01	1.0507410480e-07                 	1.0507198142e-07                 	2.1233749681e-12                 	9.9997979164e-01                 	7.5597218690e-01                 
2.4800000000e-01	3.1895399447e+01	1.1124842514e-07                 	1.1124751966e-07                 	9.0547462404e-13                 	9.9999186079e-01                 	7.7485641677e-01                 
2.5000000000e-01	3.1640236251e+01	1.1448242929e-07                 	1.1448160781e-07                 	8.2147684388e-13                 	9.9999282443e-01                 	7.5965136328e-01                 
2.6000000000e-01	3.0423304088e+01	1.0233154388e-07                 	1.0233118712e-07                 	3.5675723721e-13                 	9.9999651371e-01                 	7.3598046058e-01                 
2.7000000000e-01	2.9296515048e+01	1.1412841729e-07                 	1.1412824768e-07                 	1.6960801526e-13                 	9.9999851388e-01                 	7.6920213132e-01                 
2.8000000000e-01	2.8250210939e+01	1.1377284258e-07                 	1.1377276578e-07                 	7.6798261078e-14                 	9.9999932499e-01                 	7.3560890736e-01                 
2.9000000000e-01	2.7276065734e+01	1.0046206501e-07                 	1.0046202819e-07                 	3.6819927511e-14                 	9.9999963349e-01                 	7.5156236729e-01                 
3.0000000000e-01	2.6366863543e+01	1.0745484653e-07                 	1.0745482204e-07                 	2.4488009426e-14                 	9.9999977211e-01                 	7.0667249796e-01                 
3.2000000000e-01	2.4718934571e+01	1.1689098370e-07                 	1.1689097535e-07                 	8.3506926660e-15                 	9.9999992856e-01                 	7.7316973270e-01                 
3.4000000000e-01	2.3264879597e+01	9.9250593361e-08                 	9.9250589351e-08                 	4.0103263164e-15                 	9.9999995959e-01                 	7.4231713466e-01                 
3.6000000000e-01	2.1972386286e+01	1.0406626968e-07                 	1.0406626729e-07                 	2.3883487539e-15                 	9.9999997705e-01                 	7.4962087916e-01                 
3.8000000000e-01	2.0815944902e+01	1.3126291514e-07                 	1.3126291277e-07                 	2.3708009585e-15                 	9.9999998194e-01                 	7.3658982854e-01                 
4.0000000000e-01	1.9775147657e+01	1.2211159878e-07                 	1.2211159687e-07                 	1.9035092741e-15                 	9.9999998441e-01                 	7.3259125943e-01                 
4.2000000000e-01	1.8833473959e+01	1.0450898983e-07                 	1.0450898798e-07                 	1.8453087608e-15                 	9.9999998234e-01                 	7.4020742920e-01                 
4.4000000000e-01	1.7977406961e+01	1.0193966729e-07                 	1.0193966636e-07                 	9.2991357951e-16                 	9.9999999088e-01                 	6.9031177353e-01                 
4.6000000000e-01	1.7195780571e+01	1.1024562195e-07                 	1.1024562125e-07                 	6.9728906025e-16                 	9.9999999368e-01                 	7.1123690570e-01                 
4.8000000000e-01	1.6479289714e+01	1.2458147121e-07                 	1.2458147070e-07                 	5.0073125044e-16                 	9.9999999598e-01                 	7.4517845582e-01                 
5.0000000000e-01	1.5820118126e+01	1.3198308010e-07                 	1.3198307984e-07                 	2.6498623421e-16                 	9.9999999799e-01                 	7.7526949193e-01                 
5.2000000000e-01	1.5211652044e+01	1.2804439206e-07                 	1.2804439190e-07                 	1.5888701565e-16                 	9.9999999876e-01                 	7.7625736040e-01                 
5.4000000000e-01	1.4648257524e+01	1.1786018905e-07                 	1.1786018890e-07                 	1.5600189647e-16                 	9.9999999868e-01                 	7.4709217732e-01                 
5.6000000000e-01	1.4125105469e+01	1.1652943285e-07                 	1.1652943262e-07                 	2.2891326717e-16                 	9.9999999804e-01                 	6.9695188885e-01                 
5.8000000000e-01	1.3638032867e+01	1.0255095455e-07                 	1.0255095435e-07                 	2.0069712001e-16                 	9.9999999804e-01                 	7.0811321287e-01                 
6.0000000000e-01	1.3183431771e+01	9.1448020268e-08                 	9.1448020116e-08                 	1.5129636394e-16                 	9.9999999835e-01                 	6.8977533384e-01                 
6.2000000000e-01	1.2758159779e+01	9.9395695127e-08                 	9.9395694942e-08                 	1.8484359134e-16                 	9.9999999814e-01                 	6.9218584948e-01                 
6.4000000000e-01	1.2359467286e+01	9.6398082745e-08                 	9.6398082577e-08                 	1.6865896384e-16                 	9.9999999825e-01                 	7.0898255395e-01                 
6.6000000000e-01	1.1984937974e+01	1.1868196396e-07                 	1.1868196371e-07                 	2.5156001547e-16                 	9.9999999788e-01                 	6.7680310346e-01                 
6.8000000000e-01	1.1632439798e+01	1.1405326284e-07                 	1.1405326264e-07                 	1.9940500762e-16                 	9.9999999825e-01                 	7.4428224512e-01                 
7.0000000000e-01	1.1300084375e+01	1.3192700845e-07                 	1.3192700824e-07                 	2.0838297314e-16                 	9.9999999842e-01                 	7.4383776483e-01                 
7.2000000000e-01	1.0986193143e+01	1.2723581718e-07                 	1.2723581700e-07                 	1.8136419023e-16                 	9.9999999857e-01                 	7.8918007820e-01                 
7.4000000000e-01	1.0689269004e+01	1.3873912148e-07                 	1.3873912130e-07                 	1.7941531965e-16                 	9.9999999871e-01                 	7.9540299101e-01                 
7.6000000000e-01	1.0407972451e+01	1.4581790796e-07                 	1.4581790775e-07                 	2.1821566184e-16                 	9.9999999850e-01                 	7.4884031860e-01                 
7.8000000000e-01	1.0141101363e+01	1.5966630030e-07                 	1.5966629993e-07                 	3.6730722469e-16                 	9.9999999770e-01                 	7.0633873403e-01                 
8.0000000000e-01	9.8875738286e+00	1.4781851835e-07                 	1.4781851814e-07                 	2.0879177206e-16                 	9.9999999859e-01                 	7.8337680458e-01                 
8.2000000000e-01	9.6464134913e+00	1.4292005678e-07                 	1.4292005655e-07                 	2.2933077806e-16                 	9.9999999840e-01                 	7.4435630592e-01                 
8.4000000000e-01	9.4167369796e+00	1.5235066398e-07                 	1.5235066361e-07                 	3.6291593090e-16                 	9.9999999762e-01                 	6.7395524801e-01                 
8.6000000000e-01	9.1977430963e+00	1.3221313474e-07                 	1.3221313452e-07                 	2.1910244682e-16                 	9.9999999834e-01                 	7.4968373847e-01                 
8.8000000000e-01	8.9887034805e+00	1.3786174512e-07                 	1.3786174485e-07                 	2.7008666854e-16                 	9.9999999804e-01                 	6.8000348931e-01                 
9.0000000000e-01	8.7889545143e+00	1.2180712341e-07                 	1.2180712313e-07                 	2.8074646306e-16                 	9.9999999770e-01                 	6.9081721504e-01                 
9.2000000000e-01	8.5978902857e+00	1.1525962041e-07                 	1.1525962011e-07                 	2.9667009651e-16                 	9.9999999743e-01                 	6.2354797461e-01                 
9.4000000000e-01	8.4149564498e+00	1.0938829743e-07                 	1.0938829718e-07                 	2.5293409549e-16                 	9.9999999769e-01                 	6.4659484943e-01                 
9.6000000000e-01	8.2396448571e+00	1.1156832616e-07                 	1.1156832587e-07                 	2.9349551461e-16                 	9.9999999737e-01                 	5.8607344004e-01                 
9.8000000000e-01	8.0714888396e+00	1.0177129194e-07                 	1.0177129162e-07                 	3.2276596410e-16                 	9.9999999683e-01                 	5.7446834625e-01                 
1.0000000000e+00	7.9100590628e+00	1.0393661490e-07                 	1.0393661450e-07                 	3.9646459555e-16                 	9.9999999619e-01                 	4.7857195454e-01                 
1.1000000000e+00	7.1909627844e+00	9.8280589110e-08                 	9.8280588650e-08                 	4.6013414323e-16                 	9.9999999532e-01                 	3.8742606101e-01                 
1.2000000000e+00	6.5917158857e+00	1.0514266975e-07                 	1.0514266928e-07                 	4.6635360048e-16                 	9.9999999556e-01                 	4.7564788381e-01                 
1.3000000000e+00	6.0846608176e+00	1.1463143714e-07                 	1.1463143668e-07                 	4.5359714156e-16                 	9.9999999604e-01                 	5.6371790829e-01                 
1.4000000000e+00	5.6500421877e+00	1.4565771942e-07                 	1.4565771878e-07                 	6.4196046552e-16                 	9.9999999559e-01                 	5.6621990462e-01                 
1.5000000000e+00	5.2733727086e+00	1.6218347862e-07                 	1.6218347804e-07                 	5.8953242386e-16                 	9.9999999637e-01                 	6.6233697163e-01                 
1.6000000000e+00	4.9437869143e+00	1.9014881296e-07                 	1.9014881214e-07                 	8.1829287789e-16                 	9.9999999570e-01                 	6.7160316822e-01                 
1.7000000000e+00	4.6529759193e+00	1.8741039178e-07                 	1.8741039106e-07                 	7.2019718956e-16                 	9.9999999616e-01                 	7.0732776401e-01                 
1.8000000000e+00	4.3944772571e+00	2.1105229082e-07                 	2.1105228998e-07                 	8.3891597424e-16                 	9.9999999603e-01                 	7.2445004290e-01                 
1.9000000000e+00	4.1631889804e+00	2.1503443082e-07                 	2.1503442982e-07                 	1.0018077069e-15                 	9.9999999534e-01                 	7.1670890024e-01                 
2.0000000000e+00	3.9550295314e+00	2.0288964491e-07                 	2.0288964398e-07                 	9.3754256165e-16                 	9.9999999538e-01                 	7.3077858624e-01                 
2.1000000000e+00	3.7666947918e+00	2.0814113102e-07                 	2.0814113007e-07                 	9.4923525450e-16                 	9.9999999544e-01                 	7.4667807783e-01                 
2.2000000000e+00	3.5954813922e+00	2.1526000938e-07                 	2.1526000832e-07                 	1.0599323775e-15                 	9.9999999508e-01                 	7.4612072089e-01                 
2.3000000000e+00	3.4391561143e+00	2.0975897715e-07                 	2.0975897600e-07                 	1.1527420269e-15                 	9.9999999450e-01                 	7.3409067023e-01                 
2.4000000000e+00	3.2958579429e+00	1.9354369025e-07                 	1.9354368913e-07                 	1.1207604100e-15                 	9.9999999421e-01                 	7.1971368424e-01                 
2.5000000000e+00	3.1640236251e+00	1.8232691690e-07                 	1.8232691584e-07                 	1.0574098882e-15                 	9.9999999420e-01                 	7.1510312667e-01                 
2.6000000000e+00	3.0423304088e+00	1.7847307271e-07                 	1.7847307167e-07                 	1.0408956102e-15                 	9.9999999417e-01                 	7.1945047879e-01                 
2.7000000000e+00	2.9296515048e+00	1.7733032168e-07                 	1.7733032062e-07                 	1.0661776168e-15                 	9.9999999399e-01                 	7.2577402046e-01                 
2.8000000000e+00	2.8250210939e+00	1.7470387814e-07                 	1.7470387704e-07                 	1.1056842914e-15                 	9.9999999367e-01                 	7.2937695024e-01                 
2.9000000000e+00	2.7276065734e+00	1.6800631895e-07                 	1.6800631782e-07                 	1.1309837661e-15                 	9.9999999327e-01                 	7.2777402077e-01                 
3.0000000000e+00	2.6366863543e+00	1.5722974090e-07                 	1.5722973978e-07                 	1.1207515875e-15                 	9.9999999287e-01                 	7.1925316175e-01                 
3.1000000000e+00	2.5516319558e+00	1.4491474425e-07                 	1.4491474317e-07                 	1.0741960060e-15                 	9.9999999259e-01                 	7.0367525117e-01                 
3.2000000000e+00	2.4718934571e+00	1.3383066212e-07                 	1.3383066111e-07                 	1.0113141613e-15                 	9.9999999244e-01                 	6.8353143218e-01                 
3.3000000000e+00	2.3969875948e+00	1.2519122678e-07                 	1.2519122583e-07                 	9.5217733311e-16                 	9.9999999239e-01                 	6.6268637880e-01                 
3.4000000000e+00	2.3264879597e+00	1.1886240713e-07                 	1.1886240622e-07                 	9.0660587181e-16                 	9.9999999237e-01                 	6.4432307342e-01                 
3.5000000000e+00	2.2600168751e+00	1.1419511770e-07                 	1.1419511682e-07                 	8.7611576959e-16                 	9.9999999233e-01                 	6.3013560257e-01                 
3.6000000000e+00	2.1972386286e+00	1.1048818333e-07                 	1.1048818247e-07                 	8.5808045799e-16                 	9.9999999223e-01                 	6.2059912980e-01                 
3.7000000000e+00	2.1378538008e+00	1.0714134216e-07                 	1.0714134131e-07                 	8.4828796814e-16                 	9.9999999208e-01                 	6.1545606684e-01                 
3.8000000000e+00	2.0815944902e+00	1.0369289340e-07                 	1.0369289256e-07                 	8.4209431510e-16                 	9.9999999188e-01                 	6.1403422015e-01                 
3.9000000000e+00	2.0282202725e+00	9.9835913493e-08                 	9.9835912658e-08                 	8.3587886005e-16                 	9.9999999163e-01                 	6.1540367386e-01                 
4.0000000000e+00	1.9775147657e+00	9.5406494361e-08                 	9.5406493535e-08                 	8.2696711872e-16                 	9.9999999133e-01                 	6.1849610666e-01                 
4.1000000000e+00	1.9292826983e+00	9.0420981622e-08                 	9.0420980809e-08                 	8.1307505318e-16                 	9.9999999101e-01                 	6.2213816728e-01                 
4.2000000000e+00	1.8833473959e+00	8.5009347473e-08                 	8.5009346679e-08                 	7.9320287721e-16                 	9.9999999067e-01                 	6.2518700944e-01                 
4.3000000000e+00	1.8395486193e+00	7.9387353531e-08                 	7.9387352763e-08                 	7.6761658207e-16                 	9.9999999033e-01                 	6.2660427951e-01                 
4.4000000000e+00	1.7977406961e+00	7.3791042018e-08                 	7.3791041280e-08                 	7.3752443304e-16                 	9.9999999001e-01                 	6.2556350843e-01                 
4.5000000000e+00	1.7577909029e+00	6.8415582437e-08                 	6.8415581732e-08                 	7.0457798837e-16                 	9.9999998970e-01                 	6.2153156107e-01                 
4.6000000000e+00	1.7195780571e+00	6.3399521965e-08                 	6.3399521294e-08                 	6.7047430091e-16                 	9.9999998942e-01                 	6.1429021144e-01                 
4.7000000000e+00	1.6829912900e+00	5.8822470012e-08                 	5.8822469376e-08                 	6.3668150229e-16                 	9.9999998918e-01                 	6.0392272656e-01                 
4.8000000000e+00	1.6479289714e+00	5.4696096214e-08                 	5.4696095610e-08                 	6.0423946702e-16                 	9.9999998895e-01                 	5.9074797555e-01                 
4.9000000000e+00	1.6142977679e+00	5.1008947905e-08                 	5.1008947331e-08                 	5.7386311783e-16                 	9.9999998875e-01                 	5.7524646148e-01                 
5.0000000000e+00	1.5820118126e+00	4.7720100585e-08                 	4.7720100039e-08                 	5.4591871648e-16                 	9.9999998856e-01                 	5.5796854711e-01                 
5.1000000000e+00	1.5509919731e+00	4.4783760866e-08                 	4.4783760345e-08                 	5.2055374722e-16                 	9.9999998838e-01                 	5.3947341440e-01                 
5.2000000000e+00	1.5211652044e+00	4.2148621932e-08                 	4.2148621434e-08                 	4.9774005095e-16                 	9.9999998819e-01                 	5.2026891202e-01                 
5.3000000000e+00	1.4924639741e+00	3.9770491271e-08                 	3.9770490794e-08                 	4.7736660542e-16                 	9.9999998800e-01                 	5.0079554494e-01                 
5.4000000000e+00	1.4648257524e+00	3.7607182377e-08                 	3.7607181916e-08                 	4.6084539543e-16                 	9.9999998775e-01                 	4.8140254339e-01                 
5.5000000000e+00	1.4381925569e+00	3.5624572103e-08                 	3.5624571654e-08                 	4.4916061853e-16                 	9.9999998739e-01                 	4.6235951233e-01                 
5.6000000000e+00	1.4125105469e+00	3.3795857556e-08                 	3.3795857114e-08                 	4.4164153095e-16                 	9.9999998693e-01                 	4.4386489414e-01                 
5.7000000000e+00	1.3877296601e+00	3.2096789189e-08                 	3.2096788752e-08                 	4.3776349672e-16                 	9.9999998636e-01                 	4.2604757524e-01                 
5.8000000000e+00	1.3638032867e+00	3.0510393126e-08                 	3.0510392689e-08                 	4.3713035369e-16                 	9.9999998567e-01                 	4.0899259667e-01                 
5.9000000000e+00	1.3406879768e+00	2.9020967603e-08                 	2.9020967164e-08                 	4.3943598360e-16                 	9.9999998486e-01                 	3.9273989890e-01                 
6.0000000000e+00	1.3183431771e+00	2.7617172059e-08                 	2.7617171615e-08                 	4.4445416284e-16                 	9.9999998391e-01                 	3.7730383751e-01                 
6.2000000000e+00	1.2758159779e+00	2.5034450050e-08                 	2.5034449588e-08                 	4.6202628656e-16                 	9.9999998154e-01                 	3.4884648070e-01                 
6.4000000000e+00	1.2359467286e+00	2.2708926009e-08                 	2.2708925520e-08                 	4.8907896375e-16                 	9.9999997846e-01                 	3.2342183674e-01                 
6.6000000000e+00	1.1984937974e+00	2.0606313120e-08                 	2.0606312594e-08                 	5.2540660646e-16                 	9.9999997450e-01                 	3.0073427849e-01                 
6.8000000000e+00	1.1632439798e+00	1.8703020262e-08                 	1.8703019691e-08                 	5.7120384635e-16                 	9.9999996946e-01                 	2.8046643996e-01                 
7.0000000000e+00	1.1300084375e+00	1.6979958976e-08                 	1.6979958349e-08                 	6.2696163517e-16                 	9.9999996308e-01                 	2.6231282051e-01                 
7.2000000000e+00	1.0986193143e+00	1.5419825018e-08                 	1.5419824325e-08                 	6.9340265679e-16                 	9.9999995503e-01                 	2.4599519037e-01                 
7.4000000000e+00	1.0689269004e+00	1.4009627672e-08                 	1.4009626900e-08                 	7.7144659270e-16                 	9.9999994493e-01                 	2.3127571434e-01                 
7.6000000000e+00	1.0407972451e+00	1.2735560843e-08                 	1.2735559981e-08                 	8.6216778386e-16                 	9.9999993230e-01                 	2.1794565543e-01                 
7.8000000000e+00	1.0141101363e+00	1.1585778533e-08                 	1.1585777567e-08                 	9.6677734240e-16                 	9.9999991655e-01                 	2.0582906218e-01                 
8.0000000000e+00	9.8875738286e-01	1.0548242904e-08                 	1.0548241817e-08                 	1.0865951929e-15                 	9.9999989699e-01                 	1.9477408162e-01                 
8.2000000000e+00	9.6464134913e-01	9.6122400661e-09                 	9.6122388431e-09                 	1.2230305286e-15                 	9.9999987276e-01                 	1.8465253759e-01                 
8.4000000000e+00	9.4167369796e-01	8.7678492861e-09                 	8.7678479085e-09                 	1.3775577844e-15                 	9.9999984289e-01                 	1.7535517611e-01                 
8.6000000000e+00	9.1977430963e-01	8.0059474503e-09                 	8.0059458986e-09                 	1.5516882273e-15                 	9.9999980618e-01                 	1.6678860915e-01                 
8.8000000000e+00	8.9887034805e-01	7.3184816576e-09                 	7.3184799106e-09                 	1.7469423493e-15                 	9.9999976130e-01                 	1.5887345879e-01                 
9.0000000000e+00	8.7889545143e-01	6.6972889972e-09                 	6.6972870324e-09                 	1.9648179019e-15                 	9.9999970662e-01                 	1.5153922218e-01                 
9.2000000000e+00	8.5978902857e-01	6.1408040152e-09                 	6.1408018085e-09                 	2.2067022921e-15                 	9.9999964065e-01                 	1.4474073318e-01                 
9.4000000000e+00	8.4149564498e-01	5.6283734199e-09                 	5.6283709265e-09                 	2.4934226798e-15                 	9.9999955699e-01                 	1.3838620977e-01                 
9.6000000000e+00	8.2396448571e-01	5.1686734705e-09                 	5.1686705711e-09                 	2.8994127299e-15                 	9.9999943904e-01                 	1.3246967020e-01                 
9.8000000000e+00	8.0714888396e-01	4.7520115355e-09                 	4.7520080854e-09                 	3.4501095823e-15                 	9.9999927397e-01                 	1.2693843503e-01                 
1.0000000000e+01	7.9100590628e-01	4.3737871622e-09                 	4.3737829913e-09                 	4.1708829789e-15                 	9.9999904639e-01                 	1.2175713205e-01                 
1.0200000000e+01	7.7549598655e-01	4.0303926100e-09                 	4.0303875203e-09                 	5.0897704061e-15                 	9.9999873715e-01                 	1.1689609247e-01                 
1.0400000000e+01	7.6058260220e-01	3.7181131041e-09                 	3.7181068703e-09                 	6.2338123333e-15                 	9.9999832339e-01                 	1.1232748518e-01                 
1.0600000000e+01	7.4623198706e-01	3.4337987642e-09                 	3.4337911403e-09                 	7.6238696449e-15                 	9.9999777976e-01                 	1.0802705003e-01                 
1.0800000000e+01	7.3241287619e-01	3.1745183712e-09                 	3.1745090197e-09                 	9.3515201326e-15                 	9.9999705419e-01                 	1.0397267864e-01                 
1.1000000000e+01	7.1909627844e-01	2.9379076061e-09                 	2.9378959034e-09                 	1.1702653121e-14                 	9.9999601667e-01                 	1.0014546153e-01                 
1.1200000000e+01	7.0625527347e-01	2.7218347513e-09                 	2.7218196592e-09                 	1.5092028300e-14                 	9.9999445520e-01                 	9.6528388031e-02                 
1.1400000000e+01	6.9386483007e-01	2.5240858568e-09                 	2.5240659128e-09                 	1.9943973921e-14                 	9.9999209854e-01                 	9.3104904167e-02                 
1.1600000000e+01	6.8190164335e-01	2.3429016527e-09                 	2.3428741167e-09                 	2.7535905227e-14                 	9.9998824709e-01                 	8.9860867889e-02                 
1.1800000000e+01	6.7034398838e-01	2.1768790965e-09                 	2.1768380871e-09                 	4.1009422596e-14                 	9.9998116137e-01                 	8.6784215965e-02                 
1.2000000000e+01	6.5917158857e-01	2.0244336793e-09                 	2.0243562296e-09                 	7.7449665594e-14                 	9.9996174255e-01                 	8.3862513775e-02                 
1.2200000000e+01	6.4836549695e-01	1.8842873117e-09                 	1.8841683914e-09                 	1.1892035776e-13                 	9.9993688842e-01                 	8.1085169444e-02                 
1.2400000000e+01	6.3790798894e-01	1.7553593518e-09                 	1.7552126314e-09                 	1.4672043480e-13                 	9.9991641573e-01                 	7.8442857141e-02                 
1.2600000000e+01	6.2778246530e-01	1.6366309476e-09                 	1.6364606036e-09                 	1.7034397943e-13                 	9.9989591790e-01                 	7.5926711396e-02                 
1.2800000000e+01	6.1797336428e-01	1.5271803833e-09                 	1.5269889121e-09                 	1.9147122179e-13                 	9.9987462436e-01                 	7.3528609456e-02                 
1.3000000000e+01	6.0846608176e-01	1.4260695772e-09                 	1.4258557493e-09                 	2.1382785698e-13                 	9.9985005791e-01                 	7.1240481963e-02                 
1.3200000000e+01	5.9924689870e-01	1.3327351067e-09                 	1.3324921979e-09                 	2.4290888311e-13                 	9.9981773656e-01                 	6.9056422203e-02                 
1.3400000000e+01	5.9030291514e-01	1.2463529183e-09                 	1.2460666024e-09                 	2.8631589362e-13                 	9.9977027703e-01                 	6.6969220088e-02                 
1.3600000000e+01	5.8162198991e-01	1.1664284591e-09                 	1.1660813913e-09                 	3.4706781468e-13                 	9.9970245255e-01                 	6.4973658845e-02                 
1.3800000000e+01	5.7319268571e-01	1.0923701718e-09                 	1.0919431722e-09                 	4.2699957681e-13                 	9.9960910725e-01                 	6.3064078385e-02                 
1.4000000000e+01	5.6500421877e-01	1.0237316286e-09                 	1.0232030766e-09                 	5.2855208104e-13                 	9.9948370055e-01                 	6.1235779418e-02                 
1.4200000000e+01	5.5704641288e-01	9.5998698821e-10                 	9.5933398446e-10                 	6.5300375279e-13                 	9.9931977854e-01                 	5.9483625883e-02                 
1.4400000000e+01	5.4930965714e-01	9.0081589710e-10                 	9.0001310617e-10                 	8.0279093121e-13                 	9.9910881798e-01                 	5.7803869039e-02                 
1.4600000000e+01	5.4178486732e-01	8.4583045676e-10                 	8.4483527089e-10                 	9.9518587046e-13                 	9.9882342157e-01                 	5.6192278242e-02                 
1.4800000000e+01	5.3446345019e-01	7.9470482391e-10                 	7.9346925326e-10                 	1.2355706498e-12                 	9.9844524582e-01                 	5.4645161563e-02                 
1.5000000000e+01	5.2733727086e-01	7.4707584489e-10                 	7.4555334910e-10                 	1.5224957887e-12                 	9.9796205994e-01                 	5.3158620017e-02                 
1.5200000000e+01	5.2039862256e-01	7.0281223975e-10                 	7.0096582118e-10                 	1.8464185655e-12                 	9.9737281387e-01                 	5.1730597916e-02                 
1.5400000000e+01	5.1364019889e-01	6.6138655913e-10                 	6.5919926734e-10                 	2.1872917943e-12                 	9.9669286930e-01                 	5.0356086742e-02                 
1.5600000000e+01	5.0705506813e-01	6.2285253128e-10                 	6.2030684074e-10                 	2.5456905437e-12                 	9.9591285189e-01                 	4.9034506424e-02                 
1.5800000000e+01	5.0063664955e-01	5.8699624817e-10                 	5.8406205876e-10                 	2.9341894025e-12                 	9.9500134897e-01                 	4.7763168085e-02                 
1.6000000000e+01	4.9437869143e-01	5.5338415040e-10                 	5.5003050382e-10                 	3.3536465776e-12                 	9.9393974949e-01                 	4.6537542736e-02                 
1.6200000000e+01	4.8827525079e-01	5.2208130955e-10                 	5.1827609519e-10                 	3.8052143540e-12                 	9.9271145263e-01                 	4.5357381451e-02                 
1.6400000000e+01	4.8232067456e-01	4.9291557733e-10                 	4.8862469303e-10                 	4.2908843002e-12                 	9.9129489004e-01                 	4.4220463796e-02                 
1.6600000000e+01	4.7650958210e-01	4.6534294556e-10                 	4.6052896295e-10                 	4.8139826163e-12                 	9.8965497884e-01                 	4.3120978316e-02                 
1.6800000000e+01	4.7083684898e-01	4.3983324005e-10                 	4.3445547142e-10                 	5.3777686345e-12                 	9.8777316459e-01                 	4.2062691693e-02                 
1.7000000000e+01	4.6529759193e-01	4.1587751529e-10                 	4.0988970761e-10                 	5.9878076848e-12                 	9.8560199226e-01                 	4.1040072254e-02                 
1.7200000000e+01	4.5988715482e-01	3.9338496048e-10                 	3.8673432996e-10                 	6.6506305195e-12                 	9.8309383635e-01                 	4.0051508430e-02                 
1.7400000000e+01	4.5460109557e-01	3.7243077533e-10                 	3.6505678549e-10                 	7.3739898456e-12                 	9.8020037458e-01                 	3.9097169602e-02                 
1.7600000000e+01	4.4943517403e-01	3.5291772967e-10                 	3.4474999368e-10                 	8.1677359974e-12                 	9.7685654386e-01                 	3.8175501964e-02                 
1.7800000000e+01	4.4438534061e-01	3.3460323991e-10                 	3.2555887049e-10                 	9.0443694277e-12                 	9.7296986894e-01                 	3.7283268654e-02                 
1.8000000000e+01	4.3944772571e-01	3.1752903362e-10                 	3.0751076652e-10                 	1.0018267102e-11                 	9.6844928797e-01                 	3.6420309848e-02                 
1.8200000000e+01	4.3461862983e-01	3.0162343482e-10                 	2.9051614207e-10                 	1.1107292742e-11                 	9.6317496766e-01                 	3.5585203671e-02                 
1.8400000000e+01	4.2989451428e-01	2.8685029716e-10                 	2.7450602535e-10                 	1.2344271812e-11                 	9.5696615296e-01                 	3.4776761431e-02                 
1.8600000000e+01	4.2527199263e-01	2.7315403986e-10                 	2.5940487740e-10                 	1.3749162456e-11                 	9.4966516892e-01                 	3.3993711052e-02                 
1.8800000000e+01	4.2074782249e-01	2.6050509147e-10                 	2.4517748886e-10                 	1.5327602613e-11                 	9.4116198449e-01                 	3.3235282693e-02                 
1.9000000000e+01	4.1631889804e-01	2.4881752760e-10                 	2.3173551452e-10                 	1.7082013078e-11                 	9.3134722765e-01                 	3.2500035640e-02                 
1.9200000000e+01	4.1198224286e-01	2.3806085326e-10                 	2.1905128864e-10                 	1.9009564616e-11                 	9.2014829672e-01                 	3.1787303983e-02                 
1.9400000000e+01	4.0773500324e-01	2.2817873980e-10                 	2.0707741255e-10                 	2.1101327248e-11                 	9.0752281625e-01                 	3.1096177582e-02                 
1.9600000000e+01	4.0357444198e-01	2.1909255864e-10                 	1.9575144040e-10                 	2.3341118242e-11                 	8.9346457777e-01                 	3.0425530514e-02                 
1.9800000000e+01	3.9949793247e-01	2.1075622706e-10                 	1.8505252359e-10                 	2.5703703470e-11                 	8.7804059776e-01                 	2.9774814948e-02                 
2.0000000000e+01	3.9550295314e-01	2.0309706246e-10                 	1.7494243655e-10                 	2.8154625909e-11                 	8.6137354441e-01                 	2.9143249883e-02                 
2.0830000000e+01	3.7974359399e-01	1.8511610000e-10                 	1.4722321466e-10                 	3.7892885342e-11                 	7.9530205454e-01                 	2.6853912870e-02                 
2.1740000000e+01	3.6384816296e-01	1.5322339690e-10                 	1.0677656725e-10                 	4.6446829652e-11                 	6.9686855537e-01                 	2.4348395296e-02                 
2.2730000000e+01	3.4800083866e-01	1.4121430872e-10                 	8.0227455112e-11                 	6.0986853607e-11                 	5.6812553799e-01                 	2.2093531020e-02                 
2.3810000000e+01	3.3221583632e-01	1.5242970854e-10                 	6.3004265443e-11                 	8.9425443100e-11                 	4.1333324091e-01                 	2.0056551276e-02                 
2.5000000000e+01	3.1640236251e-01	1.7040397649e-10                 	3.7781322334e-11                 	1.3262265416e-10                 	2.2171620118e-01                 	1.7821322640e-02                 
2.6320000000e+01	3.0053415892e-01	2.1685038572e-10                 	2.2743890894e-11                 	1.9410649483e-10                 	1.0488287036e-01                 	1.5820567517e-02                 
2.7780000000e+01	2.8473934711e-01	3.5932651527e-10                 	1.0305737969e-11                 	3.4902077730e-10                 	2.8680705518e-02                 	1.3867268047e-02                 
2.9410000000e+01	2.6895814563e-01	5.8756888362e-10                 	4.2442616763e-12                 	5.8332462194e-10                 	7.2234282560e-03                 	1.2135884404e-02                 
3.1250000000e+01	2.5312189001e-01	1.5085651892e-09                 	5.0057714092e-13                 	1.5080646121e-09                 	3.3182334082e-04                 	1.0322578642e-02                 
3.3330000000e+01	2.3732550444e-01	3.5598419651e-09                 	6.5629211265e-12                 	3.5532790440e-09                 	1.8435990111e-03                 	8.5973287816e-03                 
3.3900000000e+01	2.3333507560e-01	4.1445882999e-09                 	8.1684495408e-12                 	4.1364198504e-09                 	1.9708711577e-03                 	8.2522792966e-03                 
3.4480000000e+01	2.2941006563e-01	4.0721234810e-09                 	9.5172851808e-12                 	4.0626061959e-09                 	2.3371799075e-03                 	7.9076580701e-03                 
3.5090000000e+01	2.2542203086e-01	4.3070313953e-09                 	1.0646649650e-11                 	4.2963847457e-09                 	2.4719229261e-03                 	7.5870835041e-03                 
3.5710000000e+01	2.2150823475e-01	5.0582407072e-09                 	1.8367318537e-11                 	5.0398733886e-09                 	3.6311673564e-03                 	7.1449934750e-03                 
3.6360000000e+01	2.1754837907e-01	6.1778897231e-09                 	2.9695138305e-11                 	6.1481945848e-09                 	4.8066798917e-03                 	6.7153475810e-03                 
3.7040000000e+01	2.1355451034e-01	8.0675983031e-09                 	4.6352048771e-11                 	8.0212462543e-09                 	5.7454581933e-03                 	6.2962359262e-03                 
3.7740000000e+01	2.0959350988e-01	1.3101397148e-08                 	8.2928656057e-11                 	1.3018468492e-08                 	6.3297566757e-03                 	5.8261222350e-03                 
3.8460000000e+01	2.0566976242e-01	2.0264003011e-08                 	1.2092590365e-10                 	2.0143077107e-08                 	5.9675229807e-03                 	5.3948868429e-03                 
3.9220000000e+01	2.0168432083e-01	2.3894226724e-08                 	1.0799028140e-10                 	2.3786236442e-08                 	4.5195135481e-03                 	5.1461091980e-03                 
3.9680000000e+01	1.9934624654e-01	2.1702330875e-08                 	8.7134734834e-11                 	2.1615196140e-08                 	4.0149943034e-03                 	5.1158460996e-03                 
4.0000000000e+01	1.9775147657e-01	2.1008697553e-08                 	8.3089635117e-11                 	2.0925607918e-08                 	3.9550112474e-03                 	5.0436007153e-03                 
4.0820000000e+01	1.9377900693e-01	2.1516180256e-08                 	9.5827928928e-11                 	2.1420352327e-08                 	4.4537612061e-03                 	4.7497208634e-03                 
4.1670000000e+01	1.8982623141e-01	2.7430730480e-08                 	1.4513430107e-10                 	2.7285596179e-08                 	5.2909382480e-03                 	4.3240047579e-03                 
4.2190000000e+01	1.8748658599e-01	3.1156296924e-08                 	1.7729863300e-10                 	3.0978998291e-08                 	5.6906195699e-03                 	4.0901729448e-03                 
4.2550000000e+01	1.8590033050e-01	3.1129654225e-08                 	1.6520933387e-10                 	3.0964444892e-08                 	5.3071368117e-03                 	4.0159614434e-03                 
4.2920000000e+01	1.8429774145e-01	3.1072584861e-08                 	1.5090260115e-10                 	3.0921682259e-08                 	4.8564547116e-03                 	3.9442929973e-03                 
4.3480000000e+01	1.8192408148e-01	3.0166046191e-08                 	1.6070520725e-10                 	3.0005340983e-08                 	5.3273540137e-03                 	3.8485919078e-03                 
4.4440000000e+01	1.7799412833e-01	3.8960986105e-08                 	3.1962258951e-10                 	3.8641363515e-08                 	8.2036575937e-03                 	3.4971837887e-03                 
4.5450000000e+01	1.7403870325e-01	6.3085261134e-08                 	6.8343703688e-10                 	6.2401824097e-08                 	1.0833545342e-02                 	2.8391653519e-03                 
4.6510000000e+01	1.7007222238e-01	1.5628804803e-07                 	2.5111091518e-09                 	1.5377693888e-07                 	1.6067186093e-02                 	1.0657227633e-03                 
4.7620000000e+01	1.6610791816e-01	1.3520910923e-07                 	2.8346700107e-09                 	1.3237443922e-07                 	2.0965081619e-02                 	4.5768993108e-04                 
4.8780000000e+01	1.6215783237e-01	4.7965057865e-08                 	1.2884814422e-09                 	4.6676576423e-08                 	2.6862918540e-02                 	7.6683699676e-05                 
5.0000000000e+01	1.5820118126e-01	1.4731916296e-08                 	5.4966765710e-10                 	1.4182248639e-08                 	3.7311348099e-02                 	-5.5296392013e-04                
5.1280000000e+01	1.5425232182e-01	6.5503578259e-09                 	2.8876673475e-10                 	6.2615910912e-09                 	4.4084116078e-02                 	-1.4249991002e-03                
5.2630000000e+01	1.5029563106e-01	4.0182866271e-09                 	1.8072238326e-10                 	3.8375642439e-09                 	4.4974985617e-02                 	-2.5084874595e-03                
5.4050000000e+01	1.4634706869e-01	2.7054165391e-09                 	1.2596006081e-10                 	2.5794564783e-09                 	4.6558472232e-02                 	-3.8435122738e-03                
5.5560000000e+01	1.4236967356e-01	1.7309795464e-09                 	8.7329873603e-11                 	1.6436496728e-09                 	5.0451129700e-02                 	-6.5951751719e-03                
5.7140000000e+01	1.3843295525e-01	1.3907721515e-09                 	6.6283376636e-11                 	1.3244887749e-09                 	4.7659407447e-02                 	-1.0303268600e-02                
5.8820000000e+01	1.3447907281e-01	1.3020870496e-09                 	5.1337352219e-11                 	1.2507496974e-09                 	3.9426973975e-02                 	-1.7533171834e-02                
6.0610000000e+01	1.3050749155e-01	2.1424985494e-09                 	3.9857274094e-11                 	2.1026412753e-09                 	1.8603174366e-02                 	-1.3964986939e-02                
6.1350000000e+01	1.2893331806e-01	2.2229773205e-09                 	3.6951649280e-11                 	2.1860256713e-09                 	1.6622593914e-02                 	7.2056576717e-03                 
6.2500000000e+01	1.2656094501e-01	1.2692410288e-09                 	3.1605924247e-11                 	1.2376351045e-09                 	2.4901436001e-02                 	2.5509918698e-02                 
6.4520000000e+01	1.2259855956e-01	8.1307544232e-10                 	2.5423075746e-11                 	7.8765236657e-10                 	3.1267794381e-02                 	1.6972748221e-02                 
6.6670000000e+01	1.1864495369e-01	5.4784370974e-10                 	2.0137231486e-11                 	5.2770647826e-10                 	3.6757255997e-02                 	1.1347541820e-02                 
6.8970000000e+01	1.1468840167e-01	5.4674194821e-10                 	1.6443970169e-11                 	5.3029797804e-10                 	3.0076291425e-02                 	8.8605269398e-03                 
7.1430000000e+01	1.1073861211e-01	4.6247508856e-10                 	1.3319416063e-11                 	4.4915567249e-10                 	2.8800288692e-02                 	7.1339792785e-03                 
7.4070000000e+01	1.0679167089e-01	3.4836468356e-10                 	1.0808549941e-11                 	3.3755613362e-10                 	3.1026537566e-02                 	5.9472841688e-03                 
7.6920000000e+01	1.0283488121e-01	3.4577523152e-10                 	8.8672051454e-12                 	3.3690802637e-10                 	2.5644419661e-02                 	5.1269967992e-03                 
8.3330000000e+01	9.4924505734e-02	3.1679466994e-10                 	5.8017378508e-12                 	3.1099293209e-10                 	1.8313874574e-02                 	3.8138652820e-03                 
9.0910000000e+01	8.7009779593e-02	2.8272081000e-10                 	3.7966828731e-12                 	2.7892412713e-10                 	1.3429088835e-02                 	2.9525502769e-03                 
1.0000000000e+02	7.9100590628e-02	2.5458662767e-10                 	2.4509984604e-12                 	2.5213562921e-10                 	9.6273652817e-03                 	2.3123679051e-03                 
1.1110000000e+02	7.1197651331e-02	2.2288685313e-10                 	1.5103021294e-12                 	2.2137655100e-10                 	6.7760933774e-03                 	1.7743399607e-03                 
1.2500000000e+02	6.3280472503e-02	2.0427034969e-10                 	9.0757400018e-13                 	2.0336277569e-10                 	4.4430040951e-03                 	1.3603638659e-03                 
1.4290000000e+02	5.5353807298e-02	1.6381310235e-10                 	5.1366176809e-13                 	1.6329944058e-10                 	3.1356574091e-03                 	1.0153059633e-03                 
1.6670000000e+02	4.7450864204e-02	1.1708174143e-10                 	2.6950056603e-13                 	1.1681224086e-10                 	2.3018154901e-03                 	7.3137782270e-04                 
2.0000000000e+02	3.9550295314e-02	8.5296563535e-11                 	1.2719332382e-13                 	8.5169370211e-11                 	1.4911893111e-03                 	5.0053911880e-04                 
2.2220000000e+02	3.5598825665e-02	7.4048467071e-11                 	8.2849870418e-14                 	7.3965617200e-11                 	1.1188600345e-03                 	4.0349015028e-04                 
2.5000000000e+02	3.1640236251e-02	5.9926143390e-11                 	5.1686031169e-14                 	5.9874457359e-11                 	8.6249553609e-04                 	3.1875780181e-04                 
2.8570000000e+02	2.7686591049e-02	4.6395818988e-11                 	3.0068638047e-14                 	4.6365750350e-11                 	6.4808939043e-04                 	2.4285743627e-04                 
3.0000000000e+02	2.6366863543e-02	3.6818812758e-11                 	2.4727155785e-14                 	3.6794085602e-11                 	6.7159025326e-04                 	2.2026682733e-04                 
3.3330000000e+02	2.3732550444e-02	3.5334238684e-11                 	1.6229611978e-14                 	3.5318009072e-11                 	4.5931687174e-04                 	1.7845022974e-04                 
4.0000000000e+02	1.9775147657e-02	2.4832535369e-11                 	7.8218163212e-15                 	2.4824713553e-11                 	3.1498259058e-04                 	1.2390368750e-04                 
5.0000000000e+02	1.5820118126e-02	1.7652779130e-11                 	3.2033286648e-15                 	1.7649575802e-11                 	1.8146313626e-04                 	7.9300062195e-05                 
6.6670000000e+02	1.1864495369e-02	7.7213589892e-12                 	1.0131119036e-15                 	7.7203458773e-12                 	1.3120901450e-04                 	4.4603831348e-05                 
1.0000000000e+03	7.9100590628e-03	2.2058975043e-12                 	2.0013724099e-16                 	2.2056973671e-12                 	9.0728259404e-05                 	1.9826305158e-05                 
1.0200000000e+03	7.7549598655e-03	2.9194683251e-12                 	1.8489806669e-16                 	2.9192834270e-12                 	6.3332787379e-05                 	1.9056366039e-05                 
1.1000000000e+03	7.1909627844e-03	3.1749286006e-12                 	1.3669887849e-16                 	3.1747919018e-12                 	4.3055733115e-05                 	1.6385286044e-05                 
1.2000000000e+03	6.5917158857e-03	2.6958541736e-12                 	9.6517504328e-17                 	2.6957576561e-12                 	3.5802197786e-05                 	1.3768214817e-05                 
1.4000000000e+03	5.6500421877e-03	1.7067584734e-12                 	5.2096565756e-17                 	1.7067063769e-12                 	3.0523689536e-05                 	1.0115465762e-05                 
1.5750000000e+03	5.0222597224e-03	1.3443794255e-12                 	3.2523367869e-17                 	1.3443469021e-12                 	2.4192104738e-05                 	7.9924764972e-06                 
1.8000000000e+03	4.3944772571e-03	1.1027939759e-12                 	1.9064499936e-17                 	1.1027749114e-12                 	1.7287453825e-05                 	6.1192437425e-06                 
2.1000000000e+03	3.7666947918e-03	7.5269289228e-13                 	1.0290461683e-17                 	7.5268260182e-13                 	1.3671527642e-05                 	4.4957769132e-06                 
2.5000000000e+03	3.1640236251e-03	6.4695777321e-13                 	5.1233154691e-18                 	6.4695264990e-13                 	7.9190878929e-06                 	3.1722203525e-06                 
2.5840000000e+03	3.0611683680e-03	2.9874009543e-13                 	4.4888802059e-18                 	2.9873560655e-13                 	1.5026038602e-05                 	2.9693340539e-06                 
3.2000000000e+03	2.4718934571e-03	3.7907381223e-13                 	1.9085720694e-18                 	3.7907190366e-13                 	5.0348296500e-06                 	1.9361716889e-06                 
8.4690000000e+03	9.3400154243e-04	2.5173939063e-14                 	3.8902412925e-20                 	2.5173900161e-14                 	1.5453446848e-06                 	2.7642679110e-07                 
3.0590000000e+04	2.5858316649e-04	3.0041020122e-15                 	2.2855298700e-22                 	3.0041017836e-15                 	7.6080301557e-08                 	2.1187780742e-08                 
