Layer	  log(P)	nClouds	Molec.   7	Cloud    7	Molec.   9	Cloud    9
1	4.900000	0	4.1583e-03	0.0000e+00	6.4403e-09	0.0000e+00
2	4.800000	0	4.1076e-03	0.0000e+00	5.4143e-09	0.0000e+00
3	4.700000	0	4.0579e-03	0.0000e+00	4.5236e-09	0.0000e+00
4	4.600000	0	4.0209e-03	0.0000e+00	3.6930e-09	0.0000e+00
5	4.500000	0	3.9823e-03	0.0000e+00	3.0196e-09	0.0000e+00
6	4.400000	0	3.9430e-03	0.0000e+00	2.4749e-09	0.0000e+00
7	4.300000	0	3.9022e-03	0.0000e+00	2.0333e-09	0.0000e+00
8	4.200000	0	3.8604e-03	0.0000e+00	1.6735e-09	0.0000e+00
9	4.100000	0	3.8179e-03	0.0000e+00	1.3785e-09	0.0000e+00
10	4.000000	0	3.7748e-03	0.0000e+00	1.1356e-09	0.0000e+00
11	3.900000	0	3.7320e-03	0.0000e+00	9.3543e-10	0.0000e+00
12	3.800000	0	3.6900e-03	0.0000e+00	7.7086e-10	0.0000e+00
13	3.700000	0	3.6455e-03	0.0000e+00	6.3611e-10	0.0000e+00
14	3.600000	0	3.6002e-03	0.0000e+00	5.2573e-10	0.0000e+00
15	3.500000	0	3.5546e-03	0.0000e+00	4.3511e-10	0.0000e+00
16	3.400000	0	3.5072e-03	0.0000e+00	3.6056e-10	0.0000e+00
17	3.300000	0	3.4593e-03	0.0000e+00	2.9897e-10	0.0000e+00
18	3.200000	0	3.4120e-03	0.0000e+00	2.4777e-10	0.0000e+00
19	3.100000	0	3.3667e-03	0.0000e+00	2.0499e-10	0.0000e+00
20	3.000000	0	3.3214e-03	0.0000e+00	1.6926e-10	0.0000e+00
21	2.900000	0	3.2783e-03	0.0000e+00	1.3964e-10	0.0000e+00
22	2.800000	0	3.2339e-03	0.0000e+00	1.1530e-10	0.0000e+00
23	2.700000	0	3.1884e-03	0.0000e+00	9.5382e-11	0.0000e+00
24	2.600000	0	3.1414e-03	0.0000e+00	7.9059e-11	0.0000e+00
25	2.500000	0	3.0934e-03	0.0000e+00	6.5648e-11	0.0000e+00
26	2.400000	0	3.0431e-03	0.0000e+00	5.4612e-11	0.0000e+00
27	2.300000	0	2.9921e-03	0.0000e+00	4.5506e-11	0.0000e+00
28	2.200000	0	2.9400e-03	0.0000e+00	3.7964e-11	0.0000e+00
29	2.100000	0	2.8875e-03	0.0000e+00	3.1688e-11	0.0000e+00
30	2.000000	0	2.8353e-03	0.0000e+00	2.6449e-11	0.0000e+00
31	1.900000	0	2.7837e-03	0.0000e+00	2.2077e-11	0.0000e+00
32	1.800000	0	2.7308e-03	0.0000e+00	1.8433e-11	0.0000e+00
33	1.700000	0	2.6792e-03	0.0000e+00	1.5392e-11	0.0000e+00
34	1.600000	0	2.6280e-03	0.0000e+00	1.2848e-11	0.0000e+00
35	1.500000	0	2.5775e-03	0.0000e+00	1.0720e-11	0.0000e+00
36	1.400000	0	2.5272e-03	0.0000e+00	8.9412e-12	0.0000e+00
37	1.300000	0	2.4779e-03	0.0000e+00	7.4561e-12	0.0000e+00
38	1.200000	0	2.4292e-03	0.0000e+00	6.2179e-12	0.0000e+00
39	1.100000	0	2.3800e-03	0.0000e+00	5.1864e-12	0.0000e+00
40	1.000000	0	2.3316e-03	0.0000e+00	4.3278e-12	0.0000e+00
41	0.900000	0	2.2830e-03	0.0000e+00	3.6135e-12	0.0000e+00
42	0.800000	0	2.2340e-03	0.0000e+00	3.0197e-12	0.0000e+00
43	0.700000	0	2.1854e-03	0.0000e+00	2.5255e-12	0.0000e+00
44	0.600000	0	2.1363e-03	0.0000e+00	2.1136e-12	0.0000e+00
45	0.500000	0	2.0875e-03	0.0000e+00	1.7694e-12	0.0000e+00
46	0.400000	0	2.0397e-03	0.0000e+00	1.4809e-12	0.0000e+00
47	0.300000	0	1.9930e-03	0.0000e+00	1.2387e-12	0.0000e+00
48	0.200000	0	1.9477e-03	0.0000e+00	1.0346e-12	0.0000e+00
49	0.100000	0	1.9056e-03	0.0000e+00	8.6250e-13	0.0000e+00
50	0.000000	0	1.8659e-03	0.0000e+00	7.1715e-13	0.0000e+00
51	-0.100000	0	1.8293e-03	0.0000e+00	5.9438e-13	0.0000e+00
52	-0.200000	0	1.7966e-03	0.0000e+00	4.9085e-13	0.0000e+00
53	-0.300000	0	1.7663e-03	0.0000e+00	4.0389e-13	0.0000e+00
54	-0.400000	0	1.7394e-03	0.0000e+00	3.3121e-13	0.0000e+00
55	-0.500000	0	1.7158e-03	0.0000e+00	2.7084e-13	0.0000e+00
56	-0.600000	0	1.6930e-03	0.0000e+00	2.2104e-13	0.0000e+00
57	-0.700000	0	1.6718e-03	0.0000e+00	1.8017e-13	0.0000e+00
58	-0.800000	0	1.6512e-03	0.0000e+00	1.4680e-13	0.0000e+00
59	-0.900000	0	1.6306e-03	0.0000e+00	1.1964e-13	0.0000e+00
60	-1.000000	0	1.6094e-03	0.0000e+00	9.7562e-14	0.0000e+00
61	-1.100000	0	1.5881e-03	0.0000e+00	7.9620e-14	0.0000e+00
62	-1.200000	0	1.5666e-03	0.0000e+00	6.5019e-14	0.0000e+00
63	-1.300000	0	1.5450e-03	0.0000e+00	5.3112e-14	0.0000e+00
64	-1.400000	0	1.5233e-03	0.0000e+00	4.3384e-14	0.0000e+00
65	-1.500000	0	1.5027e-03	0.0000e+00	3.5424e-14	0.0000e+00
66	-1.600000	0	1.4822e-03	0.0000e+00	2.8912e-14	0.0000e+00
67	-1.700000	0	1.4624e-03	0.0000e+00	2.3591e-14	0.0000e+00
68	-1.800000	0	1.4428e-03	0.0000e+00	1.9251e-14	0.0000e+00
69	-1.900000	0	1.4229e-03	0.0000e+00	1.5717e-14	0.0000e+00
70	-2.000000	0	1.4027e-03	0.0000e+00	1.2839e-14	0.0000e+00
71	-2.100000	0	1.3828e-03	0.0000e+00	1.0492e-14	0.0000e+00
72	-2.200000	0	1.3630e-03	0.0000e+00	8.5736e-15	0.0000e+00
73	-2.300000	0	1.3441e-03	0.0000e+00	7.0002e-15	0.0000e+00
74	-2.400000	0	1.3262e-03	0.0000e+00	5.7070e-15	0.0000e+00
75	-2.500000	0	1.3096e-03	0.0000e+00	4.6432e-15	0.0000e+00
76	-2.600000	0	1.2950e-03	0.0000e+00	3.7682e-15	0.0000e+00
77	-2.700000	0	1.2821e-03	0.0000e+00	3.0500e-15	0.0000e+00
78	-2.800000	0	1.2708e-03	0.0000e+00	2.4622e-15	0.0000e+00
79	-2.900000	0	1.2608e-03	0.0000e+00	1.9826e-15	0.0000e+00
80	-3.000000	0	1.2515e-03	0.0000e+00	1.5965e-15	0.0000e+00
