195.000000	9.180000e-20	0.000000e+00	0.700000	0.000000	0.150000	0.000000	0.150000	0.000000
196.000000	9.960000e-20	0.000000e+00	0.700000	0.000000	0.150000	0.000000	0.150000	0.000000
197.000000	9.570000e-20	0.000000e+00	0.700000	0.000000	0.150000	0.000000	0.150000	0.000000
198.000000	1.000000e-19	0.000000e+00	0.700000	0.000000	0.150000	0.000000	0.150000	0.000000
199.000000	1.070000e-19	0.000000e+00	0.700000	0.000000	0.150000	0.000000	0.150000	0.000000
200.000000	1.070000e-19	0.000000e+00	0.700000	0.000000	0.150000	0.000000	0.150000	0.000000
201.000000	1.150000e-19	0.000000e+00	0.700000	0.000000	0.150000	0.000000	0.150000	0.000000
202.000000	1.150000e-19	0.000000e+00	0.700000	0.000000	0.150000	0.000000	0.150000	0.000000
203.000000	1.250000e-19	0.000000e+00	0.700000	0.000000	0.150000	0.000000	0.150000	0.000000
204.000000	1.250000e-19	0.000000e+00	0.700000	0.000000	0.150000	0.000000	0.150000	0.000000
205.000000	1.380000e-19	0.000000e+00	0.700000	0.000000	0.150000	0.000000	0.150000	0.000000
206.000000	1.360000e-19	0.000000e+00	0.700000	0.000000	0.150000	0.000000	0.150000	0.000000
207.000000	1.370000e-19	0.000000e+00	0.700000	0.000000	0.150000	0.000000	0.150000	0.000000
208.000000	1.360000e-19	0.000000e+00	0.700000	0.000000	0.150000	0.000000	0.150000	0.000000
209.000000	1.410000e-19	0.000000e+00	0.700000	0.000000	0.150000	0.000000	0.150000	0.000000
210.000000	1.440000e-19	0.000000e+00	0.700000	0.000000	0.150000	0.000000	0.150000	0.000000
211.000000	1.420000e-19	0.000000e+00	0.700000	0.000000	0.150000	0.000000	0.150000	0.000000
212.000000	1.360000e-19	0.000000e+00	0.700000	0.000000	0.150000	0.000000	0.150000	0.000000
213.000000	1.430000e-19	0.000000e+00	0.700000	0.000000	0.150000	0.000000	0.150000	0.000000
214.000000	1.490000e-19	0.000000e+00	0.700000	0.000000	0.150000	0.000000	0.150000	0.000000
215.000000	1.500000e-19	0.000000e+00	0.700000	0.000000	0.150000	0.000000	0.150000	0.000000
216.000000	1.370000e-19	0.000000e+00	0.700000	0.000000	0.150000	0.000000	0.150000	0.000000
217.000000	1.360000e-19	0.000000e+00	0.700000	0.000000	0.150000	0.000000	0.150000	0.000000
218.000000	1.340000e-19	0.000000e+00	0.700000	0.000000	0.150000	0.000000	0.150000	0.000000
219.000000	1.350000e-19	0.000000e+00	0.700000	0.000000	0.150000	0.000000	0.150000	0.000000
220.000000	1.290000e-19	0.000000e+00	0.700000	0.000000	0.150000	0.000000	0.150000	0.000000
221.000000	1.160000e-19	0.000000e+00	0.700000	0.000000	0.150000	0.000000	0.150000	0.000000
222.000000	1.240000e-19	0.000000e+00	0.700000	0.000000	0.150000	0.000000	0.150000	0.000000
223.000000	1.190000e-19	0.000000e+00	0.700000	0.000000	0.150000	0.000000	0.150000	0.000000
224.000000	1.130000e-19	0.000000e+00	0.700000	0.000000	0.150000	0.000000	0.150000	0.000000
225.000000	1.090000e-19	0.000000e+00	0.700000	0.000000	0.150000	0.000000	0.150000	0.000000
226.000000	9.870000e-20	0.000000e+00	0.700000	0.000000	0.150000	0.000000	0.150000	0.000000
227.000000	1.040000e-19	0.000000e+00	0.700000	0.000000	0.150000	0.000000	0.150000	0.000000
228.000000	9.240000e-20	0.000000e+00	0.700000	0.000000	0.150000	0.000000	0.150000	0.000000
229.000000	9.150000e-20	0.000000e+00	0.700000	0.000000	0.150000	0.000000	0.150000	0.000000
230.000000	8.120000e-20	0.000000e+00	0.700000	0.000000	0.150000	0.000000	0.150000	0.000000
231.000000	7.180000e-20	0.000000e+00	0.700000	0.000000	0.150000	0.000000	0.150000	0.000000
232.000000	7.070000e-20	0.000000e+00	0.700000	0.000000	0.150000	0.000000	0.150000	0.000000
233.000000	6.440000e-20	0.000000e+00	0.700000	0.000000	0.150000	0.000000	0.150000	0.000000
234.000000	6.680000e-20	0.000000e+00	0.700000	0.000000	0.150000	0.000000	0.150000	0.000000
235.000000	5.240000e-20	0.000000e+00	0.700000	0.000000	0.150000	0.000000	0.150000	0.000000
236.000000	5.400000e-20	0.000000e+00	0.700000	0.000000	0.150000	0.000000	0.150000	0.000000
237.000000	4.100000e-20	0.000000e+00	0.700000	0.000000	0.150000	0.000000	0.150000	0.000000
238.000000	4.320000e-20	0.000000e+00	0.700000	0.000000	0.150000	0.000000	0.150000	0.000000
239.000000	3.580000e-20	0.000000e+00	0.700000	0.000000	0.150000	0.000000	0.150000	0.000000
240.000000	3.790000e-20	0.000000e+00	0.700000	0.000000	0.150000	0.000000	0.150000	0.000000
241.000000	2.790000e-20	0.000000e+00	0.700000	0.000000	0.150000	0.000000	0.150000	0.000000
242.000000	2.830000e-20	0.000000e+00	0.700000	0.000000	0.150000	0.000000	0.150000	0.000000
243.000000	1.980000e-20	0.000000e+00	0.700000	0.000000	0.150000	0.000000	0.150000	0.000000
244.000000	2.100000e-20	0.000000e+00	0.700000	0.000000	0.150000	0.000000	0.150000	0.000000
245.000000	1.730000e-20	0.000000e+00	0.700000	0.000000	0.150000	0.000000	0.150000	0.000000
246.000000	1.790000e-20	0.000000e+00	0.700000	0.000000	0.150000	0.000000	0.150000	0.000000
247.000000	1.180000e-20	0.000000e+00	0.700000	0.000000	0.150000	0.000000	0.150000	0.000000
248.000000	1.230000e-20	0.000000e+00	0.700000	0.000000	0.150000	0.000000	0.150000	0.000000
249.000000	8.550000e-21	0.000000e+00	0.700000	0.000000	0.150000	0.000000	0.150000	0.000000
250.000000	8.610000e-21	0.000000e+00	0.700000	0.000000	0.150000	0.000000	0.150000	0.000000
