184.000000	8.500000e-19	0.000000e+00	1.000000	0.000000
186.000000	9.500000e-19	0.000000e+00	1.000000	0.000000
188.000000	1.060000e-18	0.000000e+00	1.000000	0.000000
190.000000	1.240000e-18	0.000000e+00	1.000000	0.000000
192.000000	1.430000e-18	0.000000e+00	1.000000	0.000000
194.000000	1.620000e-18	0.000000e+00	1.000000	0.000000
196.000000	1.790000e-18	0.000000e+00	1.000000	0.000000
198.000000	1.960000e-18	0.000000e+00	1.000000	0.000000
200.000000	2.100000e-18	0.000000e+00	1.000000	0.000000
202.000000	2.190000e-18	0.000000e+00	1.000000	0.000000
204.000000	2.230000e-18	0.000000e+00	1.000000	0.000000
205.000000	2.240000e-18	0.000000e+00	1.000000	0.000000
206.000000	2.230000e-18	0.000000e+00	1.000000	0.000000
208.000000	2.200000e-18	0.000000e+00	1.000000	0.000000
210.000000	2.130000e-18	0.000000e+00	1.000000	0.000000
212.000000	2.040000e-18	0.000000e+00	1.000000	0.000000
214.000000	1.930000e-18	0.000000e+00	1.000000	0.000000
216.000000	1.790000e-18	0.000000e+00	1.000000	0.000000
218.000000	1.640000e-18	0.000000e+00	1.000000	0.000000
220.000000	1.500000e-18	0.000000e+00	1.000000	0.000000
222.000000	1.350000e-18	0.000000e+00	1.000000	0.000000
224.000000	1.210000e-18	0.000000e+00	1.000000	0.000000
226.000000	1.080000e-18	0.000000e+00	1.000000	0.000000
228.000000	9.450000e-19	0.000000e+00	1.000000	0.000000
230.000000	8.450000e-19	0.000000e+00	1.000000	0.000000
232.000000	7.400000e-19	0.000000e+00	1.000000	0.000000
234.000000	6.600000e-19	0.000000e+00	1.000000	0.000000
236.000000	5.800000e-19	0.000000e+00	1.000000	0.000000
238.000000	5.000000e-19	0.000000e+00	1.000000	0.000000
240.000000	4.300000e-19	0.000000e+00	1.000000	0.000000
242.000000	3.700000e-19	0.000000e+00	1.000000	0.000000
244.000000	3.200000e-19	0.000000e+00	1.000000	0.000000
246.000000	2.750000e-19	0.000000e+00	1.000000	0.000000
248.000000	2.350000e-19	0.000000e+00	1.000000	0.000000
250.000000	2.000000e-19	0.000000e+00	1.000000	0.000000
252.000000	1.700000e-19	0.000000e+00	1.000000	0.000000
254.000000	1.450000e-19	0.000000e+00	1.000000	0.000000
256.000000	1.230000e-19	0.000000e+00	1.000000	0.000000
258.000000	1.030000e-19	0.000000e+00	1.000000	0.000000
260.000000	8.600000e-20	0.000000e+00	1.000000	0.000000
262.000000	7.300000e-20	0.000000e+00	1.000000	0.000000
264.000000	6.200000e-20	0.000000e+00	1.000000	0.000000
266.000000	5.300000e-20	0.000000e+00	1.000000	0.000000
268.000000	4.300000e-20	0.000000e+00	1.000000	0.000000
270.000000	3.700000e-20	0.000000e+00	1.000000	0.000000
272.000000	3.000000e-20	0.000000e+00	1.000000	0.000000
274.000000	2.500000e-20	0.000000e+00	1.000000	0.000000
296.000000	3.260000e-21	0.000000e+00	1.000000	0.000000
297.000000	5.650000e-21	0.000000e+00	1.000000	0.000000
298.000000	5.170000e-21	0.000000e+00	1.000000	0.000000
299.000000	4.290000e-21	0.000000e+00	1.000000	0.000000
300.000000	6.170000e-21	0.000000e+00	1.000000	0.000000
301.000000	6.900000e-21	0.000000e+00	1.000000	0.000000
302.000000	5.790000e-21	0.000000e+00	1.000000	0.000000
303.000000	9.250000e-21	0.000000e+00	1.000000	0.000000
304.000000	1.040000e-20	0.000000e+00	1.000000	0.000000
305.000000	1.570000e-20	0.000000e+00	1.000000	0.000000
306.000000	1.290000e-20	0.000000e+00	1.000000	0.000000
307.000000	9.160000e-21	0.000000e+00	1.000000	0.000000
308.000000	1.450000e-20	0.000000e+00	1.000000	0.000000
309.000000	2.010000e-20	0.000000e+00	1.000000	0.000000
310.000000	1.510000e-20	0.000000e+00	1.000000	0.000000
311.000000	2.070000e-20	0.000000e+00	1.000000	0.000000
312.000000	2.420000e-20	0.000000e+00	1.000000	0.000000
313.000000	2.250000e-20	0.000000e+00	1.000000	0.000000
314.000000	3.350000e-20	0.000000e+00	1.000000	0.000000
315.000000	2.540000e-20	0.000000e+00	1.000000	0.000000
316.000000	1.610000e-20	0.000000e+00	1.000000	0.000000
317.000000	3.210000e-20	0.000000e+00	1.000000	0.000000
318.000000	4.490000e-20	0.000000e+00	1.000000	0.000000
319.000000	3.190000e-20	0.000000e+00	1.000000	0.000000
320.000000	4.660000e-20	0.000000e+00	1.000000	0.000000
321.000000	5.960000e-20	0.000000e+00	1.000000	0.000000
322.000000	4.050000e-20	0.000000e+00	1.000000	0.000000
323.000000	4.560000e-20	0.000000e+00	1.000000	0.000000
324.000000	5.890000e-20	0.000000e+00	1.000000	0.000000
325.000000	4.050000e-20	0.000000e+00	1.000000	0.000000
326.000000	2.650000e-20	0.000000e+00	1.000000	0.000000
326.500000	3.550000e-20	0.000000e+00	1.000000	0.000000
327.000000	6.440000e-20	0.000000e+00	1.000000	0.000000
327.500000	1.030000e-19	0.000000e+00	1.000000	0.000000
328.000000	9.220000e-20	0.000000e+00	1.000000	0.000000
328.500000	6.380000e-20	0.000000e+00	1.000000	0.000000
329.000000	5.200000e-20	0.000000e+00	1.000000	0.000000
329.500000	6.120000e-20	0.000000e+00	1.000000	0.000000
330.000000	9.920000e-20	0.000000e+00	1.000000	0.000000
330.500000	1.510000e-19	0.000000e+00	1.000000	0.000000
331.000000	1.430000e-19	0.000000e+00	1.000000	0.000000
331.500000	9.880000e-20	0.000000e+00	1.000000	0.000000
332.000000	6.940000e-20	0.000000e+00	1.000000	0.000000
332.500000	6.000000e-20	0.000000e+00	1.000000	0.000000
333.000000	6.310000e-20	0.000000e+00	1.000000	0.000000
333.500000	7.110000e-20	0.000000e+00	1.000000	0.000000
334.000000	8.350000e-20	0.000000e+00	1.000000	0.000000
334.500000	8.370000e-20	0.000000e+00	1.000000	0.000000
335.000000	7.710000e-20	0.000000e+00	1.000000	0.000000
335.500000	6.550000e-20	0.000000e+00	1.000000	0.000000
336.000000	5.330000e-20	0.000000e+00	1.000000	0.000000
336.500000	4.360000e-20	0.000000e+00	1.000000	0.000000
337.000000	4.230000e-20	0.000000e+00	1.000000	0.000000
337.500000	5.130000e-20	0.000000e+00	1.000000	0.000000
338.000000	9.380000e-20	0.000000e+00	1.000000	0.000000
338.500000	1.650000e-19	0.000000e+00	1.000000	0.000000
339.000000	1.430000e-19	0.000000e+00	1.000000	0.000000
339.500000	9.960000e-20	0.000000e+00	1.000000	0.000000
340.000000	7.790000e-20	0.000000e+00	1.000000	0.000000
340.500000	8.510000e-20	0.000000e+00	1.000000	0.000000
341.000000	1.610000e-19	0.000000e+00	1.000000	0.000000
341.500000	3.150000e-19	0.000000e+00	1.000000	0.000000
342.000000	2.940000e-19	0.000000e+00	1.000000	0.000000
342.500000	1.850000e-19	0.000000e+00	1.000000	0.000000
343.000000	1.140000e-19	0.000000e+00	1.000000	0.000000
343.500000	8.290000e-20	0.000000e+00	1.000000	0.000000
344.000000	7.590000e-20	0.000000e+00	1.000000	0.000000
344.500000	8.180000e-20	0.000000e+00	1.000000	0.000000
345.000000	8.770000e-20	0.000000e+00	1.000000	0.000000
345.500000	9.100000e-20	0.000000e+00	1.000000	0.000000
346.000000	9.640000e-20	0.000000e+00	1.000000	0.000000
346.500000	8.870000e-20	0.000000e+00	1.000000	0.000000
347.000000	7.780000e-20	0.000000e+00	1.000000	0.000000
347.500000	7.060000e-20	0.000000e+00	1.000000	0.000000
348.000000	6.630000e-20	0.000000e+00	1.000000	0.000000
348.500000	6.260000e-20	0.000000e+00	1.000000	0.000000
349.000000	6.000000e-20	0.000000e+00	1.000000	0.000000
349.500000	6.470000e-20	0.000000e+00	1.000000	0.000000
350.000000	9.060000e-20	0.000000e+00	1.000000	0.000000
350.500000	1.500000e-19	0.000000e+00	1.000000	0.000000
351.000000	1.690000e-19	0.000000e+00	1.000000	0.000000
351.500000	1.410000e-19	0.000000e+00	1.000000	0.000000
352.000000	1.240000e-19	0.000000e+00	1.000000	0.000000
352.500000	1.280000e-19	0.000000e+00	1.000000	0.000000
353.000000	1.630000e-19	0.000000e+00	1.000000	0.000000
353.500000	2.850000e-19	0.000000e+00	1.000000	0.000000
354.000000	4.870000e-19	0.000000e+00	1.000000	0.000000
354.500000	4.430000e-19	0.000000e+00	1.000000	0.000000
355.000000	2.760000e-19	0.000000e+00	1.000000	0.000000
355.500000	1.640000e-19	0.000000e+00	1.000000	0.000000
356.000000	1.110000e-19	0.000000e+00	1.000000	0.000000
356.500000	9.350000e-20	0.000000e+00	1.000000	0.000000
357.000000	9.450000e-20	0.000000e+00	1.000000	0.000000
357.500000	1.010000e-19	0.000000e+00	1.000000	0.000000
358.000000	9.840000e-20	0.000000e+00	1.000000	0.000000
358.500000	9.020000e-20	0.000000e+00	1.000000	0.000000
359.000000	8.370000e-20	0.000000e+00	1.000000	0.000000
359.500000	7.670000e-20	0.000000e+00	1.000000	0.000000
360.000000	6.870000e-20	0.000000e+00	1.000000	0.000000
360.500000	6.320000e-20	0.000000e+00	1.000000	0.000000
361.000000	6.050000e-20	0.000000e+00	1.000000	0.000000
361.500000	5.950000e-20	0.000000e+00	1.000000	0.000000
362.000000	5.980000e-20	0.000000e+00	1.000000	0.000000
362.500000	6.350000e-20	0.000000e+00	1.000000	0.000000
363.000000	7.390000e-20	0.000000e+00	1.000000	0.000000
363.500000	9.220000e-20	0.000000e+00	1.000000	0.000000
364.000000	1.150000e-19	0.000000e+00	1.000000	0.000000
364.500000	1.270000e-19	0.000000e+00	1.000000	0.000000
365.000000	1.280000e-19	0.000000e+00	1.000000	0.000000
365.500000	1.320000e-19	0.000000e+00	1.000000	0.000000
366.000000	1.480000e-19	0.000000e+00	1.000000	0.000000
366.500000	1.840000e-19	0.000000e+00	1.000000	0.000000
367.000000	2.510000e-19	0.000000e+00	1.000000	0.000000
367.500000	3.520000e-19	0.000000e+00	1.000000	0.000000
368.000000	4.360000e-19	0.000000e+00	1.000000	0.000000
368.500000	4.140000e-19	0.000000e+00	1.000000	0.000000
369.000000	3.150000e-19	0.000000e+00	1.000000	0.000000
369.500000	2.170000e-19	0.000000e+00	1.000000	0.000000
370.000000	1.510000e-19	0.000000e+00	1.000000	0.000000
371.000000	9.490000e-20	0.000000e+00	1.000000	0.000000
372.000000	7.960000e-20	0.000000e+00	1.000000	0.000000
373.000000	6.300000e-20	0.000000e+00	1.000000	0.000000
374.000000	4.590000e-20	0.000000e+00	1.000000	0.000000
375.000000	3.550000e-20	0.000000e+00	1.000000	0.000000
376.000000	3.360000e-20	0.000000e+00	1.000000	0.000000
377.000000	3.660000e-20	0.000000e+00	1.000000	0.000000
378.000000	4.330000e-20	0.000000e+00	1.000000	0.000000
379.000000	5.660000e-20	0.000000e+00	1.000000	0.000000
380.000000	7.210000e-20	0.000000e+00	1.000000	0.000000
381.000000	9.380000e-20	0.000000e+00	1.000000	0.000000
382.000000	1.240000e-19	0.000000e+00	1.000000	0.000000
383.000000	1.700000e-19	0.000000e+00	1.000000	0.000000
384.000000	1.950000e-19	0.000000e+00	1.000000	0.000000
385.000000	1.610000e-19	0.000000e+00	1.000000	0.000000
386.000000	1.050000e-19	0.000000e+00	1.000000	0.000000
387.000000	6.590000e-20	0.000000e+00	1.000000	0.000000
388.000000	4.300000e-20	0.000000e+00	1.000000	0.000000
389.000000	2.810000e-20	0.000000e+00	1.000000	0.000000
390.000000	1.710000e-20	0.000000e+00	1.000000	0.000000
391.000000	9.920000e-21	0.000000e+00	1.000000	0.000000
392.000000	7.310000e-21	0.000000e+00	1.000000	0.000000
393.000000	5.970000e-21	0.000000e+00	1.000000	0.000000
394.000000	5.280000e-21	0.000000e+00	1.000000	0.000000
395.000000	4.030000e-21	0.000000e+00	1.000000	0.000000
396.000000	2.370000e-21	0.000000e+00	1.000000	0.000000
