#wavelengths (mu)	size parameter  	extinction cross section (cm^2)  	scattering cross section (cm^2)  	absorption cross section (cm^2)  	single scattering albedo         	asymmetry parameter              
9.0006520000e-02	8.7881433292e-01	4.4076150954e-12                 	7.1844288944e-13                 	3.6891722060e-12                 	1.6300036956e-01                 	1.2789896503e-01                 
9.0635180000e-02	8.7271873716e-01	4.7748051472e-12                 	7.4317661120e-13                 	4.0316285360e-12                 	1.5564543228e-01                 	1.2641230859e-01                 
9.1165710000e-02	8.6764003519e-01	5.1175476011e-12                 	7.6896852565e-13                 	4.3485790754e-12                 	1.5026113787e-01                 	1.2515953004e-01                 
9.1702480000e-02	8.6256140327e-01	5.5396023819e-12                 	8.1688865753e-13                 	4.7227137243e-12                 	1.4746341005e-01                 	1.2384823741e-01                 
9.2464930000e-02	8.5544886945e-01	5.9408385291e-12                 	8.6243827166e-13                 	5.0784002574e-12                 	1.4517113492e-01                 	1.2174547362e-01                 
9.3128530000e-02	8.4935325224e-01	6.3251356939e-12                 	9.1092053967e-13                 	5.4142151543e-12                 	1.4401596800e-01                 	1.1987766218e-01                 
9.3801730000e-02	8.4325757992e-01	6.5974575051e-12                 	9.3660926939e-13                 	5.6608482357e-12                 	1.4196518411e-01                 	1.1796964762e-01                 
9.4715070000e-02	8.3512602411e-01	6.9090699498e-12                 	9.8113352030e-13                 	5.9279364295e-12                 	1.4200659820e-01                 	1.1523353191e-01                 
9.5881710000e-02	8.2496463436e-01	7.2101181267e-12                 	1.0051613271e-12                 	6.2049567997e-12                 	1.3940982789e-01                 	1.1194114814e-01                 
9.7564280000e-02	8.1073749360e-01	7.5313690543e-12                 	1.0260262870e-12                 	6.5053427673e-12                 	1.3623370195e-01                 	1.0736294145e-01                 
9.8928300000e-02	7.9955907291e-01	7.7748737798e-12                 	1.0456608616e-12                 	6.7292129181e-12                 	1.3449232634e-01                 	1.0379366511e-01                 
1.0007310000e-01	7.9041240685e-01	7.9057422649e-12                 	1.0486527436e-12                 	6.8570895212e-12                 	1.3264443850e-01                 	1.0097295362e-01                 
1.0177430000e-01	7.7720033282e-01	8.0462145534e-12                 	1.0459154972e-12                 	7.0002990562e-12                 	1.2998851700e-01                 	9.7006758814e-02                 
1.0353460000e-01	7.6398633724e-01	8.1992290396e-12                 	1.0523755290e-12                 	7.1468535106e-12                 	1.2835054661e-01                 	9.2977542370e-02                 
1.0521440000e-01	7.5178891703e-01	8.3429683272e-12                 	1.0608377555e-12                 	7.2821305717e-12                 	1.2715351586e-01                 	8.9329236872e-02                 
1.0694960000e-01	7.3959154435e-01	8.4688076101e-12                 	1.0669198043e-12                 	7.4018878058e-12                 	1.2598229330e-01                 	8.5768315133e-02                 
1.0828910000e-01	7.3044304396e-01	8.5292788147e-12                 	1.0639831717e-12                 	7.4652956430e-12                 	1.2474479904e-01                 	8.3183899581e-02                 
1.1028360000e-01	7.1723284180e-01	8.5109617273e-12                 	1.0387063621e-12                 	7.4722553652e-12                 	1.2204335954e-01                 	7.9999725338e-02                 
1.1186890000e-01	7.0706889790e-01	8.4792691033e-12                 	1.0168232165e-12                 	7.4624458868e-12                 	1.1991873405e-01                 	7.7557121915e-02                 
1.1350030000e-01	6.9690582168e-01	8.3817456554e-12                 	9.8131558828e-13                 	7.4004300672e-12                 	1.1707771014e-01                 	7.5334704767e-02                 
1.1603920000e-01	6.8165774869e-01	8.1895644749e-12                 	9.1680073447e-13                 	7.2727637404e-12                 	1.1194743472e-01                 	7.2041939865e-02                 
1.1779560000e-01	6.7149384045e-01	7.9936722521e-12                 	8.6526864119e-13                 	7.1284036110e-12                 	1.0824419790e-01                 	7.0200625270e-02                 
1.1924020000e-01	6.6335866455e-01	7.8257742225e-12                 	8.1452339082e-13                 	7.0112508317e-12                 	1.0408214800e-01                 	6.8513174445e-02                 
1.2090850000e-01	6.5420561691e-01	7.6461287401e-12                 	7.6173643076e-13                 	6.8843923094e-12                 	9.9623803973e-02                 	6.6621612315e-02                 
1.2379500000e-01	6.3895165259e-01	7.4650512128e-12                 	7.0145209175e-13                 	6.7635991210e-12                 	9.3964806370e-02                 	6.3243271238e-02                 
1.2620590000e-01	6.2674581642e-01	7.3920079989e-12                 	6.6531991257e-13                 	6.7266880864e-12                 	9.0005302032e-02                 	6.0337132555e-02                 
1.2849940000e-01	6.1555944878e-01	7.3975818682e-12                 	6.4932915079e-13                 	6.7482527174e-12                 	8.7775865459e-02                 	5.7650692289e-02                 
1.3043970000e-01	6.0640295732e-01	7.4975227224e-12                 	6.4664942069e-13                 	6.8508733017e-12                 	8.6248410927e-02                 	5.5088455696e-02                 
1.3334730000e-01	5.9318051308e-01	7.6178373411e-12                 	6.4432865084e-13                 	6.9735086903e-12                 	8.4581571119e-02                 	5.1702456044e-02                 
1.3591040000e-01	5.8199387120e-01	7.8183428995e-12                 	6.6249553451e-13                 	7.1558473650e-12                 	8.4736055073e-02                 	4.8697304677e-02                 
1.3882080000e-01	5.6979227776e-01	7.9664352322e-12                 	6.7343980326e-13                 	7.2929954290e-12                 	8.4534648638e-02                 	4.5686780898e-02                 
1.4134290000e-01	5.5962499589e-01	8.0736004327e-12                 	6.8086221659e-13                 	7.3927382162e-12                 	8.4331918858e-02                 	4.3238238577e-02                 
1.4369190000e-01	5.5047653926e-01	8.1180263473e-12                 	6.8359691103e-13                 	7.4344294363e-12                 	8.4207279181e-02                 	4.1201829939e-02                 
1.4639480000e-01	5.4031304276e-01	8.0867003468e-12                 	6.7692958330e-13                 	7.4097707635e-12                 	8.3708998017e-02                 	3.9166995967e-02                 
1.4863280000e-01	5.3217741866e-01	8.1435515099e-12                 	6.7611989475e-13                 	7.4674316152e-12                 	8.3025187957e-02                 	3.7272554279e-02                 
1.5182300000e-01	5.2099497330e-01	8.1071486822e-12                 	6.6501993846e-13                 	7.4421287437e-12                 	8.2028832150e-02                 	3.5011479405e-02                 
1.5453600000e-01	5.1184850023e-01	7.9919668194e-12                 	6.4899782073e-13                 	7.3429689987e-12                 	8.1206270671e-02                 	3.3389957179e-02                 
1.5830920000e-01	4.9964891385e-01	7.9186004141e-12                 	6.3446171536e-13                 	7.2841386988e-12                 	8.0122961405e-02                 	3.0964806972e-02                 
1.6059660000e-01	4.9253234397e-01	7.8786962381e-12                 	6.2717335391e-13                 	7.2515228842e-12                 	7.9603697739e-02                 	2.9514141508e-02                 
1.6432750000e-01	4.8134986434e-01	7.7481858647e-12                 	6.0707681765e-13                 	7.1411090470e-12                 	7.8350833119e-02                 	2.7444112704e-02                 
1.6859980000e-01	4.6915251283e-01	7.5414529464e-12                 	5.8139580740e-13                 	6.9600571390e-12                 	7.7093341500e-02                 	2.5305345481e-02                 
1.7233230000e-01	4.5899126184e-01	7.2743234661e-12                 	5.5374820881e-13                 	6.7205752573e-12                 	7.6123671348e-02                 	2.3729151108e-02                 
1.7504560000e-01	4.5187665290e-01	7.1149922752e-12                 	5.3638548307e-13                 	6.5786067921e-12                 	7.5388062604e-02                 	2.2542002018e-02                 
1.7663330000e-01	4.4781487880e-01	6.9371236313e-12                 	5.2137215150e-13                 	6.4157514798e-12                 	7.5156819916e-02                 	2.2064879968e-02                 
1.7948400000e-01	4.4070234579e-01	6.7292826861e-12                 	5.0310717172e-13                 	6.2261755144e-12                 	7.4763863429e-02                 	2.0916066073e-02                 
1.8285630000e-01	4.3257475861e-01	6.4587610251e-12                 	4.8031687250e-13                 	5.9784441526e-12                 	7.4366719969e-02                 	1.9663707415e-02                 
1.8591220000e-01	4.2546438497e-01	6.1978774856e-12                 	4.5927971317e-13                 	5.7385977725e-12                 	7.4102741500e-02                 	1.8604349846e-02                 
1.8861540000e-01	4.1936671042e-01	6.0246520543e-12                 	4.4387369914e-13                 	5.5807783552e-12                 	7.3676238086e-02                 	1.7559550147e-02                 
1.9234410000e-01	4.1123704773e-01	5.7722010197e-12                 	4.2078254506e-13                 	5.3514184747e-12                 	7.2898110031e-02                 	1.6279838980e-02                 
1.9474920000e-01	4.0615838130e-01	5.5752045811e-12                 	4.0638347189e-13                 	5.1688211092e-12                 	7.2891221475e-02                 	1.5460715039e-02                 
1.9821730000e-01	3.9905204960e-01	5.2413789912e-12                 	3.8830349559e-13                 	4.8530754956e-12                 	7.4084224065e-02                 	1.4101957746e-02                 
2.0077040000e-01	3.9397749784e-01	4.9880068933e-12                 	3.7125672978e-13                 	4.6167501635e-12                 	7.4429875042e-02                 	1.3375671599e-02                 
2.0233100000e-01	3.9093870851e-01	4.7650902708e-12                 	3.5558700188e-13                 	4.4095032689e-12                 	7.4623350592e-02                 	1.3339268073e-02                 
2.0444870000e-01	3.8688932643e-01	4.4579416834e-12                 	3.3900805637e-13                 	4.1189336270e-12                 	7.6045870595e-02                 	1.2984472625e-02                 
2.0661240000e-01	3.8283771851e-01	4.2001762833e-12                 	3.2271155115e-13                 	3.8774647322e-12                 	7.6832858763e-02                 	1.2724057521e-02                 
2.0994740000e-01	3.7675636770e-01	3.8746292291e-12                 	3.0456639220e-13                 	3.5700628369e-12                 	7.8605299808e-02                 	1.1714925838e-02                 
2.1397410000e-01	3.6966632799e-01	3.5130830794e-12                 	2.7761065410e-13                 	3.2354724253e-12                 	7.9021943923e-02                 	1.1551286079e-02                 
2.1694990000e-01	3.6459578839e-01	3.3336650900e-12                 	2.5866471591e-13                 	3.0750003741e-12                 	7.7591692304e-02                 	1.1777972513e-02                 
2.2000590000e-01	3.5953135726e-01	3.1284340005e-12                 	2.3923525190e-13                 	2.8891987486e-12                 	7.6471247872e-02                 	1.2401733243e-02                 
2.2314920000e-01	3.5446696574e-01	2.9380158392e-12                 	2.2171937484e-13                 	2.7162964643e-12                 	7.5465683976e-02                 	1.3013442933e-02                 
2.2704050000e-01	3.4839167387e-01	2.7165781394e-12                 	2.0289366651e-13                 	2.5136844729e-12                 	7.4687219031e-02                 	1.3737558698e-02                 
2.3106990000e-01	3.4231641521e-01	2.5151855399e-12                 	1.8631654424e-13                 	2.3288689957e-12                 	7.4076660064e-02                 	1.4368968911e-02                 
2.3383460000e-01	3.3826910060e-01	2.3806924731e-12                 	1.7574008318e-13                 	2.2049523899e-12                 	7.3818893101e-02                 	1.4990556117e-02                 
2.3738430000e-01	3.3321083084e-01	2.2217629214e-12                 	1.6346335756e-13                 	2.0582995638e-12                 	7.3573717515e-02                 	1.5831273512e-02                 
2.4178980000e-01	3.2713960569e-01	2.0526534850e-12                 	1.5013228679e-13                 	1.9025211983e-12                 	7.3140589918e-02                 	1.6778431341e-02                 
2.4634940000e-01	3.2108468635e-01	1.8557228073e-12                 	1.3720406566e-13                 	1.7185187416e-12                 	7.3935646598e-02                 	1.8800636695e-02                 
2.4948950000e-01	3.1704348212e-01	1.7498449238e-12                 	1.2938724197e-13                 	1.6204576818e-12                 	7.3942119223e-02                 	2.0002987545e-02                 
2.5270920000e-01	3.1300411632e-01	1.6468350776e-12                 	1.2193614702e-13                 	1.5248989306e-12                 	7.4042719081e-02                 	2.1438914591e-02                 
2.5517980000e-01	3.0997367281e-01	1.5754443652e-12                 	1.1648769154e-13                 	1.4589566737e-12                 	7.3939578008e-02                 	2.2635454534e-02                 
2.5769920000e-01	3.0694321066e-01	1.5063506440e-12                 	1.1116516964e-13                 	1.3951854743e-12                 	7.3797671268e-02                 	2.3980462713e-02                 
2.6114980000e-01	3.0288753747e-01	1.4431495842e-12                 	1.0441088614e-13                 	1.3387386980e-12                 	7.2349316585e-02                 	2.4907458448e-02                 
2.6469400000e-01	2.9883193360e-01	1.3785548113e-12                 	9.7760464826e-14                 	1.2807943465e-12                 	7.0915181625e-02                 	2.6057810714e-02                 
2.6926280000e-01	2.9376141016e-01	1.2957285859e-12                 	8.9608306413e-14                 	1.2061202795e-12                 	6.9156694841e-02                 	2.7734729095e-02                 
2.7303410000e-01	2.8970381294e-01	1.2312094544e-12                 	8.3517649414e-14                 	1.1476918050e-12                 	6.7833827229e-02                 	2.8917682932e-02                 
2.7790190000e-01	2.8462928764e-01	1.1414768401e-12                 	7.5741399629e-14                 	1.0657354404e-12                 	6.6353864548e-02                 	3.0783770215e-02                 
2.8502020000e-01	2.7752075057e-01	1.0187151509e-12                 	6.5973790488e-14                 	9.5274136044e-13                 	6.4761764295e-02                 	3.2600383094e-02                 
2.9251490000e-01	2.7041022468e-01	9.0102918013e-13                 	5.7525963975e-14                 	8.4350321616e-13                 	6.3844729164e-02                 	3.3586906422e-02                 
2.9926090000e-01	2.6431458247e-01	8.0089192869e-13                 	5.1107909845e-14                 	7.4978401885e-13                 	6.3813740673e-02                 	3.4010254203e-02                 
3.0393380000e-01	2.6025081722e-01	7.4090386239e-13                 	4.7349905646e-14                 	6.9355395674e-13                 	6.3908299105e-02                 	3.3992262365e-02                 
3.0998540000e-01	2.5517014618e-01	6.6894442454e-13                 	4.3012254545e-14                 	6.2593216999e-13                 	6.4298696525e-02                 	3.3750752844e-02                 
3.1500200000e-01	2.5110640514e-01	6.2066343985e-13                 	3.9965103364e-14                 	5.8069833649e-13                 	6.4390941689e-02                 	3.3373955176e-02                 
3.2554950000e-01	2.4297079194e-01	5.2488026664e-13                 	3.4152250135e-14                 	4.9072801651e-13                 	6.5066744372e-02                 	3.2086311426e-02                 
3.3109270000e-01	2.3890294118e-01	4.7116528436e-13                 	3.1476917324e-14                 	4.3968836704e-13                 	6.6806529191e-02                 	3.1444267968e-02                 
3.3829880000e-01	2.3381407156e-01	4.0947047926e-13                 	2.8335914394e-14                 	3.8113456487e-13                 	6.9201360854e-02                 	3.0312812459e-02                 
3.4893140000e-01	2.2668931438e-01	3.1564719685e-13                 	2.4368832876e-14                 	2.9127836397e-13                 	7.7202753959e-02                 	2.8668998621e-02                 
3.5694760000e-01	2.2159840781e-01	2.5534256855e-13                 	2.1858471043e-14                 	2.3348409751e-13                 	8.5604492690e-02                 	2.7317394569e-02                 
3.6534420000e-01	2.1650547575e-01	2.1141608264e-13                 	1.9601298530e-14                 	1.9181478411e-13                 	9.2714320903e-02                 	2.5803017232e-02                 
3.7595740000e-01	2.1039357074e-01	1.5667667111e-13                 	1.7149783717e-14                 	1.3952688739e-13                 	1.0945971469e-01                 	2.4016606573e-02                 
3.8338860000e-01	2.0631552381e-01	1.2108109843e-13                 	1.5614115656e-14                 	1.0546698277e-13                 	1.2895584744e-01                 	2.2710040788e-02                 
3.9113510000e-01	2.0222940828e-01	1.0122414401e-13                 	1.4086079207e-14                 	8.7138064807e-14                 	1.3915730624e-01                 	2.1104885190e-02                 
4.0335410000e-01	1.9610317543e-01	7.8910734859e-14                 	1.2061872401e-14                 	6.6848862458e-14                 	1.5285464547e-01                 	1.8967657404e-02                 
4.3020620000e-01	1.8386304017e-01	4.4377619335e-14                 	8.8401074119e-15                 	3.5537511923e-14                 	1.9920192981e-01                 	1.5560925426e-02                 
4.5546370000e-01	1.7366701195e-01	2.4190554385e-14                 	6.7488339837e-15                 	1.7441720401e-14                 	2.7898632980e-01                 	1.3198126134e-02                 
4.8086260000e-01	1.6449401520e-01	7.1722931829e-15                 	5.2473672357e-15                 	1.9249259472e-15                 	7.3161638850e-01                 	1.1385367437e-02                 
5.1947190000e-01	1.5226813969e-01	4.5722621492e-15                 	3.6982015328e-15                 	8.7406061637e-16                 	8.0883409834e-01                 	9.3420208093e-03                 
5.6479780000e-01	1.4004838516e-01	2.9545998346e-15                 	2.5623849955e-15                 	3.9221483902e-16                 	8.6725280546e-01                 	7.6568741703e-03                 
6.0000000000e-01	1.3183169972e-01	2.1983746777e-15                 	1.9688410331e-15                 	2.2953364459e-16                 	8.9558938842e-01                 	6.6484237314e-03                 
7.0000000000e-01	1.1299859976e-01	1.0969846053e-15                 	1.0302700297e-15                 	6.6714575657e-17                 	9.3918367192e-01                 	4.7545440710e-03                 
8.0000000000e-01	9.8873774790e-02	6.1923022806e-16                 	5.9209026201e-16                 	2.7139966051e-17                 	9.5617144509e-01                 	3.5807169610e-03                 
9.0000000000e-01	8.7887799813e-02	3.7834927684e-16                 	3.6446134512e-16                 	1.3887931722e-17                 	9.6329335730e-01                 	2.7969419474e-03                 
1.0000000000e+00	7.9099019832e-02	2.4521549685e-16                 	2.3687597114e-16                 	8.3395257139e-18                 	9.6599103311e-01                 	2.2486358598e-03                 
1.1000000000e+00	7.1908199847e-02	1.6628895136e-16                 	1.6065947380e-16                 	5.6294775592e-18                 	9.6614641254e-01                 	1.8482128153e-03                 
1.2000000000e+00	6.5915849860e-02	1.1699620026e-16                 	1.1285202847e-16                 	4.1441717848e-18                 	9.6457857797e-01                 	1.5468306712e-03                 
1.3000000000e+00	6.0845399871e-02	8.4871472918e-17                 	8.1613473763e-17                 	3.2579991557e-18                 	9.6161255315e-01                 	1.3140733263e-03                 
1.4000000000e+00	5.6499299880e-02	6.3141334295e-17                 	6.0444076218e-17                 	2.6972580773e-18                 	9.5728221287e-01                 	1.1296743830e-03                 
1.5000000000e+00	5.2732679888e-02	4.8042994835e-17                 	4.5720044800e-17                 	2.3229500352e-18                 	9.5164851727e-01                 	9.8162653163e-04                 
1.6000000000e+00	4.9436887395e-02	3.7289916726e-17                 	3.5226507257e-17                 	2.0634094690e-18                 	9.4466575283e-01                 	8.6104205837e-04                 
1.7000000000e+00	4.6528835195e-02	2.9464991256e-17                 	2.7586832951e-17                 	1.8781583051e-18                 	9.3625797175e-01                 	7.6158413359e-04                 
1.8000000000e+00	4.3943899907e-02	2.3662196145e-17                 	2.1919187511e-17                 	1.7430086339e-18                 	9.2633783343e-01                 	6.7863752324e-04                 
1.9000000000e+00	4.1631063070e-02	1.9267922236e-17                 	1.7622504105e-17                 	1.6454181313e-18                 	9.1460323998e-01                 	6.0817415285e-04                 
2.0000000000e+00	3.9549509916e-02	1.5900071990e-17                 	1.4334914112e-17                 	1.5651578787e-18                 	9.0156284326e-01                 	5.4833125342e-04                 
2.5000000000e+00	3.1639607933e-02	7.1101972791e-18                 	5.8553569344e-18                 	1.2548403447e-18                 	8.2351539691e-01                 	3.5023273327e-04                 
3.0000000000e+00	2.6366339944e-02	3.8657363406e-18                 	2.8181098949e-18                 	1.0476264457e-18                 	7.2899692235e-01                 	2.4285425728e-04                 
4.0000000000e+00	1.9774754958e-02	1.6778007787e-18                 	8.8557288316e-19                 	7.9222789559e-19                 	5.2781766130e-01                 	1.3586144718e-04                 
5.0000000000e+00	1.5819803966e-02	9.9891275106e-19                 	3.6070507464e-19                 	6.3820767641e-19                 	3.6109767771e-01                 	8.6563496092e-05                 
6.0000000000e+00	1.3183169972e-02	7.0892094822e-19                 	1.7287009639e-19                 	5.3605085183e-19                 	2.4384960950e-01                 	5.9815516001e-05                 
7.0000000000e+00	1.1299859976e-02	5.5681063930e-19                 	9.2551474083e-20                 	4.6425916521e-19                 	1.6621714377e-01                 	4.3662799391e-05                 
8.0000000000e+00	9.8873774790e-03	4.6398658457e-19                 	5.3838986798e-20                 	4.1014759777e-19                 	1.1603565402e-01                 	3.3230132437e-05                 
9.0000000000e+00	8.7887799813e-03	4.0256159455e-19                 	3.3265745759e-20                 	3.6929584879e-19                 	8.2635169897e-02                 	2.6047242845e-05                 
1.0000000000e+01	7.9099019832e-03	3.5983037277e-19                 	2.1511156295e-20                 	3.3831921648e-19                 	5.9781380124e-02                 	2.0867660524e-05                 
1.1000000000e+01	7.1908199847e-03	3.2805198786e-19                 	1.4455554989e-20                 	3.1359643288e-19                 	4.4064829733e-02                 	1.7040047490e-05                 
1.2000000000e+01	6.5915849860e-03	3.0454894815e-19                 	9.9949259765e-21                 	2.9455402218e-19                 	3.2818783441e-02                 	1.4104463516e-05                 
1.2130880000e+01	6.5204684105e-03	3.0163179830e-19                 	9.5502838979e-21                 	2.9208151441e-19                 	3.1662059344e-02                 	1.3781165762e-05                 
1.2334810000e+01	6.4126662536e-03	2.9758441113e-19                 	8.8950962351e-21                 	2.8868931490e-19                 	2.9891002023e-02                 	1.3288256595e-05                 
1.2540610000e+01	6.3074300080e-03	2.9376365805e-19                 	8.2860148288e-21                 	2.8547764322e-19                 	2.8206398585e-02                 	1.2813241536e-05                 
1.2748320000e+01	6.2046622482e-03	2.9009002167e-19                 	7.7212572610e-21                 	2.8236876441e-19                 	2.6616762675e-02                 	1.2357268313e-05                 
1.2957940000e+01	6.1042897121e-03	2.8656046030e-19                 	7.1972917378e-21                 	2.7936316856e-19                 	2.5116136854e-02                 	1.1919384859e-05                 
1.3169490000e+01	6.0062325748e-03	2.8321219394e-19                 	6.7099408794e-21                 	2.7650225306e-19                 	2.3692273931e-02                 	1.1497600222e-05                 
1.3382990000e+01	5.9104146257e-03	2.7999357237e-19                 	6.2574118656e-21                 	2.7373616051e-19                 	2.2348412546e-02                 	1.1092372514e-05                 
1.3598460000e+01	5.8167630623e-03	2.7695919697e-19                 	5.8357968514e-21                 	2.7112340011e-19                 	2.1070962493e-02                 	1.0701446919e-05                 
1.3815910000e+01	5.7252124422e-03	2.7405861915e-19                 	5.4437112987e-21                 	2.6861490786e-19                 	1.9863309957e-02                 	1.0325338758e-05                 
1.4035370000e+01	5.6356918152e-03	2.7131532183e-19                 	5.0783921528e-21                 	2.6623692967e-19                 	1.8717675502e-02                 	9.9627072995e-06                 
1.4256850000e+01	5.5481414080e-03	2.6871955119e-19                 	4.7379857998e-21                 	2.6398156539e-19                 	1.7631712240e-02                 	9.6131273048e-06                 
1.4480370000e+01	5.4624999107e-03	2.6626351799e-19                 	4.4207298933e-21                 	2.6184278810e-19                 	1.6602837394e-02                 	9.2761332263e-06                 
1.4705950000e+01	5.3787086065e-03	2.6396107118e-19                 	4.1246624766e-21                 	2.5983640870e-19                 	1.5626025679e-02                 	8.9508198082e-06                 
1.4933610000e+01	5.2967112327e-03	2.6180818446e-19                 	3.8482806422e-21                 	2.5795990382e-19                 	1.4698855386e-02                 	8.6367332984e-06                 
1.5163370000e+01	5.2164538511e-03	2.5980988922e-19                 	3.5900741642e-21                 	2.5621981505e-19                 	1.3818081271e-02                 	8.3332650209e-06                 
1.5395240000e+01	5.1378880636e-03	2.5801708041e-19                 	3.3480650209e-21                 	2.5466901539e-19                 	1.2976137144e-02                 	8.0389656256e-06                 
1.5629250000e+01	5.0609606879e-03	2.5628260476e-19                 	3.1230131937e-21                 	2.5315959157e-19                 	1.2185818060e-02                 	7.7562916449e-06                 
1.5865420000e+01	4.9856240700e-03	2.5474409316e-19                 	2.9119662632e-21                 	2.5183212690e-19                 	1.1430947140e-02                 	7.4821277572e-06                 
1.6103760000e+01	4.9118354864e-03	2.5407373320e-19                 	2.7144027195e-21                 	2.5135933048e-19                 	1.0683523579e-02                 	7.2168190886e-06                 
1.6344300000e+01	4.8395477220e-03	2.5526391932e-19                 	2.5294383906e-21                 	2.5273448093e-19                 	9.9091105289e-03                 	6.9600935454e-06                 
1.6587060000e+01	4.7687184970e-03	2.5880729483e-19                 	2.3559052752e-21                 	2.5645138955e-19                 	9.1029322678e-03                 	6.7111272568e-06                 
1.6832050000e+01	4.6993099374e-03	2.6522445058e-19                 	2.1931568336e-21                 	2.6303129375e-19                 	8.2690597674e-03                 	6.4698314220e-06                 
1.7079300000e+01	4.6312799607e-03	2.7521159214e-19                 	2.0400671660e-21                 	2.7317152497e-19                 	7.4127225169e-03                 	6.2352507606e-06                 
1.7328830000e+01	4.5645909061e-03	2.8958070186e-19                 	1.8962236302e-21                 	2.8768447823e-19                 	6.5481698816e-03                 	6.0075250888e-06                 
1.7580650000e+01	4.4992090641e-03	3.0944431181e-19                 	1.7609937579e-21                 	3.0768331806e-19                 	5.6908260734e-03                 	5.7863724537e-06                 
1.7834800000e+01	4.4350943006e-03	3.3635273742e-19                 	1.6335731455e-21                 	3.3471916428e-19                 	4.8567261798e-03                 	5.5711452111e-06                 
1.8091290000e+01	4.3722155707e-03	3.7244596816e-19                 	1.5133127961e-21                 	3.7093265537e-19                 	4.0631740587e-03                 	5.3613892008e-06                 
1.8350150000e+01	4.3105380518e-03	4.2065186868e-19                 	1.4000525962e-21                 	4.1925181608e-19                 	3.3282928247e-03                 	5.1574651927e-06                 
1.8611390000e+01	4.2500329009e-03	4.8552518182e-19                 	1.2923527321e-21                 	4.8423282909e-19                 	2.6617625212e-03                 	4.9573869961e-06                 
1.8875030000e+01	4.1906698867e-03	5.7325744644e-19                 	1.1904800338e-21                 	5.7206696641e-19                 	2.0766935365e-03                 	4.7621803112e-06                 
1.9141110000e+01	4.1324155094e-03	6.9352458828e-19                 	1.0934934067e-21                 	6.9243109487e-19                 	1.5767190165e-03                 	4.5706447588e-06                 
1.9409630000e+01	4.0752461449e-03	8.6090896502e-19                 	1.0008953037e-21                 	8.5990806972e-19                 	1.1626029515e-03                 	4.3823394904e-06                 
1.9680640000e+01	4.0191284344e-03	1.0981873610e-18                 	9.1213808814e-22                 	1.0972752229e-18                 	8.3058512648e-04                 	4.1966919326e-06                 
1.9954140000e+01	3.9640405366e-03	1.4420199231e-18                 	8.2633355055e-22                 	1.4411935895e-18                 	5.7303892778e-04                 	4.0124611879e-06                 
2.0230160000e+01	3.9099552269e-03	1.9529611286e-18                 	7.4243662191e-22                 	1.9522186920e-18                 	3.8015944662e-04                 	3.8280800466e-06                 
2.0508720000e+01	3.8568482008e-03	2.7408989707e-18                 	6.5626294882e-22                 	2.7402427077e-18                 	2.3943346904e-04                 	3.6360890089e-06                 
2.0674850000e+01	3.8258570114e-03	3.4120266910e-18                 	6.0317355717e-22                 	3.4114235174e-18                 	1.7677867491e-04                 	3.5171720641e-06                 
2.0769230000e+01	3.8084714663e-03	3.8779189119e-18                 	5.7491744544e-22                 	3.8773439945e-18                 	1.4825411735e-04                 	3.4528044544e-06                 
2.0864200000e+01	3.7911360048e-03	4.4205812870e-18                 	5.4830911027e-22                 	4.4200329779e-18                 	1.2403552263e-04                 	3.3911718392e-06                 
2.0959750000e+01	3.7738532107e-03	5.0572214240e-18                 	5.2269843523e-22                 	5.0566987256e-18                 	1.0335684191e-04                 	3.3310667639e-06                 
2.1055900000e+01	3.7566202267e-03	5.8072569189e-18                 	4.9796959951e-22                 	5.8067589493e-18                 	8.5749538287e-05                 	3.2722749143e-06                 
2.1152650000e+01	3.7394378403e-03	6.6956482293e-18                 	4.7383876482e-22                 	6.6951743905e-18                 	7.0768168905e-05                 	3.2142733091e-06                 
2.1250000000e+01	3.7223068156e-03	7.7510773019e-18                 	4.5040448103e-22                 	7.7506268975e-18                 	5.8108629741e-05                 	3.1572488580e-06                 
2.1347960000e+01	3.7052261589e-03	9.0053041556e-18                 	4.2816593821e-22                 	9.0048759896e-18                 	4.7545971886e-05                 	3.1021327655e-06                 
2.1446540000e+01	3.6881949178e-03	1.0524637401e-17                 	4.0482499102e-22                 	1.0524232576e-17                 	3.8464507196e-05                 	3.0446494902e-06                 
2.1545740000e+01	3.6712138841e-03	1.2345936145e-17                 	3.8273918563e-22                 	1.2345553406e-17                 	3.1001228350e-05                 	2.9891859076e-06                 
2.1645570000e+01	3.6542821387e-03	1.4550833599e-17                 	3.6096324752e-22                 	1.4550472636e-17                 	2.4807049374e-05                 	2.9339798516e-06                 
2.1746030000e+01	3.6374004741e-03	1.7228528337e-17                 	3.3968492152e-22                 	1.7228188652e-17                 	1.9716421211e-05                 	2.8793788710e-06                 
2.1847130000e+01	3.6205680028e-03	2.0499025513e-17                 	3.1870757559e-22                 	2.0498706805e-17                 	1.5547450067e-05                 	2.8250081951e-06                 
2.1948880000e+01	3.6037838756e-03	2.4506983581e-17                 	2.9823539290e-22                 	2.4506685345e-17                 	1.2169404363e-05                 	2.7712421366e-06                 
2.2051280000e+01	3.5870489075e-03	2.9446281276e-17                 	2.7810209503e-22                 	2.9446003174e-17                 	9.4443876435e-06                 	2.7177575335e-06                 
2.2154340000e+01	3.5703622781e-03	3.5552216202e-17                 	2.5857669738e-22                 	3.5551957625e-17                 	7.2731527034e-06                 	2.6650503559e-06                 
2.2258060000e+01	3.5537248005e-03	4.3177418211e-17                 	2.3881413027e-22                 	4.3177179396e-17                 	5.5309960662e-06                 	2.6114885961e-06                 
2.2362460000e+01	3.5371341003e-03	5.2677260821e-17                 	2.2007394953e-22                 	5.2677040747e-17                 	4.1777789145e-06                 	2.5594554212e-06                 
2.2467530000e+01	3.5205925988e-03	6.4627620101e-17                 	2.0152598188e-22                 	6.4627418575e-17                 	3.1182640111e-06                 	2.5073321247e-06                 
2.2573290000e+01	3.5040979774e-03	7.9694757857e-17                 	1.8367778121e-22                 	7.9694574179e-17                 	2.3047661622e-06                 	2.4560691186e-06                 
2.2679740000e+01	3.4876510856e-03	9.8805932832e-17                 	1.6636440227e-22                 	9.8805766468e-17                 	1.6837491181e-06                 	2.4053121646e-06                 
2.2786890000e+01	3.4712512252e-03	1.2311806693e-16                 	1.4993938665e-22                 	1.2311791699e-16                 	1.2178503968e-06                 	2.3557350994e-06                 
2.2894740000e+01	3.4548992403e-03	8.4789316801e-16                 	1.3478343094e-22                 	8.4789303323e-16                 	1.5896275147e-07                 	2.3070884650e-06                 
2.3003300000e+01	3.4385944552e-03	1.6738066075e-15                 	1.2160321450e-22                 	1.6738064859e-15                 	7.2650695703e-08                 	2.2599602234e-06                 
2.3112580000e+01	3.4223362269e-03	2.5835301218e-15                 	1.1073929558e-22                 	2.5835300111e-15                 	4.2863558913e-08                 	2.2147091769e-06                 
2.3222590000e+01	3.4061239436e-03	3.5800584614e-15                 	1.0196565489e-22                 	3.5800583594e-15                 	2.8481561402e-08                 	2.1704487024e-06                 
2.3333330000e+01	3.3899584771e-03	4.6611377713e-15                 	9.5950284342e-23                 	4.6611376753e-15                 	2.0585163763e-08                 	2.1282484692e-06                 
2.3444820000e+01	3.3738377958e-03	5.7991339363e-15                 	9.2493169642e-23                 	5.7991338438e-15                 	1.5949479812e-08                 	2.0877037842e-06                 
2.3557050000e+01	3.3577642291e-03	6.9896418304e-15                 	9.1484117709e-23                 	6.9896417389e-15                 	1.3088527271e-08                 	2.0484466034e-06                 
2.3670030000e+01	3.3417372024e-03	8.2157765879e-15                 	9.2998978937e-23                 	8.2157764949e-15                 	1.1319560353e-08                 	2.0108094093e-06                 
2.3783780000e+01	3.3257547720e-03	9.4656161457e-15                 	9.6650744928e-23                 	9.4656160491e-15                 	1.0210718821e-08                 	1.9741149578e-06                 
2.3898310000e+01	3.3098164612e-03	1.0732411780e-14                 	1.0242530473e-22                 	1.0732411678e-14                 	9.5435496538e-09                 	1.9384829902e-06                 
2.4013610000e+01	3.2939245633e-03	1.2010799217e-14                 	1.1004680458e-22                 	1.2010799107e-14                 	9.1623215571e-09                 	1.9034518102e-06                 
2.4129690000e+01	3.2780785759e-03	1.3300281216e-14                 	1.1948877549e-22                 	1.3300281097e-14                 	8.9839285013e-09                 	1.8689853010e-06                 
2.4246580000e+01	3.2622753325e-03	1.4601830250e-14                 	1.3062593203e-22                 	1.4601830120e-14                 	8.9458601966e-09                 	1.8347628067e-06                 
2.4364260000e+01	3.2465184591e-03	1.5928339048e-14                 	1.4353097933e-22                 	1.5928338904e-14                 	9.0110449618e-09                 	1.8004369063e-06                 
2.4482760000e+01	3.2308048534e-03	1.7357076181e-14                 	1.5917677805e-22                 	1.7357076022e-14                 	9.1707137991e-09                 	1.7648816596e-06                 
2.4602080000e+01	3.2151354614e-03	1.8807038903e-14                 	1.7855358309e-22                 	1.8807038724e-14                 	9.4939763782e-09                 	1.7321186497e-06                 
2.4722220000e+01	3.1995112022e-03	2.0126818904e-14                 	1.9891324060e-22                 	2.0126818705e-14                 	9.8829945037e-09                 	1.7025332585e-06                 
2.4843210000e+01	3.1839291232e-03	2.1315832555e-14                 	2.1870401083e-22                 	2.1315832336e-14                 	1.0260167425e-08                 	1.6741116050e-06                 
2.4965030000e+01	3.1683927410e-03	2.2416871397e-14                 	2.3814470857e-22                 	2.2416871159e-14                 	1.0623458749e-08                 	1.6461538359e-06                 
2.5087720000e+01	3.1528979051e-03	2.3447401726e-14                 	2.5732993628e-22                 	2.3447401468e-14                 	1.0974774062e-08                 	1.6184878598e-06                 
2.5211270000e+01	3.1374468574e-03	2.4413376690e-14                 	2.7619158774e-22                 	2.4413376414e-14                 	1.1313125228e-08                 	1.5910638564e-06                 
2.5335690000e+01	3.1220392984e-03	2.5296505640e-14                 	2.9420715651e-22                 	2.5296505346e-14                 	1.1630347712e-08                 	1.5642027479e-06                 
2.5460990000e+01	3.1066749499e-03	2.6173244154e-14                 	3.1176654867e-22                 	2.6173243843e-14                 	1.1911650953e-08                 	1.5358939173e-06                 
2.5587190000e+01	3.0913523459e-03	2.7063095834e-14                 	3.3015085353e-22                 	2.7063095504e-14                 	1.2199301054e-08                 	1.5067279205e-06                 
2.5714290000e+01	3.0760724808e-03	2.7953089402e-14                 	3.4923561173e-22                 	2.7953089053e-14                 	1.2493631981e-08                 	1.4769688485e-06                 
2.5842290000e+01	3.0608363203e-03	2.8839822293e-14                 	3.6901920503e-22                 	2.8839821924e-14                 	1.2795474302e-08                 	1.4466575546e-06                 
2.5971220000e+01	3.0456412842e-03	2.9725298212e-14                 	3.8959372302e-22                 	2.9725297823e-14                 	1.3106469790e-08                 	1.4157043601e-06                 
2.6101080000e+01	3.0304883872e-03	3.0613558491e-14                 	4.1114170647e-22                 	3.0613558080e-14                 	1.3430052785e-08                 	1.3839779339e-06                 
2.6231880000e+01	3.0153774656e-03	3.1517651661e-14                 	4.3407265864e-22                 	3.1517651227e-14                 	1.3772366778e-08                 	1.3511283333e-06                 
2.6363640000e+01	3.0003072350e-03	3.2499081281e-14                 	4.6033128545e-22                 	3.2499080821e-14                 	1.4164439957e-08                 	1.3157845048e-06                 
2.6496350000e+01	2.9852798530e-03	3.3369177157e-14                 	4.8849250577e-22                 	3.3369176668e-14                 	1.4639033605e-08                 	1.2817565296e-06                 
2.6630040000e+01	2.9702929411e-03	3.4021010944e-14                 	5.1433584188e-22                 	3.4021010430e-14                 	1.5118182194e-08                 	1.2506331105e-06                 
2.6764710000e+01	2.9553475391e-03	3.4547972369e-14                 	5.3767734731e-22                 	3.4547971831e-14                 	1.5563209950e-08                 	1.2204333890e-06                 
2.6900370000e+01	2.9404435639e-03	3.4996086745e-14                 	5.5976546385e-22                 	3.4996086185e-14                 	1.5995087334e-08                 	1.1902529206e-06                 
2.7037040000e+01	2.9255798650e-03	3.5390296282e-14                 	5.8127830053e-22                 	3.5390295701e-14                 	1.6424793279e-08                 	1.1595204120e-06                 
2.7174720000e+01	2.9107574920e-03	3.5771096439e-14                 	6.0386285779e-22                 	3.5771095836e-14                 	1.6881306918e-08                 	1.1269670839e-06                 
2.7313430000e+01	2.8959753437e-03	3.5971517465e-14                 	6.2520013198e-22                 	3.5971516839e-14                 	1.7380421401e-08                 	1.0957379700e-06                 
2.7453180000e+01	2.8812334248e-03	3.6022108708e-14                 	6.4349512114e-22                 	3.6022108065e-14                 	1.7863893709e-08                 	1.0659970581e-06                 
2.7593980000e+01	2.8665317519e-03	3.5996244590e-14                 	6.5982469520e-22                 	3.5996243930e-14                 	1.8330375924e-08                 	1.0363582644e-06                 
2.7735850000e+01	2.8518693255e-03	3.5939850628e-14                 	6.7623268718e-22                 	3.5939849952e-14                 	1.8815678846e-08                 	1.0050844338e-06                 
2.7878790000e+01	2.8372472346e-03	3.5714994858e-14                 	6.9088248024e-22                 	3.5714994167e-14                 	1.9344325345e-08                 	9.7461685677e-07                 
2.8022810000e+01	2.8226655297e-03	3.5310366801e-14                 	7.0132863782e-22                 	3.5310366100e-14                 	1.9861833828e-08                 	9.4679372773e-07                 
2.8167940000e+01	2.8081222777e-03	3.4840031468e-14                 	7.0861047817e-22                 	3.4840030759e-14                 	2.0338973540e-08                 	9.2016259079e-07                 
2.8314180000e+01	2.7936185979e-03	3.4331754100e-14                 	7.1387648983e-22                 	3.4331753386e-14                 	2.0793475561e-08                 	8.9383096993e-07                 
2.8461540000e+01	2.7791546006e-03	3.3792731024e-14                 	7.1718717998e-22                 	3.3792730307e-14                 	2.1223119832e-08                 	8.6792861706e-07                 
2.8610040000e+01	2.7647294388e-03	3.3304258123e-14                 	7.2036440259e-22                 	3.3304257402e-14                 	2.1629798806e-08                 	8.4031113037e-07                 
2.8759690000e+01	2.7503432698e-03	3.2867428601e-14                 	7.2517074693e-22                 	3.2867427876e-14                 	2.2063507180e-08                 	8.0893129854e-07                 
2.8910510000e+01	2.7359953122e-03	3.2467365247e-14                 	7.3541034151e-22                 	3.2467364512e-14                 	2.2650755178e-08                 	7.6856929607e-07                 
2.9062500000e+01	2.7216867039e-03	3.1559236585e-14                 	7.3838669296e-22                 	3.1559235846e-14                 	2.3396849001e-08                 	7.3485537662e-07                 
2.9215690000e+01	2.7074157698e-03	3.0625345481e-14                 	7.3739816231e-22                 	3.0625344744e-14                 	2.4078035716e-08                 	7.0378007409e-07                 
2.9370080000e+01	2.6931836696e-03	2.9535706564e-14                 	7.3082914338e-22                 	2.9535705833e-14                 	2.4743919425e-08                 	6.7853032963e-07                 
2.9525690000e+01	2.6789897148e-03	2.8499556405e-14                 	7.2042605407e-22                 	2.8499555684e-14                 	2.5278500614e-08                 	6.5846915301e-07                 
2.9682540000e+01	2.6648332600e-03	2.7646114425e-14                 	7.1137372645e-22                 	2.7646113713e-14                 	2.5731418004e-08                 	6.3577761061e-07                 
2.9840640000e+01	2.6507145903e-03	2.6822670284e-14                 	7.0322997988e-22                 	2.6822669581e-14                 	2.6217746870e-08                 	6.1016247973e-07                 
3.0000000000e+01	2.6366339944e-03	2.6021210495e-14                 	6.9573637459e-22                 	2.6021209799e-14                 	2.6737279371e-08                 	5.8171916702e-07                 
3.0160640000e+01	2.6225908944e-03	2.5225589023e-14                 	6.9013863862e-22                 	2.5225588332e-14                 	2.7358672894e-08                 	5.4687522719e-07                 
3.0322580000e+01	2.6085847521e-03	2.4263455401e-14                 	6.8281022208e-22                 	2.4263454719e-14                 	2.8141507909e-08                 	5.1131574696e-07                 
3.0485830000e+01	2.5946159193e-03	2.3200247646e-14                 	6.7147510945e-22                 	2.3200246975e-14                 	2.8942583704e-08                 	4.8201315691e-07                 
3.0650410000e+01	2.5806839071e-03	2.2209902642e-14                 	6.5910693289e-22                 	2.2209901983e-14                 	2.9676263940e-08                 	4.5490793312e-07                 
3.0816330000e+01	2.5667890963e-03	2.1249667647e-14                 	6.4749301057e-22                 	2.1249666999e-14                 	3.0470735888e-08                 	4.2403426070e-07                 
3.0983610000e+01	2.5529310443e-03	2.0193796917e-14                 	6.3269361741e-22                 	2.0193796284e-14                 	3.1331087463e-08                 	4.0010858707e-07                 
3.1152260000e+01	2.5391101587e-03	1.9237882223e-14                 	6.1708095779e-22                 	1.9237881606e-14                 	3.2076345547e-08                 	3.8122475709e-07                 
3.1322310000e+01	2.5253252341e-03	1.8363244104e-14                 	6.0171775799e-22                 	1.8363243502e-14                 	3.2767508539e-08                 	3.6373576376e-07                 
3.1493780000e+01	2.5115759313e-03	1.7554355528e-14                 	5.8700165508e-22                 	1.7554354941e-14                 	3.3439088900e-08                 	3.4563138114e-07                 
3.1666670000e+01	2.4978635212e-03	1.6796402395e-14                 	5.7328757211e-22                 	1.6796401821e-14                 	3.4131569287e-08                 	3.2435930423e-07                 
3.1841000000e+01	2.4841876773e-03	1.6029835450e-14                 	5.6230444635e-22                 	1.6029834888e-14                 	3.5078616253e-08                 	2.8668154266e-07                 
3.2016810000e+01	2.4705465608e-03	1.5031190572e-14                 	5.4581952092e-22                 	1.5031190026e-14                 	3.6312460966e-08                 	2.7094716545e-07                 
3.2194090000e+01	2.4569422472e-03	1.4211725316e-14                 	5.2787536075e-22                 	1.4211724788e-14                 	3.7143650685e-08                 	2.7700459330e-07                 
3.2372880000e+01	2.4433729663e-03	1.3569517202e-14                 	5.1108249239e-22                 	1.3569516691e-14                 	3.7664014482e-08                 	2.8915703203e-07                 
3.2553190000e+01	2.4298392825e-03	1.3049160789e-14                 	4.9595355218e-22                 	1.3049160293e-14                 	3.8006547715e-08                 	2.9920607753e-07                 
3.2735040000e+01	2.4163410166e-03	1.2618010808e-14                 	4.8349500978e-22                 	1.2618010324e-14                 	3.8317847175e-08                 	2.9368548885e-07                 
3.2918450000e+01	2.4028780162e-03	1.2163628884e-14                 	4.7226037901e-22                 	1.2163628412e-14                 	3.8825615571e-08                 	2.7755912756e-07                 
3.3103450000e+01	2.3894494330e-03	1.1694687827e-14                 	4.6247104572e-22                 	1.1694687364e-14                 	3.9545394676e-08                 	2.4638337918e-07                 
3.3290040000e+01	2.3760566173e-03	1.1149412257e-14                 	4.5205801654e-22                 	1.1149411805e-14                 	4.0545457118e-08                 	2.1714003279e-07                 
3.3478260000e+01	2.3626980564e-03	1.0588714303e-14                 	4.4456881022e-22                 	1.0588713858e-14                 	4.1985154903e-08                 	1.4782261207e-07                 
3.3668120000e+01	2.3493744181e-03	9.7510341184e-15                 	4.2974966874e-22                 	9.7510336887e-15                 	4.4072214651e-08                 	1.5524216300e-07                 
3.3859650000e+01	2.3360849812e-03	9.2564195149e-15                 	4.1929253001e-22                 	9.2564190956e-15                 	4.5297485635e-08                 	1.2988117465e-07                 
3.4052860000e+01	2.3228304416e-03	8.5511634817e-15                 	4.0457131218e-22                 	8.5511630771e-15                 	4.7311843944e-08                 	1.7070455332e-07                 
3.4247790000e+01	2.3096094619e-03	8.1414847566e-15                 	3.9184620995e-22                 	8.1414843647e-15                 	4.8129576074e-08                 	2.1651709503e-07                 
3.4444440000e+01	2.2964234527e-03	7.7562298765e-15                 	3.8057421412e-22                 	7.7562294960e-15                 	4.9066907529e-08                 	2.4572348871e-07                 
3.4642860000e+01	2.2832704873e-03	7.3692346124e-15                 	3.7081717185e-22                 	7.3692342416e-15                 	5.0319631733e-08                 	2.4708050735e-07                 
3.4843050000e+01	2.2701520054e-03	6.8922099277e-15                 	3.6049951696e-22                 	6.8922095672e-15                 	5.2305359346e-08                 	2.6783056362e-07                 
3.5045050000e+01	2.2570668278e-03	6.4375189421e-15                 	3.4978085031e-22                 	6.4375185923e-15                 	5.4334729490e-08                 	3.2172464962e-07                 
3.5248870000e+01	2.2440157608e-03	6.0141715871e-15                 	3.3988798807e-22                 	6.0141712472e-15                 	5.6514514617e-08                 	3.7090457901e-07                 
3.5454550000e+01	2.2309977092e-03	5.5223708754e-15                 	3.2796689664e-22                 	5.5223705474e-15                 	5.9388785007e-08                 	5.4475797015e-07                 
3.5662100000e+01	2.2180135166e-03	5.2438741694e-15                 	3.1697789641e-22                 	5.2438738524e-15                 	6.0447273555e-08                 	7.2595458402e-07                 
3.5871560000e+01	2.2050621671e-03	5.0052541847e-15                 	3.0710903217e-22                 	5.0052538776e-15                 	6.1357329885e-08                 	8.8224931577e-07                 
3.6082950000e+01	2.1921439304e-03	4.7851053989e-15                 	2.9834584544e-22                 	4.7851051005e-15                 	6.2348855577e-08                 	1.0032382878e-06                 
3.6296300000e+01	2.1792584873e-03	4.5215615096e-15                 	2.9014190187e-22                 	4.5215612194e-15                 	6.4168518167e-08                 	1.1293556823e-06                 
3.6511630000e+01	2.1664061515e-03	4.2210906467e-15                 	2.8181901664e-22                 	4.2210903649e-15                 	6.6764502407e-08                 	1.3143962454e-06                 
3.6728970000e+01	2.1535866601e-03	3.9387768707e-15                 	2.7346114377e-22                 	3.9387765973e-15                 	6.9427934800e-08                 	1.5477237820e-06                 
3.6948360000e+01	2.1407992082e-03	3.6702962800e-15                 	2.6515150693e-22                 	3.6702960148e-15                 	7.2242534853e-08                 	1.8285354744e-06                 
3.7169810000e+01	2.1280447716e-03	3.4274523460e-15                 	2.5698005174e-22                 	3.4274520890e-15                 	7.4976987511e-08                 	2.1385198110e-06                 
3.7393360000e+01	2.1153226089e-03	3.2081489512e-15                 	2.4913462809e-22                 	3.2081487021e-15                 	7.7656814530e-08                 	2.4513394943e-06                 
3.7619050000e+01	2.1026320397e-03	2.9821780776e-15                 	2.4160544867e-22                 	2.9821778360e-15                 	8.1016439120e-08                 	2.7914379871e-06                 
3.7846890000e+01	2.0899740991e-03	2.7428086957e-15                 	2.3438966440e-22                 	2.7428084613e-15                 	8.5456074558e-08                 	3.1720221568e-06                 
3.8076920000e+01	2.0773481635e-03	2.3745617140e-15                 	2.2630673531e-22                 	2.3745614877e-15                 	9.5304634102e-08                 	3.8687609421e-06                 
3.8309180000e+01	2.0647536656e-03	2.1861962058e-15                 	2.1661465882e-22                 	2.1861959892e-15                 	9.9082899441e-08                 	4.2242302408e-06                 
3.8543690000e+01	2.0521911585e-03	2.1610131159e-15                 	2.0726911949e-22                 	2.1610129087e-15                 	9.5912939151e-08                 	4.1316472047e-06                 
3.8780490000e+01	2.0396601444e-03	2.1547370374e-15                 	1.9956889301e-22                 	2.1547368378e-15                 	9.2618676689e-08                 	3.9918177698e-06                 
3.9019610000e+01	2.0271606977e-03	2.1350566631e-15                 	1.9269480046e-22                 	2.1350564704e-15                 	9.0252780541e-08                 	3.8767287696e-06                 
3.9261080000e+01	2.0146929181e-03	2.1324248784e-15                 	1.8633330966e-22                 	2.1324246920e-15                 	8.7380949055e-08                 	3.7498543182e-06                 
3.9504950000e+01	2.0022559156e-03	2.0850101320e-15                 	1.8078283347e-22                 	2.0850099512e-15                 	8.6705973604e-08                 	3.6958101192e-06                 
3.9751240000e+01	1.9898503753e-03	1.9888281201e-15                 	1.7523205225e-22                 	1.9888279449e-15                 	8.8108193203e-08                 	3.6774263274e-06                 
4.0000000000e+01	1.9774754958e-03	1.9090753763e-15                 	1.6934828246e-22                 	1.9090752070e-15                 	8.8706964933e-08                 	3.6080708614e-06                 
4.0251260000e+01	1.9651315221e-03	1.8407327904e-15                 	1.6368388396e-22                 	1.8407326267e-15                 	8.8923218412e-08                 	3.5239732898e-06                 
4.0505050000e+01	1.9528187185e-03	1.7887866993e-15                 	1.5815847258e-22                 	1.7887865411e-15                 	8.8416619289e-08                 	3.4220269554e-06                 
4.0761420000e+01	1.9405364149e-03	1.7558051884e-15                 	1.5293353969e-22                 	1.7558050355e-15                 	8.7101656093e-08                 	3.3155276299e-06                 
4.1020410000e+01	1.9282844767e-03	1.7061135732e-15                 	1.4811574441e-22                 	1.7061134251e-15                 	8.6814703741e-08                 	3.2363780981e-06                 
4.1282050000e+01	1.9160632728e-03	1.6596418077e-15                 	1.4322594966e-22                 	1.6596416644e-15                 	8.6299314105e-08                 	3.1426891985e-06                 
4.1546390000e+01	1.9038722698e-03	1.6377480865e-15                 	1.3850897191e-22                 	1.6377479480e-15                 	8.4572818645e-08                 	3.0400835399e-06                 
4.1813470000e+01	1.8917114469e-03	1.6163018742e-15                 	1.3420287188e-22                 	1.6163017400e-15                 	8.3030821177e-08                 	2.9573729976e-06                 
4.2083330000e+01	1.8795808182e-03	1.5894848944e-15                 	1.3004263508e-22                 	1.5894847644e-15                 	8.1814325849e-08                 	2.8808976712e-06                 
4.2356020000e+01	1.8674799906e-03	1.5661327742e-15                 	1.2602172046e-22                 	1.5661326481e-15                 	8.0466817720e-08                 	2.8064012769e-06                 
4.2631580000e+01	1.8554090614e-03	1.5421399357e-15                 	1.2221547762e-22                 	1.5421398134e-15                 	7.9250575644e-08                 	2.7403912105e-06                 
4.2910050000e+01	1.8433681581e-03	1.5094285417e-15                 	1.1856874125e-22                 	1.5094284231e-15                 	7.8552073167e-08                 	2.6825382142e-06                 
4.3191490000e+01	1.8313565897e-03	1.4710378051e-15                 	1.1498500171e-22                 	1.4710376901e-15                 	7.8165905261e-08                 	2.6255805883e-06                 
4.3475940000e+01	1.8193745744e-03	1.4343825866e-15                 	1.1147157145e-22                 	1.4343824751e-15                 	7.7713974290e-08                 	2.5673590473e-06                 
4.3763440000e+01	1.8074223560e-03	1.3987050756e-15                 	1.0808025226e-22                 	1.3987049676e-15                 	7.7271652286e-08                 	2.5115307025e-06                 
4.4054050000e+01	1.7954993884e-03	1.3622059272e-15                 	1.0478624351e-22                 	1.3622058224e-15                 	7.6923937431e-08                 	2.4573004805e-06                 
4.4347830000e+01	1.7836051918e-03	1.3268782654e-15                 	1.0157632029e-22                 	1.3268781638e-15                 	7.6552855635e-08                 	2.4034150661e-06                 
4.4644810000e+01	1.7717405412e-03	1.2926301114e-15                 	9.8468780343e-23                 	1.2926300129e-15                 	7.6177074536e-08                 	2.3512124751e-06                 
4.4945050000e+01	1.7599050359e-03	1.2585933991e-15                 	9.5453133497e-23                 	1.2585933036e-15                 	7.5841120387e-08                 	2.3004319964e-06                 
4.5248620000e+01	1.7480979493e-03	1.2249156310e-15                 	9.2523266658e-23                 	1.2249155385e-15                 	7.5534399524e-08                 	2.2507959517e-06                 
4.5555560000e+01	1.7363197781e-03	1.1902554631e-15                 	8.9677543070e-23                 	1.1902553734e-15                 	7.5343105619e-08                 	2.2026136371e-06                 
4.5865920000e+01	1.7245706580e-03	1.1570315338e-15                 	8.6886230582e-23                 	1.1570314469e-15                 	7.5094090389e-08                 	2.1536015410e-06                 
4.6179780000e+01	1.7128496461e-03	1.1290479285e-15                 	8.4169826970e-23                 	1.1290478444e-15                 	7.4549383461e-08                 	2.1044830612e-06                 
4.6497180000e+01	1.7011573569e-03	1.1045272981e-15                 	8.1556668960e-23                 	1.1045272166e-15                 	7.3838527213e-08                 	2.0576176726e-06                 
4.6818180000e+01	1.6894936931e-03	1.0820570148e-15                 	7.9028100550e-23                 	1.0820569358e-15                 	7.3035061433e-08                 	2.0122659132e-06                 
4.7142860000e+01	1.6778578947e-03	1.0618038822e-15                 	7.6587969962e-23                 	1.0618038056e-15                 	7.2130052685e-08                 	1.9687829224e-06                 
4.7471260000e+01	1.6662506921e-03	1.0416508527e-15                 	7.4238864382e-23                 	1.0416507784e-15                 	7.1270391793e-08                 	1.9277900981e-06                 
4.7803470000e+01	1.6546710904e-03	1.0211996505e-15                 	7.1960019653e-23                 	1.0211995785e-15                 	7.0466161657e-08                 	1.8881360254e-06                 
4.8139530000e+01	1.6431199023e-03	1.0013943435e-15                 	6.9754234324e-23                 	1.0013942737e-15                 	6.9657108389e-08                 	1.8499259960e-06                 
4.8479530000e+01	1.6315962599e-03	9.8088934999e-16                 	6.7625273814e-23                 	9.8088928237e-16                 	6.8942815838e-08                 	1.8136873109e-06                 
4.8823530000e+01	1.6201003867e-03	9.5769649329e-16                 	6.5560684519e-23                 	9.5769642773e-16                 	6.8456640468e-08                 	1.7789657333e-06                 
4.9171600000e+01	1.6086322152e-03	9.3298437766e-16                 	6.3541112552e-23                 	9.3298431411e-16                 	6.8105226705e-08                 	1.7444021697e-06                 
4.9523810000e+01	1.5971917313e-03	9.0940461032e-16                 	6.1571466158e-23                 	9.0940454875e-16                 	6.7705249632e-08                 	1.7100236279e-06                 
4.9880240000e+01	1.5857786537e-03	8.8664085673e-16                 	5.9664221680e-23                 	8.8664079706e-16                 	6.7292434392e-08                 	1.6767652555e-06                 
5.0240960000e+01	1.5743930815e-03	8.6348320539e-16                 	5.7812831577e-23                 	8.6348314758e-16                 	6.6953046934e-08                 	1.6444264811e-06                 
5.0606060000e+01	1.5630345423e-03	8.3927679357e-16                 	5.6014515604e-23                 	8.3927673755e-16                 	6.6741408833e-08                 	1.6129657731e-06                 
5.0975610000e+01	1.5517032524e-03	8.1352851302e-16                 	5.4262032998e-23                 	8.1352845876e-16                 	6.6699608102e-08                 	1.5820075936e-06                 
5.1349690000e+01	1.5403991695e-03	7.8606353986e-16                 	5.2548817381e-23                 	7.8606348731e-16                 	6.6850597586e-08                 	1.5511703691e-06                 
5.1728400000e+01	1.5291217171e-03	7.5916972292e-16                 	5.0861754829e-23                 	7.5916967206e-16                 	6.6996553331e-08                 	1.5193956095e-06                 
5.2111800000e+01	1.5178715729e-03	7.3814952352e-16                 	4.9207894154e-23                 	7.3814947432e-16                 	6.6663856828e-08                 	1.4867460442e-06                 
5.2500000000e+01	1.5066479968e-03	7.2448746429e-16                 	4.7619088769e-23                 	7.2448741667e-16                 	6.5727967861e-08                 	1.4553869725e-06                 
5.2893080000e+01	1.4954511976e-03	7.1350798121e-16                 	4.6107282892e-23                 	7.1350793510e-16                 	6.4620556610e-08                 	1.4266551324e-06                 
5.3291140000e+01	1.4842808736e-03	6.9852198535e-16                 	4.4661799231e-23                 	6.9852194069e-16                 	6.3937571283e-08                 	1.4004685003e-06                 
5.3694270000e+01	1.4731370746e-03	6.7540542521e-16                 	4.3251515870e-23                 	6.7540538196e-16                 	6.4037856753e-08                 	1.3750543611e-06                 
5.4102560000e+01	1.4620199087e-03	6.4978514366e-16                 	4.1842015434e-23                 	6.4978510182e-16                 	6.4393616631e-08                 	1.3475720823e-06                 
5.4516130000e+01	1.4509287404e-03	6.3008986596e-16                 	4.0458708534e-23                 	6.3008982550e-16                 	6.4211012935e-08                 	1.3192115493e-06                 
5.4935060000e+01	1.4398640837e-03	6.1604090050e-16                 	3.9128894652e-23                 	6.1604086138e-16                 	6.3516715562e-08                 	1.2920135417e-06                 
5.5359480000e+01	1.4288251955e-03	6.0352604323e-16                 	3.7850375078e-23                 	6.0352600538e-16                 	6.2715396465e-08                 	1.2662022766e-06                 
5.5789470000e+01	1.4178127133e-03	5.9065317279e-16                 	3.6614284900e-23                 	5.9065313618e-16                 	6.1989483147e-08                 	1.2413398343e-06                 
5.6225170000e+01	1.4068258012e-03	5.7716644920e-16                 	3.5415797223e-23                 	5.7716641379e-16                 	6.1361496795e-08                 	1.2171594908e-06                 
5.6666670000e+01	1.3958649738e-03	5.6334447029e-16                 	3.4251676271e-23                 	5.6334443604e-16                 	6.0800590186e-08                 	1.1934609520e-06                 
5.7114090000e+01	1.3849300555e-03	5.4944709156e-16                 	3.3121429498e-23                 	5.4944705844e-16                 	6.0281381059e-08                 	1.1702455584e-06                 
5.7567570000e+01	1.3740204742e-03	5.3539141326e-16                 	3.2023504828e-23                 	5.3539138124e-16                 	5.9813258178e-08                 	1.1474582435e-06                 
5.8027210000e+01	1.3631367049e-03	5.2154101022e-16                 	3.0955466449e-23                 	5.2154097927e-16                 	5.9353849155e-08                 	1.1249464982e-06                 
5.8493150000e+01	1.3522783408e-03	5.0885788778e-16                 	2.9917474455e-23                 	5.0885785787e-16                 	5.8793378609e-08                 	1.1027263079e-06                 
5.8965520000e+01	1.3414453028e-03	4.9760276657e-16                 	2.8912910365e-23                 	4.9760273765e-16                 	5.8104400352e-08                 	1.0810971772e-06                 
5.9444440000e+01	1.3306378163e-03	4.8714247983e-16                 	2.7942106939e-23                 	4.8714245188e-16                 	5.7359208231e-08                 	1.0601753606e-06                 
5.9930070000e+01	1.3198552885e-03	4.7646522631e-16                 	2.7005157113e-23                 	4.7646519930e-16                 	5.6678128060e-08                 	1.0400779717e-06                 
6.0422540000e+01	1.3090978935e-03	4.6342818144e-16                 	2.6100220428e-23                 	4.6342815534e-16                 	5.6319881858e-08                 	1.0208120970e-06                 
6.0921990000e+01	1.2983656613e-03	4.4674128898e-16                 	2.5217567988e-23                 	4.4674126376e-16                 	5.6447811318e-08                 	1.0017066292e-06                 
6.1428570000e+01	1.2876584923e-03	4.2792747461e-16                 	2.4351560770e-23                 	4.2792745026e-16                 	5.6905812820e-08                 	9.8226478606e-07                 
6.1942450000e+01	1.2769759645e-03	4.0876108492e-16                 	2.3503360604e-23                 	4.0876106141e-16                 	5.7499017081e-08                 	9.6252696675e-07                 
6.2463770000e+01	1.2663183767e-03	3.9187346351e-16                 	2.2670859586e-23                 	3.9187344084e-16                 	5.7852500098e-08                 	9.4225431011e-07                 
6.2992700000e+01	1.2556854974e-03	3.7958525002e-16                 	2.1864645093e-23                 	3.7958522816e-16                 	5.7601408622e-08                 	9.2228673567e-07                 
6.3529410000e+01	1.2450771986e-03	3.6988669387e-16                 	2.1089707930e-23                 	3.6988667278e-16                 	5.7016670995e-08                 	9.0317398161e-07                 
6.4074070000e+01	1.2344934516e-03	3.6061279020e-16                 	2.0340919055e-23                 	3.6061276986e-16                 	5.6406538003e-08                 	8.8462072920e-07                 
6.4626870000e+01	1.2239339431e-03	3.5155989314e-16                 	1.9616265211e-23                 	3.5155987352e-16                 	5.5797790344e-08                 	8.6651552597e-07                 
6.5187970000e+01	1.2133990341e-03	3.4263989079e-16                 	1.8914474940e-23                 	3.4263987188e-16                 	5.5202197550e-08                 	8.4879826665e-07                 
6.5757580000e+01	1.2028882424e-03	3.3392721056e-16                 	1.8234174797e-23                 	3.3392719233e-16                 	5.4605237970e-08                 	8.3139522337e-07                 
6.6335880000e+01	1.1924017565e-03	3.2576601149e-16                 	1.7574804034e-23                 	3.2576599392e-16                 	5.3949164166e-08                 	8.1429081498e-07                 
6.6923080000e+01	1.1819393225e-03	3.1829368985e-16                 	1.6936674457e-23                 	3.1829367291e-16                 	5.3210839540e-08                 	7.9755442593e-07                 
6.7519380000e+01	1.1715009799e-03	3.1120431805e-16                 	1.6319448130e-23                 	3.1120430173e-16                 	5.2439658396e-08                 	7.8120952892e-07                 
6.8125000000e+01	1.1610865296e-03	3.0425158398e-16                 	1.5721994335e-23                 	3.0425156826e-16                 	5.1674322051e-08                 	7.6520567534e-07                 
6.8740160000e+01	1.1506958935e-03	2.9743066228e-16                 	1.5143589685e-23                 	2.9743064714e-16                 	5.0914689055e-08                 	7.4951980075e-07                 
6.9365080000e+01	1.1403291084e-03	2.9073560245e-16                 	1.4583655128e-23                 	2.9073558786e-16                 	5.0161228984e-08                 	7.3414011210e-07                 
7.0000000000e+01	1.1299859976e-03	2.8416735493e-16                 	1.4041598367e-23                 	2.8416734089e-16                 	4.9413129707e-08                 	7.1905286279e-07                 
7.0645160000e+01	1.1196665112e-03	2.7774156204e-16                 	1.3516958418e-23                 	2.7774154852e-16                 	4.8667395398e-08                 	7.0425477203e-07                 
7.1300810000e+01	1.1093705644e-03	2.7140112079e-16                 	1.3009362764e-23                 	2.7140110778e-16                 	4.7934078997e-08                 	6.8975201098e-07                 
7.1967210000e+01	1.0990980452e-03	2.6495133038e-16                 	1.2518290741e-23                 	2.6495131786e-16                 	4.7247510413e-08                 	6.7553833353e-07                 
7.2644630000e+01	1.0888488224e-03	2.5823678861e-16                 	1.2042855668e-23                 	2.5823677656e-16                 	4.6634934291e-08                 	6.6156824122e-07                 
7.3333330000e+01	1.0786230467e-03	2.5136664879e-16                 	1.1582323768e-23                 	2.5136663720e-16                 	4.6077408536e-08                 	6.4780214131e-07                 
7.4033610000e+01	1.0684204084e-03	2.4452384947e-16                 	1.1136424488e-23                 	2.4452383833e-16                 	4.5543305947e-08                 	6.3424607438e-07                 
7.4745760000e+01	1.0582408933e-03	2.3771671523e-16                 	1.0704884786e-23                 	2.3771670452e-16                 	4.5032107967e-08                 	6.2090821685e-07                 
7.5470090000e+01	1.0480843448e-03	2.3092472573e-16                 	1.0287214036e-23                 	2.3092471544e-16                 	4.4547910596e-08                 	6.0777429609e-07                 
7.6206900000e+01	1.0379508920e-03	2.2413423151e-16                 	9.8830805179e-24                 	2.2413422162e-16                 	4.4094471654e-08                 	5.9484468544e-07                 
7.6956520000e+01	1.0278403939e-03	2.1742069613e-16                 	9.4918304877e-24                 	2.1742068664e-16                 	4.3656517787e-08                 	5.8208306266e-07                 
7.7719300000e+01	1.0177526024e-03	2.1111707942e-16                 	9.1133224292e-24                 	2.1111707031e-16                 	4.3167149026e-08                 	5.6950426631e-07                 
7.8495580000e+01	1.0076875645e-03	2.0520208057e-16                 	8.7478035324e-24                 	2.0520207182e-16                 	4.2630189265e-08                 	5.5717289729e-07                 
7.9285710000e+01	9.9764534911e-04	1.9938903221e-16                 	8.3946200420e-24                 	1.9938902382e-16                 	4.2101714166e-08                 	5.4505636818e-07                 
8.0090090000e+01	9.8762555807e-04	1.9367840260e-16                 	8.0533969066e-24                 	1.9367839455e-16                 	4.1581285256e-08                 	5.3314867999e-07                 
8.0909090000e+01	9.7762834599e-04	1.8804651859e-16                 	7.7237714165e-24                 	1.8804651087e-16                 	4.1073727259e-08                 	5.2144293745e-07                 
8.1743120000e+01	9.6765354481e-04	1.8249688316e-16                 	7.4053869582e-24                 	1.8249687575e-16                 	4.0578155802e-08                 	5.0993239524e-07                 
8.2592590000e+01	9.5770116704e-04	1.7705996076e-16                 	7.0979414748e-24                 	1.7705995366e-16                 	4.0087784073e-08                 	4.9861511221e-07                 
8.3457940000e+01	9.4777105488e-04	1.7175547620e-16                 	6.8011931462e-24                 	1.7175546940e-16                 	3.9598115278e-08                 	4.8749662512e-07                 
8.4339620000e+01	9.3786312805e-04	1.6645657448e-16                 	6.5149492791e-24                 	1.6645656797e-16                 	3.9139032504e-08                 	4.7658997580e-07                 
8.5238100000e+01	9.2797727580e-04	1.6090127156e-16                 	6.2387315678e-24                 	1.6090126532e-16                 	3.8773662303e-08                 	4.6587236813e-07                 
8.6153850000e+01	9.1811358206e-04	1.5508354867e-16                 	5.9719523175e-24                 	1.5508354270e-16                 	3.8507967922e-08                 	4.5530029273e-07                 
8.7087380000e+01	9.0827189694e-04	1.4918182108e-16                 	5.7144429529e-24                 	1.4918181536e-16                 	3.8305223194e-08                 	4.4488199812e-07                 
8.8039220000e+01	8.9845207434e-04	1.4321808840e-16                 	5.4659192159e-24                 	1.4321808293e-16                 	3.8165006090e-08                 	4.3461166166e-07                 
8.9009900000e+01	8.8865418152e-04	1.3724639483e-16                 	5.2261573143e-24                 	1.3724638961e-16                 	3.8078649138e-08                 	4.2449015104e-07                 
9.0000000000e+01	8.7887799813e-04	1.3124789875e-16                 	4.9949480245e-24                 	1.3124789376e-16                 	3.8057356133e-08                 	4.1452134943e-07                 
9.1010100000e+01	8.6912353499e-04	1.2517432203e-16                 	4.7719670814e-24                 	1.2517431726e-16                 	3.8122571819e-08                 	4.0469158041e-07                 
9.2040800000e+01	8.5939083354e-04	1.1911829649e-16                 	4.5569437853e-24                 	1.1911829194e-16                 	3.8255615799e-08                 	3.9499222541e-07                 
9.3092800000e+01	8.4967924299e-04	1.1323645486e-16                 	4.3497142209e-24                 	1.1323645051e-16                 	3.8412666896e-08                 	3.8543094065e-07                 
9.4166700000e+01	8.3998929380e-04	1.0748934035e-16                 	4.1502396554e-24                 	1.0748933620e-16                 	3.8610709137e-08                 	3.7603372755e-07                 
9.5263200000e+01	8.3032083566e-04	1.0164160098e-16                 	3.9581557842e-24                 	1.0164159702e-16                 	3.8942280977e-08                 	3.6677929604e-07                 
9.6383000000e+01	8.2067397603e-04	9.5649952628e-17                 	3.7731913166e-24                 	9.5649948855e-17                 	3.9447916208e-08                 	3.5765674334e-07                 
9.7526900000e+01	8.1104823215e-04	8.9147796685e-17                 	3.5951192075e-24                 	8.9147793090e-17                 	4.0327628289e-08                 	3.4866391932e-07                 
9.8695700000e+01	8.0144342491e-04	8.2399025143e-17                 	3.4228050396e-24                 	8.2399021720e-17                 	4.1539387555e-08                 	3.3964059308e-07                 
9.9890100000e+01	7.9186045296e-04	7.7397564322e-17                 	3.2568909564e-24                 	7.7397561065e-17                 	4.2080018732e-08                 	3.3070794324e-07                 
1.0111110000e+02	7.8229808431e-04	7.4135406329e-17                 	3.0983706508e-24                 	7.4135403231e-17                 	4.1793399460e-08                 	3.2207452985e-07                 
1.0235960000e+02	7.7275624203e-04	7.1099340574e-17                 	2.9463808065e-24                 	7.1099337628e-17                 	4.1440339428e-08                 	3.1363750917e-07                 
1.0363640000e+02	7.6323588847e-04	6.8271105542e-17                 	2.8006374075e-24                 	6.8271102742e-17                 	4.1022294649e-08                 	3.0537996835e-07                 
1.0494250000e+02	7.5373675901e-04	6.5590056615e-17                 	2.6608681261e-24                 	6.5590053954e-17                 	4.0568163276e-08                 	2.9728769552e-07                 
1.0627910000e+02	7.4425752412e-04	6.3054171375e-17                 	2.5268323772e-24                 	6.3054168848e-17                 	4.0073992285e-08                 	2.8935211349e-07                 
1.0764710000e+02	7.3479935671e-04	6.0661802453e-17                 	2.3983572437e-24                 	6.0661800054e-17                 	3.9536531173e-08                 	2.8157151362e-07                 
1.0904760000e+02	7.2536231730e-04	5.8379238710e-17                 	2.2752511897e-24                 	5.8379236434e-17                 	3.8973635833e-08                 	2.7394203334e-07                 
1.1048190000e+02	7.1594550630e-04	5.6189210855e-17                 	2.1573046926e-24                 	5.6189208698e-17                 	3.8393575203e-08                 	2.6645666373e-07                 
1.1195120000e+02	7.0654910204e-04	5.4070815925e-17                 	2.0443628467e-24                 	5.4070813881e-17                 	3.7808988300e-08                 	2.5911635112e-07                 
1.1345680000e+02	6.9717301944e-04	5.2009459330e-17                 	1.9361984982e-24                 	5.2009457394e-17                 	3.7227814384e-08                 	2.5190646757e-07                 
1.1500000000e+02	6.8781756376e-04	5.0087320564e-17                 	1.8327270252e-24                 	5.0087318731e-17                 	3.6590638200e-08                 	2.4484049601e-07                 
1.1658230000e+02	6.7848223814e-04	4.8186566327e-17                 	1.7337298803e-24                 	4.8186564594e-17                 	3.5979527333e-08                 	2.3790452743e-07                 
1.1820510000e+02	6.6916757257e-04	4.6384645045e-17                 	1.6390693118e-24                 	4.6384643406e-17                 	3.5336463397e-08                 	2.3109875536e-07                 
1.1987010000e+02	6.5987281092e-04	4.4672548912e-17                 	1.5486177059e-24                 	4.4672547363e-17                 	3.4665980420e-08                 	2.2442748769e-07                 
1.2157890000e+02	6.5059825210e-04	4.2974068360e-17                 	1.4621919185e-24                 	4.2974066898e-17                 	3.4024982374e-08                 	2.1787969175e-07                 
1.2333330000e+02	6.4134357738e-04	4.1357486802e-17                 	1.3796659545e-24                 	4.1357485422e-17                 	3.3359521122e-08                 	2.1145724504e-07                 
1.2513510000e+02	6.3210897528e-04	3.9792167507e-17                 	1.3009108778e-24                 	3.9792166206e-17                 	3.2692636750e-08                 	2.0516021437e-07                 
1.2698630000e+02	6.2289412190e-04	3.8255172014e-17                 	1.2257666945e-24                 	3.8255170789e-17                 	3.2041855519e-08                 	1.9898055039e-07                 
1.2888890000e+02	6.1369923890e-04	3.6805258332e-17                 	1.1541322510e-24                 	3.6805257178e-17                 	3.1357808730e-08                 	1.9292339533e-07                 
1.3084510000e+02	6.0452412687e-04	3.5388880122e-17                 	1.0858659943e-24                 	3.5388879036e-17                 	3.0683819057e-08                 	1.8698344796e-07                 
1.3285710000e+02	5.9536915853e-04	3.4021442167e-17                 	1.0208537968e-24                 	3.4021441146e-17                 	3.0006188209e-08                 	1.8116087118e-07                 
1.3492750000e+02	5.8623349452e-04	3.2673747786e-17                 	9.5896644946e-25                 	3.2673746827e-17                 	2.9349753684e-08                 	1.7545246618e-07                 
1.3705880000e+02	5.7711741116e-04	3.1375059395e-17                 	9.0007823228e-25                 	3.1375058495e-17                 	2.8687698115e-08                 	1.6985315065e-07                 
1.3925370000e+02	5.6802095623e-04	3.0188165054e-17                 	8.4411579287e-25                 	3.0188164209e-17                 	2.7961811901e-08                 	1.6437309736e-07                 
1.4151520000e+02	5.5894363172e-04	2.8962090360e-17                 	7.9092929482e-25                 	2.8962089569e-17                 	2.7309123236e-08                 	1.5899947127e-07                 
1.4384620000e+02	5.4988605769e-04	2.7791575248e-17                 	7.4042826954e-25                 	2.7791574507e-17                 	2.6642184293e-08                 	1.5373473213e-07                 
1.4625000000e+02	5.4084799885e-04	2.6668150144e-17                 	6.9251245993e-25                 	2.6668149451e-17                 	2.5967772650e-08                 	1.4857890261e-07                 
1.4873020000e+02	5.3182890786e-04	2.5568288364e-17                 	6.4707190889e-25                 	2.5568287716e-17                 	2.5307595866e-08                 	1.4352809795e-07                 
1.5129030000e+02	5.2282942021e-04	2.4519054727e-17                 	6.0401957659e-25                 	2.4519054123e-17                 	2.4634700779e-08                 	1.3858385920e-07                 
1.5393440000e+02	5.1384888519e-04	2.3490544340e-17                 	5.6325172756e-25                 	2.3490543777e-17                 	2.3977806534e-08                 	1.3374251269e-07                 
1.5666670000e+02	5.0488725321e-04	2.2507011786e-17                 	5.2468152388e-25                 	2.2507011261e-17                 	2.3311914032e-08                 	1.2900470490e-07                 
1.5949150000e+02	4.9594504931e-04	2.1543465904e-17                 	4.8821778673e-25                 	2.1543465415e-17                 	2.2661988972e-08                 	1.2436799186e-07                 
1.6241380000e+02	4.8702154516e-04	2.0617643429e-17                 	4.5377462806e-25                 	2.0617642975e-17                 	2.2009044323e-08                 	1.1983231206e-07                 
1.6543860000e+02	4.7811707686e-04	1.9698309989e-17                 	4.2126514181e-25                 	1.9698309568e-17                 	2.1385851987e-08                 	1.1539503895e-07                 
1.6857140000e+02	4.6923155311e-04	1.8821395394e-17                 	3.9060765669e-25                 	1.8821395003e-17                 	2.0753384566e-08                 	1.1105502621e-07                 
1.7181820000e+02	4.6036461697e-04	1.8031142233e-17                 	3.6173276661e-25                 	1.8031141871e-17                 	2.0061555832e-08                 	1.0681597333e-07                 
1.7518520000e+02	4.5151656551e-04	1.7191657677e-17                 	3.3454913128e-25                 	1.7191657343e-17                 	1.9459969339e-08                 	1.0267008524e-07                 
1.7867920000e+02	4.4268734040e-04	1.6424761101e-17                 	3.0899322895e-25                 	1.6424760792e-17                 	1.8812646775e-08                 	9.8621442780e-08                 
1.8230770000e+02	4.3387646178e-04	1.5629260430e-17                 	2.8498276722e-25                 	1.5629260145e-17                 	1.8233925304e-08                 	9.4664629921e-08                 
1.8607840000e+02	4.2508437214e-04	1.4919656457e-17                 	2.6245730231e-25                 	1.4919656195e-17                 	1.7591377057e-08                 	9.0803011431e-08                 
1.9000000000e+02	4.1631063070e-04	1.4204808505e-17                 	2.4134326396e-25                 	1.4204808264e-17                 	1.6990251145e-08                 	8.7033165342e-08                 
