#wavelengths (mu)	size parameter  	extinction cross section (cm^2)  	scattering cross section (cm^2)  	absorption cross section (cm^2)  	single scattering albedo         	asymmetry parameter              
9.0006520000e-02	6.9808112870e+01	6.5533534893e-08                 	4.2658490327e-08                 	2.2875044566e-08                 	6.5094139049e-01                 	8.5204219398e-01                 
9.0635180000e-02	6.9323912714e+01	6.5600049458e-08                 	4.2264463536e-08                 	2.3335585922e-08                 	6.4427487305e-01                 	8.5604578102e-01                 
9.1165710000e-02	6.8920488934e+01	6.5663000515e-08                 	4.1939536260e-08                 	2.3723464255e-08                 	6.3870879995e-01                 	8.5929695855e-01                 
9.1702480000e-02	6.8517070718e+01	6.5744561670e-08                 	4.1737652288e-08                 	2.4006909382e-08                 	6.3484570021e-01                 	8.6032614883e-01                 
9.2464930000e-02	6.7952090670e+01	6.5829733716e-08                 	4.1595556032e-08                 	2.4234177684e-08                 	6.3186577986e-01                 	8.6066748124e-01                 
9.3128530000e-02	6.7467888811e+01	6.5911042574e-08                 	4.1493700199e-08                 	2.4417342375e-08                 	6.2954094759e-01                 	8.6057269392e-01                 
9.3801730000e-02	6.6983682574e+01	6.5974083171e-08                 	4.1347475797e-08                 	2.4626607374e-08                 	6.2672300712e-01                 	8.6173127159e-01                 
9.4715070000e-02	6.6337757098e+01	6.6052669006e-08                 	4.1395827626e-08                 	2.4656841380e-08                 	6.2670938584e-01                 	8.5966763707e-01                 
9.5881710000e-02	6.5530592927e+01	6.6138153512e-08                 	4.1248647341e-08                 	2.4889506171e-08                 	6.2367400888e-01                 	8.6075753756e-01                 
9.7564280000e-02	6.4400468155e+01	6.6247299350e-08                 	4.1101214132e-08                 	2.5146085217e-08                 	6.2042097619e-01                 	8.6172273851e-01                 
9.8928300000e-02	6.3512516713e+01	6.6337108389e-08                 	4.1027377230e-08                 	2.5309731159e-08                 	6.1846797707e-01                 	8.6181362939e-01                 
1.0007310000e-01	6.2785956538e+01	6.6401765696e-08                 	4.0961083843e-08                 	2.5440681852e-08                 	6.1686738921e-01                 	8.6220669612e-01                 
1.0177430000e-01	6.1736463009e+01	6.6490813411e-08                 	4.0887560729e-08                 	2.5603252682e-08                 	6.1493548705e-01                 	8.6256062197e-01                 
1.0353460000e-01	6.0686816844e+01	6.6582776123e-08                 	4.0926981227e-08                 	2.5655794896e-08                 	6.1467820373e-01                 	8.6111691005e-01                 
1.0521440000e-01	5.9717921760e+01	6.6673230736e-08                 	4.0978866340e-08                 	2.5694364396e-08                 	6.1462247874e-01                 	8.5948116687e-01                 
1.0694960000e-01	5.8749030452e+01	6.6764934021e-08                 	4.1041286434e-08                 	2.5723647588e-08                 	6.1471320290e-01                 	8.5770350919e-01                 
1.0828910000e-01	5.8022324566e+01	6.6829492773e-08                 	4.1084395048e-08                 	2.5745097725e-08                 	6.1476443024e-01                 	8.5654188201e-01                 
1.1028360000e-01	5.6972979728e+01	6.6922621027e-08                 	4.0997526327e-08                 	2.5925094700e-08                 	6.1261088849e-01                 	8.5723739436e-01                 
1.1186890000e-01	5.6165612670e+01	6.6990082056e-08                 	4.0972925644e-08                 	2.6017156413e-08                 	6.1162674214e-01                 	8.5721423103e-01                 
1.1350030000e-01	5.5358314535e+01	6.7049443848e-08                 	4.0905126867e-08                 	2.6144316981e-08                 	6.1007406653e-01                 	8.5803845437e-01                 
1.1603920000e-01	5.4147092596e+01	6.7124564586e-08                 	4.0818066890e-08                 	2.6306497696e-08                 	6.0809432645e-01                 	8.5935890534e-01                 
1.1779560000e-01	5.3339728370e+01	6.7173015134e-08                 	4.0690110642e-08                 	2.6482904491e-08                 	6.0575084446e-01                 	8.6136161339e-01                 
1.1924020000e-01	5.2693515334e+01	6.7191726838e-08                 	4.0613507249e-08                 	2.6578219590e-08                 	6.0444208178e-01                 	8.6298454771e-01                 
1.2090850000e-01	5.1966448241e+01	6.7214799154e-08                 	4.0536284151e-08                 	2.6678515003e-08                 	6.0308569930e-01                 	8.6463673636e-01                 
1.2379500000e-01	5.0754758328e+01	6.7277644222e-08                 	4.0532168361e-08                 	2.6745475862e-08                 	6.0246117160e-01                 	8.6503648325e-01                 
1.2620590000e-01	4.9785194727e+01	6.7335591142e-08                 	4.0618608384e-08                 	2.6716982758e-08                 	6.0322643190e-01                 	8.6388421975e-01                 
1.2849940000e-01	4.8896612024e+01	6.7415041518e-08                 	4.0772228809e-08                 	2.6642812709e-08                 	6.0479424015e-01                 	8.6126345291e-01                 
1.3043970000e-01	4.8169271374e+01	6.7483908332e-08                 	4.1026281512e-08                 	2.6457626819e-08                 	6.0794169346e-01                 	8.5717218752e-01                 
1.3334730000e-01	4.7118954093e+01	6.7601865177e-08                 	4.1359791868e-08                 	2.6242073309e-08                 	6.1181435985e-01                 	8.5155599128e-01                 
1.3591040000e-01	4.6230349607e+01	6.7739294492e-08                 	4.1760602027e-08                 	2.5978692465e-08                 	6.1649006444e-01                 	8.4452773937e-01                 
1.3882080000e-01	4.5261123025e+01	6.7892841364e-08                 	4.2135680249e-08                 	2.5757161116e-08                 	6.2062036883e-01                 	8.3789227005e-01                 
1.4134290000e-01	4.4453490817e+01	6.8027410799e-08                 	4.2453791306e-08                 	2.5573619493e-08                 	6.2406889822e-01                 	8.3231573918e-01                 
1.4369190000e-01	4.3726788408e+01	6.8156732534e-08                 	4.2707179139e-08                 	2.5449553395e-08                 	6.2660250208e-01                 	8.2773269897e-01                 
1.4639480000e-01	4.2919456888e+01	6.8298892811e-08                 	4.2931698498e-08                 	2.5367194313e-08                 	6.2858557044e-01                 	8.2356571398e-01                 
1.4863280000e-01	4.2273208250e+01	6.8410377504e-08                 	4.3207403530e-08                 	2.5202973974e-08                 	6.3159136240e-01                 	8.1907443845e-01                 
1.5182300000e-01	4.1384937112e+01	6.8570081668e-08                 	4.3501771586e-08                 	2.5068310082e-08                 	6.3441329699e-01                 	8.1407468512e-01                 
1.5453600000e-01	4.0658392266e+01	6.8705651507e-08                 	4.3692196340e-08                 	2.5013455167e-08                 	6.3593307657e-01                 	8.1065731307e-01                 
1.5830920000e-01	3.9689325113e+01	6.8897814038e-08                 	4.4062915039e-08                 	2.4834898999e-08                 	6.3954010231e-01                 	8.0460008856e-01                 
1.6059660000e-01	3.9124024464e+01	6.9018892437e-08                 	4.4311503756e-08                 	2.4707388682e-08                 	6.4201991934e-01                 	8.0063001283e-01                 
1.6432750000e-01	3.8235750603e+01	6.9205538403e-08                 	4.4649696793e-08                 	2.4555841609e-08                 	6.4517519586e-01                 	7.9528836481e-01                 
1.6859980000e-01	3.7266860976e+01	6.9422218962e-08                 	4.5019215844e-08                 	2.4403003118e-08                 	6.4848425356e-01                 	7.8945263811e-01                 
1.7233230000e-01	3.6459707827e+01	6.9608999757e-08                 	4.5290675212e-08                 	2.4318324545e-08                 	6.5064395940e-01                 	7.8502250101e-01                 
1.7504560000e-01	3.5894562943e+01	6.9746427653e-08                 	4.5522899620e-08                 	2.4223528033e-08                 	6.5269148761e-01                 	7.8146073630e-01                 
1.7663330000e-01	3.5571918246e+01	6.9823257104e-08                 	4.5601234665e-08                 	2.4222022439e-08                 	6.5309520862e-01                 	7.7997419667e-01                 
1.7948400000e-01	3.5006938263e+01	6.9972846170e-08                 	4.5852003244e-08                 	2.4120842926e-08                 	6.5528280974e-01                 	7.7604673602e-01                 
1.8285630000e-01	3.4361328033e+01	7.0147158580e-08                 	4.6136964316e-08                 	2.4010194264e-08                 	6.5771679494e-01                 	7.7157071946e-01                 
1.8591220000e-01	3.3796519578e+01	7.0303080478e-08                 	4.6391493362e-08                 	2.3911587116e-08                 	6.5987852945e-01                 	7.6756679893e-01                 
1.8861540000e-01	3.3312154295e+01	7.0444753524e-08                 	4.6656932916e-08                 	2.3787820609e-08                 	6.6231948558e-01                 	7.6373881162e-01                 
1.9234410000e-01	3.2666379198e+01	7.0629425704e-08                 	4.6982814725e-08                 	2.3646610980e-08                 	6.6520170957e-01                 	7.5908582936e-01                 
1.9474920000e-01	3.2262958242e+01	7.0755397184e-08                 	4.7216161905e-08                 	2.3539235280e-08                 	6.6731533966e-01                 	7.5562344456e-01                 
1.9821730000e-01	3.1698470856e+01	7.0961309534e-08                 	4.7656528337e-08                 	2.3304781197e-08                 	6.7158467973e-01                 	7.4898464682e-01                 
2.0077040000e-01	3.1295376745e+01	7.1081726717e-08                 	4.7883312325e-08                 	2.3198414392e-08                 	6.7363743872e-01                 	7.4541898760e-01                 
2.0233100000e-01	3.1053992256e+01	7.1116822528e-08                 	4.7900033283e-08                 	2.3216789245e-08                 	6.7354012146e-01                 	7.4442610224e-01                 
2.0444870000e-01	3.0732331911e+01	7.1189172317e-08                 	4.8063517676e-08                 	2.3125654641e-08                 	6.7515207877e-01                 	7.4102433659e-01                 
2.0661240000e-01	3.0410494758e+01	7.1245322490e-08                 	4.8189104385e-08                 	2.3056218104e-08                 	6.7638271119e-01                 	7.3832205855e-01                 
2.0994740000e-01	2.9927426142e+01	7.1372179165e-08                 	4.8571187907e-08                 	2.2800991257e-08                 	6.8053390657e-01                 	7.3207211923e-01                 
2.1397410000e-01	2.9364232901e+01	7.1420864112e-08                 	4.8718974458e-08                 	2.2701889654e-08                 	6.8213924690e-01                 	7.2840405440e-01                 
2.1694990000e-01	2.8961457494e+01	7.1437009107e-08                 	4.8691334190e-08                 	2.2745674917e-08                 	6.8159816318e-01                 	7.2802568875e-01                 
2.2000590000e-01	2.8559167310e+01	7.1416393457e-08                 	4.8603554271e-08                 	2.2812839186e-08                 	6.8056579055e-01                 	7.2795556052e-01                 
2.2314920000e-01	2.8156880272e+01	7.1397890360e-08                 	4.8542302542e-08                 	2.2855587818e-08                 	6.7988426965e-01                 	7.2755398552e-01                 
2.2704050000e-01	2.7674292944e+01	7.1374176385e-08                 	4.8518734837e-08                 	2.2855441548e-08                 	6.7977996097e-01                 	7.2628501571e-01                 
2.3106990000e-01	2.7191708254e+01	7.1356794289e-08                 	4.8548111063e-08                 	2.2808683226e-08                 	6.8035723223e-01                 	7.2435731459e-01                 
2.3383460000e-01	2.6870212138e+01	7.1329420852e-08                 	4.8556997371e-08                 	2.2772423481e-08                 	6.8074290792e-01                 	7.2303030936e-01                 
2.3738430000e-01	2.6468411378e+01	7.1291169470e-08                 	4.8582106403e-08                 	2.2709063067e-08                 	6.8146036549e-01                 	7.2114753108e-01                 
2.4178980000e-01	2.5986147088e+01	7.1252635101e-08                 	4.8637351246e-08                 	2.2615283855e-08                 	6.8260424583e-01                 	7.1870068956e-01                 
2.4634940000e-01	2.5505178041e+01	7.1136137859e-08                 	4.8674817311e-08                 	2.2461320548e-08                 	6.8424880484e-01                 	7.1543180630e-01                 
2.4948950000e-01	2.5184167298e+01	7.1078793375e-08                 	4.8700326986e-08                 	2.2378466388e-08                 	6.8515973153e-01                 	7.1362569711e-01                 
2.5270920000e-01	2.4863302591e+01	7.1011315863e-08                 	4.8720926669e-08                 	2.2290389194e-08                 	6.8610088514e-01                 	7.1178927655e-01                 
2.5517980000e-01	2.4622581047e+01	7.0960807264e-08                 	4.8710982621e-08                 	2.2249824642e-08                 	6.8644910479e-01                 	7.1082331367e-01                 
2.5769920000e-01	2.4381858024e+01	7.0907124423e-08                 	4.8682483918e-08                 	2.2224640505e-08                 	6.8656689034e-01                 	7.1010822848e-01                 
2.6114980000e-01	2.4059697948e+01	7.0895345966e-08                 	4.8607316924e-08                 	2.2288029041e-08                 	6.8562070277e-01                 	7.1055483352e-01                 
2.6469400000e-01	2.3737543379e+01	7.0875117964e-08                 	4.8485999502e-08                 	2.2389118462e-08                 	6.8410467446e-01                 	7.1158170440e-01                 
2.6926280000e-01	2.3334769256e+01	7.0840201970e-08                 	4.8263504537e-08                 	2.2576697433e-08                 	6.8130105780e-01                 	7.1381742320e-01                 
2.7303410000e-01	2.3012456346e+01	7.0816901349e-08                 	4.8086814642e-08                 	2.2730086707e-08                 	6.7903019937e-01                 	7.1566215584e-01                 
2.7790190000e-01	2.2609364337e+01	7.0765989191e-08                 	4.7718116976e-08                 	2.3047872215e-08                 	6.7430862652e-01                 	7.1999591973e-01                 
2.8502020000e-01	2.2044701769e+01	7.0711031037e-08                 	4.7232132519e-08                 	2.3478898518e-08                 	6.6795989008e-01                 	7.2593460328e-01                 
2.9251490000e-01	2.1479881220e+01	7.0673433778e-08                 	4.6820266762e-08                 	2.3853167016e-08                 	6.6248750427e-01                 	7.3102904542e-01                 
2.9926090000e-01	2.0995677374e+01	7.0645086275e-08                 	4.6496402583e-08                 	2.4148683692e-08                 	6.5816895463e-01                 	7.3503532894e-01                 
3.0393380000e-01	2.0672874511e+01	7.0638620846e-08                 	4.6337172708e-08                 	2.4301448138e-08                 	6.5597504812e-01                 	7.3694852740e-01                 
3.0998540000e-01	2.0269294319e+01	7.0636140773e-08                 	4.6150050751e-08                 	2.4486090021e-08                 	6.5334898321e-01                 	7.3921957335e-01                 
3.1500200000e-01	1.9946493378e+01	7.0648672681e-08                 	4.6065264713e-08                 	2.4583407968e-08                 	6.5203298186e-01                 	7.4012561986e-01                 
3.2554950000e-01	1.9300245607e+01	7.0683289765e-08                 	4.5797558179e-08                 	2.4885731586e-08                 	6.4792624015e-01                 	7.4368867085e-01                 
3.3109270000e-01	1.8977118212e+01	7.0689419078e-08                 	4.5645101543e-08                 	2.5044317535e-08                 	6.4571334916e-01                 	7.4564518382e-01                 
3.3829880000e-01	1.8572886771e+01	7.0712477732e-08                 	4.5437931958e-08                 	2.5274545774e-08                 	6.4257304248e-01                 	7.4856499666e-01                 
3.4893140000e-01	1.8006935768e+01	7.0731878648e-08                 	4.5142491092e-08                 	2.5589387556e-08                 	6.3821987985e-01                 	7.5260691276e-01                 
3.5694760000e-01	1.7602542522e+01	7.0760533950e-08                 	4.4953711005e-08                 	2.5806822946e-08                 	6.3529355271e-01                 	7.5528249705e-01                 
3.6534420000e-01	1.7197988382e+01	7.0823171080e-08                 	4.4797117394e-08                 	2.6026053686e-08                 	6.3252063853e-01                 	7.5775845188e-01                 
3.7595740000e-01	1.6712492711e+01	7.0897196672e-08                 	4.4610891180e-08                 	2.6286305492e-08                 	6.2923349969e-01                 	7.6065418483e-01                 
3.8338860000e-01	1.6388555390e+01	7.0958017019e-08                 	4.4458034797e-08                 	2.6499982222e-08                 	6.2653998328e-01                 	7.6321163305e-01                 
3.9113510000e-01	1.6063977145e+01	7.1062482463e-08                 	4.4231450414e-08                 	2.6831032049e-08                 	6.2243041448e-01                 	7.6744756900e-01                 
4.0335410000e-01	1.5577343350e+01	7.1271687225e-08                 	4.3980488145e-08                 	2.7291199079e-08                 	6.1708218029e-01                 	7.7319201566e-01                 
4.3020620000e-01	1.4605055220e+01	7.1220805588e-08                 	4.3483291152e-08                 	2.7737514435e-08                 	6.1054197286e-01                 	7.7452884993e-01                 
4.5546370000e-01	1.3795139563e+01	6.9931875447e-08                 	4.4953889713e-08                 	2.4977985734e-08                 	6.4282402589e-01                 	7.2871398126e-01                 
4.8086260000e-01	1.3066487822e+01	6.5737808774e-08                 	5.8356271927e-08                 	7.3815368473e-09                 	8.8771245977e-01                 	5.1253348229e-01                 
5.1947190000e-01	1.2095332408e+01	7.1835452978e-08                 	6.7059565959e-08                 	4.7758870196e-09                 	9.3351629562e-01                 	4.7298139702e-01                 
5.6479780000e-01	1.1124663211e+01	7.5932640277e-08                 	7.4579595241e-08                 	1.3530450356e-09                 	9.8218098264e-01                 	5.4573480941e-01                 
6.0000000000e-01	1.0471975512e+01	8.3900706407e-08                 	8.0906260345e-08                 	2.9944460621e-09                 	9.6430964422e-01                 	5.0115830442e-01                 
7.0000000000e-01	8.9759790103e+00	7.3135710918e-08                 	7.2641846327e-08                 	4.9386459170e-10                 	9.9324728528e-01                 	5.6849205549e-01                 
8.0000000000e-01	7.8539816340e+00	5.3676255850e-08                 	5.3577755992e-08                 	9.8499858097e-11                 	9.9816492681e-01                 	4.2007754944e-01                 
9.0000000000e-01	6.9813170080e+00	8.0380705171e-08                 	8.0324600479e-08                 	5.6104692248e-11                 	9.9930201294e-01                 	6.0241773983e-01                 
1.0000000000e+00	6.2831853072e+00	5.9775611974e-08                 	5.9744567243e-08                 	3.1044730318e-11                 	9.9948064555e-01                 	3.8240906160e-01                 
1.1000000000e+00	5.7119866429e+00	7.5409085616e-08                 	7.5343200100e-08                 	6.5885516857e-11                 	9.9912629206e-01                 	5.2898748351e-01                 
1.2000000000e+00	5.2359877560e+00	1.0226223794e-07                 	1.0221470734e-07                 	4.7530596205e-11                 	9.9953520872e-01                 	6.0164783507e-01                 
1.3000000000e+00	4.8332194671e+00	7.9742160237e-08                 	7.9726783746e-08                 	1.5376490571e-11                 	9.9980717239e-01                 	5.0793646657e-01                 
1.4000000000e+00	4.4879895051e+00	5.1550487902e-08                 	5.1539972243e-08                 	1.0515658785e-11                 	9.9979601243e-01                 	2.3492373404e-01                 
1.5000000000e+00	4.1887902048e+00	6.4795995559e-08                 	6.4787080196e-08                 	8.9153633858e-12                 	9.9986240873e-01                 	1.7983306235e-01                 
1.6000000000e+00	3.9269908170e+00	8.4711994412e-08                 	8.4631414354e-08                 	8.0580058115e-11                 	9.9904877628e-01                 	3.9171050270e-01                 
1.7000000000e+00	3.6959913572e+00	8.1230254565e-08                 	8.1224321319e-08                 	5.9332457303e-12                 	9.9992695769e-01                 	3.4459043491e-01                 
1.8000000000e+00	3.4906585040e+00	1.2833894956e-07                 	1.2816565667e-07                 	1.7329288251e-10                 	9.9864972494e-01                 	5.3011980556e-01                 
1.9000000000e+00	3.3069396354e+00	1.0532030750e-07                 	1.0531166194e-07                 	8.6455611443e-12                 	9.9991791174e-01                 	5.2158700348e-01                 
2.0000000000e+00	3.1415926536e+00	8.8859636369e-08                 	8.8854862230e-08                 	4.7741389293e-12                 	9.9994627326e-01                 	5.1377722123e-01                 
2.5000000000e+00	2.5132741229e+00	7.3833078958e-08                 	7.3823363807e-08                 	9.7151510955e-12                 	9.9986841736e-01                 	7.5781751421e-02                 
3.0000000000e+00	2.0943951024e+00	1.1657798699e-07                 	1.1655325394e-07                 	2.4733050105e-11                 	9.9978784116e-01                 	-2.5842218294e-02                
4.0000000000e+00	1.5707963268e+00	1.4876853226e-07                 	1.4876047416e-07                 	8.0581002702e-12                 	9.9994583465e-01                 	2.4502238226e-01                 
5.0000000000e+00	1.2566370614e+00	1.6760036103e-07                 	1.6759689198e-07                 	3.4690490502e-12                 	9.9997930166e-01                 	2.1423719253e-01                 
6.0000000000e+00	1.0471975512e+00	1.0539590707e-07                 	1.0539196652e-07                 	3.9405460492e-12                 	9.9996261196e-01                 	5.2527834530e-01                 
7.0000000000e+00	8.9759790103e-01	3.6792969850e-08                 	3.6791869678e-08                 	1.1001717427e-12                 	9.9997009832e-01                 	3.5361961024e-01                 
8.0000000000e+00	7.8539816340e-01	1.9254005152e-08                 	1.9253398597e-08                 	6.0655541807e-13                 	9.9996849718e-01                 	2.4013158197e-01                 
9.0000000000e+00	6.9813170080e-01	1.1123707885e-08                 	1.1123288113e-08                 	4.1977201028e-13                 	9.9996226330e-01                 	1.7744823795e-01                 
1.0000000000e+01	6.2831853072e-01	6.8295145612e-09                 	6.8291914798e-09                 	3.2308134325e-13                 	9.9995269337e-01                 	1.3765201960e-01                 
1.1000000000e+01	5.7119866429e-01	4.4076454935e-09                 	4.4073807865e-09                 	2.6470696672e-13                 	9.9993994368e-01                 	1.1034569277e-01                 
1.2000000000e+01	5.2359877560e-01	2.9506970120e-09                 	2.9504705500e-09                 	2.2646202078e-13                 	9.9992325135e-01                 	9.0283107494e-02                 
1.2130880000e+01	5.1794967118e-01	2.8093627080e-09                 	2.8091403946e-09                 	2.2231337985e-13                 	9.9992086697e-01                 	8.8120650199e-02                 
1.2334810000e+01	5.0938646863e-01	2.6022199065e-09                 	2.6020035587e-09                 	2.1634782934e-13                 	9.9991686028e-01                 	8.4828871767e-02                 
1.2540610000e+01	5.0102708777e-01	2.4110905348e-09                 	2.4108797735e-09                 	2.1076134402e-13                 	9.9991258672e-01                 	8.1670230669e-02                 
1.2748320000e+01	4.9286378967e-01	2.2351890936e-09                 	2.2349835983e-09                 	2.0549523414e-13                 	9.9990806360e-01                 	7.8651831452e-02                 
1.2957940000e+01	4.8489075479e-01	2.0731660654e-09                 	2.0729655378e-09                 	2.0052761070e-13                 	9.9990327470e-01                 	7.5765167694e-02                 
1.3169490000e+01	4.7710164229e-01	1.9234974390e-09                 	1.9233015819e-09                 	1.9585710859e-13                 	9.9989817657e-01                 	7.2994527218e-02                 
1.3382990000e+01	4.6949039842e-01	1.7854617837e-09                 	1.7852703406e-09                 	1.9144315637e-13                 	9.9989277667e-01                 	7.0342231747e-02                 
1.3598460000e+01	4.6205124015e-01	1.6576787130e-09                 	1.6574914167e-09                 	1.8729629626e-13                 	9.9988701291e-01                 	6.7791187621e-02                 
1.3815910000e+01	4.5477896911e-01	1.5395964540e-09                 	1.5394130746e-09                 	1.8337940675e-13                 	9.9988089125e-01                 	6.5344353101e-02                 
1.4035370000e+01	4.4766794941e-01	1.4302418367e-09                 	1.4300621456e-09                 	1.7969115211e-13                 	9.9987436310e-01                 	6.2991552782e-02                 
1.4256850000e+01	4.4071343299e-01	1.3289450503e-09                 	1.3287688345e-09                 	1.7621585211e-13                 	9.9986740170e-01                 	6.0729229933e-02                 
1.4480370000e+01	4.3391054974e-01	1.2350777255e-09                 	1.2349047859e-09                 	1.7293957341e-13                 	9.9985997677e-01                 	5.8553622947e-02                 
1.4705950000e+01	4.2725463552e-01	1.1479629140e-09                 	1.1477930543e-09                 	1.6985969637e-13                 	9.9985203381e-01                 	5.6457996521e-02                 
1.4933610000e+01	4.2074122112e-01	1.0670765910e-09                 	1.0669096252e-09                 	1.6696582437e-13                 	9.9984352967e-01                 	5.4438849043e-02                 
1.5163370000e+01	4.1436602201e-01	9.9190228318e-10                 	9.9173803052e-10                 	1.6425265531e-13                 	9.9983440641e-01                 	5.2491672007e-02                 
1.5395240000e+01	4.0812519371e-01	9.2179335673e-10                 	9.2163161874e-10                 	1.6173799387e-13                 	9.9982453986e-01                 	5.0606296481e-02                 
1.5629250000e+01	4.0201451171e-01	8.5692940209e-10                 	8.5677005864e-10                 	1.5934344987e-13                 	9.9981405300e-01                 	4.8799219717e-02                 
1.5865420000e+01	3.9603019064e-01	7.9638692266e-10                 	7.9622979251e-10                 	1.5713014282e-13                 	9.9980269623e-01                 	4.7049006484e-02                 
1.6103760000e+01	3.9016883679e-01	7.3997567994e-10                 	7.3982016687e-10                 	1.5551306819e-13                 	9.9978984030e-01                 	4.5357840224e-02                 
1.6344300000e+01	3.8442669966e-01	6.8740204597e-10                 	6.8724696017e-10                 	1.5508579964e-13                 	9.9977438851e-01                 	4.3723726052e-02                 
1.6587060000e+01	3.7880042076e-01	6.3829432886e-10                 	6.3813821348e-10                 	1.5611537860e-13                 	9.9975541788e-01                 	4.2141004391e-02                 
1.6832050000e+01	3.7328699161e-01	5.9243763487e-10                 	5.9227875123e-10                 	1.5888363732e-13                 	9.9973181373e-01                 	4.0608967886e-02                 
1.7079300000e+01	3.6788306940e-01	5.4948275238e-10                 	5.4931898831e-10                 	1.6376406762e-13                 	9.9970196686e-01                 	3.9121180555e-02                 
1.7328830000e+01	3.6258566257e-01	5.0928992543e-10                 	5.0911872829e-10                 	1.7119714568e-13                 	9.9966385130e-01                 	3.7678500288e-02                 
1.7580650000e+01	3.5739209342e-01	4.7165865801e-10                 	4.7147687118e-10                 	1.8178682949e-13                 	9.9961457968e-01                 	3.6278986325e-02                 
1.7834800000e+01	3.5229917393e-01	4.3634309203e-10                 	4.3614671658e-10                 	1.9637544892e-13                 	9.9954995174e-01                 	3.4918326669e-02                 
1.8091290000e+01	3.4730443806e-01	4.0314507403e-10                 	4.0292894576e-10                 	2.1612826872e-13                 	9.9946389456e-01                 	3.3593511433e-02                 
1.8350150000e+01	3.4240511970e-01	3.7200656674e-10                 	3.7176392125e-10                 	2.4264549296e-13                 	9.9934773868e-01                 	3.2306856220e-02                 
1.8611390000e+01	3.3759892771e-01	3.4251432072e-10                 	3.4223592527e-10                 	2.7839544309e-13                 	9.9918720057e-01                 	3.1045436342e-02                 
1.8875030000e+01	3.3288346070e-01	3.1473591795e-10                 	3.1440916628e-10                 	3.2675166980e-13                 	9.9896182275e-01                 	2.9815923028e-02                 
1.9141110000e+01	3.2825605763e-01	2.8840572193e-10                 	2.8801277134e-10                 	3.9295059049e-13                 	9.9863750765e-01                 	2.8610574703e-02                 
1.9409630000e+01	3.2371484192e-01	2.6338676860e-10                 	2.6290190284e-10                 	4.8486575628e-13                 	9.9815911119e-01                 	2.7426605873e-02                 
1.9680640000e+01	3.1925716375e-01	2.3953493449e-10                 	2.3892018565e-10                 	6.1474883464e-13                 	9.9743357337e-01                 	2.6260422944e-02                 
1.9954140000e+01	3.1488128815e-01	2.1662325725e-10                 	2.1582103913e-10                 	8.0221812171e-13                 	9.9629671286e-01                 	2.5104217755e-02                 
2.0230160000e+01	3.1058505257e-01	1.9439943617e-10                 	1.9331993454e-10                 	1.0795016339e-12                 	9.9444699195e-01                 	2.3948224603e-02                 
2.0508720000e+01	3.0636652639e-01	1.7179858090e-10                 	1.7029416212e-10                 	1.5044187833e-12                 	9.9124312450e-01                 	2.2745640285e-02                 
2.0674850000e+01	3.0390475903e-01	1.5802080310e-10                 	1.5615652384e-10                 	1.8642792642e-12                 	9.8820231750e-01                 	2.2001606782e-02                 
2.0769230000e+01	3.0252374822e-01	1.5076654595e-10                 	1.4865292506e-10                 	2.1136208944e-12                 	9.8598083626e-01                 	2.1599389544e-02                 
2.0864200000e+01	3.0114671577e-01	1.4400525457e-10                 	1.4160150277e-10                 	2.4037517993e-12                 	9.8330788827e-01                 	2.1214611710e-02                 
2.0959750000e+01	2.9977386692e-01	1.3757065647e-10                 	1.3482700576e-10                 	2.7436507019e-12                 	9.8005642502e-01                 	2.0839642290e-02                 
2.1055900000e+01	2.9840497472e-01	1.3144102762e-10                 	1.2829751879e-10                 	3.1435088320e-12                 	9.7608426464e-01                 	2.0473108991e-02                 
2.1152650000e+01	2.9704010170e-01	1.2555317222e-10                 	1.2193681760e-10                 	3.6163546178e-12                 	9.7119662885e-01                 	2.0111718691e-02                 
2.1250000000e+01	2.9567930857e-01	1.1994766936e-10                 	1.1577044652e-10                 	4.1772228428e-12                 	9.6517462269e-01                 	1.9756625909e-02                 
2.1347960000e+01	2.9432251640e-01	1.1477247749e-10                 	1.0992956480e-10                 	4.8429126893e-12                 	9.5780423325e-01                 	1.9413618057e-02                 
2.1446540000e+01	2.9296964952e-01	1.0945408799e-10                 	1.0380695177e-10                 	5.6471362186e-12                 	9.4840634715e-01                 	1.9056046127e-02                 
2.1545740000e+01	2.9162077084e-01	1.0463482094e-10                 	9.8024908532e-11                 	6.6099124075e-12                 	9.3682875024e-01                 	1.8711243850e-02                 
2.1645570000e+01	2.9027580734e-01	1.0010697791e-10                 	9.2333704027e-11                 	7.7732738878e-12                 	9.2235032912e-01                 	1.8368231626e-02                 
2.1746030000e+01	2.8893482200e-01	9.5966001151e-11                 	8.6782445129e-11                 	9.1835560213e-12                 	9.0430406695e-01                 	1.8029166377e-02                 
2.1847130000e+01	2.8759774429e-01	9.2222060992e-11                 	8.1319347894e-11                 	1.0902713098e-11                 	8.8177760310e-01                 	1.7691722112e-02                 
2.1948880000e+01	2.8626450676e-01	8.9003253108e-11                 	7.5997630874e-11                 	1.3005622234e-11                 	8.5387475424e-01                 	1.7358216652e-02                 
2.2051280000e+01	2.8493517416e-01	8.6365686235e-11                 	7.0773618868e-11                 	1.5592067367e-11                 	8.1946455767e-01                 	1.7026649556e-02                 
2.2154340000e+01	2.8360968132e-01	8.4500601820e-11                 	6.5717094533e-11                 	1.8783507287e-11                 	7.7771155610e-01                 	1.6700081902e-02                 
2.2258060000e+01	2.8228809282e-01	8.3367940225e-11                 	6.0608460713e-11                 	2.2759479512e-11                 	7.2699961819e-01                 	1.6368456847e-02                 
2.2362460000e+01	2.8097022006e-01	8.3478757669e-11                 	5.5774380280e-11                 	2.7704377390e-11                 	6.6812662092e-01                 	1.6046459873e-02                 
2.2467530000e+01	2.7965625537e-01	8.4910375887e-11                 	5.0999381356e-11                 	3.3910994532e-11                 	6.0062602271e-01                 	1.5724126168e-02                 
2.2573290000e+01	2.7834601457e-01	8.8135162815e-11                 	4.6414320649e-11                 	4.1720842166e-11                 	5.2662659450e-01                 	1.5407297316e-02                 
2.2679740000e+01	2.7703956514e-01	9.3582101857e-11                 	4.1976142098e-11                 	5.1605959759e-11                 	4.4854882788e-01                 	1.5093796322e-02                 
2.2786890000e+01	2.7573685164e-01	1.0193207018e-10                 	3.7775018493e-11                 	6.4157051686e-11                 	3.7059012367e-01                 	1.4787743146e-02                 
2.2894740000e+01	2.7443794108e-01	4.7462003961e-10                 	3.3896489603e-11                 	4.4072355001e-10                 	7.1418159314e-02                 	1.4489958573e-02                 
2.3003300000e+01	2.7314277983e-01	8.9842027937e-10                 	3.0528742184e-11                 	8.6789153718e-10                 	3.3980468702e-02                 	1.4201529912e-02                 
2.3112580000e+01	2.7185131678e-01	1.3642402961e-09                 	2.7755421850e-11                 	1.3364848743e-09                 	2.0344965567e-02                 	1.3924502381e-02                 
2.3222590000e+01	2.7056350335e-01	1.8733575652e-09                 	2.5515465295e-11                 	1.8478420999e-09                 	1.3620178961e-02                 	1.3653406029e-02                 
2.3333330000e+01	2.6927940878e-01	2.4248529163e-09                 	2.3975019658e-11                 	2.4008778966e-09                 	9.8872057339e-03                 	1.3394675977e-02                 
2.3444820000e+01	2.6799887170e-01	3.0044791247e-09                 	2.3080475020e-11                 	2.9813986497e-09                 	7.6820220949e-03                 	1.3145737905e-02                 
2.3557050000e+01	2.6672207714e-01	3.6100390626e-09                 	2.2801283749e-11                 	3.5872377789e-09                 	6.3160767386e-03                 	1.2904311852e-02                 
2.3670030000e+01	2.6544897946e-01	4.2332335469e-09                 	2.3154921199e-11                 	4.2100786257e-09                 	5.4697953567e-03                 	1.2672367415e-02                 
2.3783780000e+01	2.6417942426e-01	4.8679296830e-09                 	2.4042460434e-11                 	4.8438872226e-09                 	4.9389498203e-03                 	1.2445775468e-02                 
2.3898310000e+01	2.6291337367e-01	5.5110260261e-09                 	2.5459764021e-11                 	5.4855662621e-09                 	4.6197865698e-03                 	1.2225252101e-02                 
2.4013610000e+01	2.6165100987e-01	6.1597983823e-09                 	2.7336965458e-11                 	6.1324614168e-09                 	4.4379643231e-03                 	1.2008005745e-02                 
2.4129690000e+01	2.6039229295e-01	6.8142635051e-09                 	2.9667438645e-11                 	6.7845960664e-09                 	4.3537263599e-03                 	1.1793819100e-02                 
2.4246580000e+01	2.5913697137e-01	7.4749767799e-09                 	3.2419679969e-11                 	7.4425570999e-09                 	4.3370944049e-03                 	1.1580758052e-02                 
2.4364260000e+01	2.5788533316e-01	8.1485946863e-09                 	3.5611588990e-11                 	8.1129830973e-09                 	4.3702736927e-03                 	1.1366715715e-02                 
2.4482760000e+01	2.5663713189e-01	8.8745629638e-09                 	3.9483950912e-11                 	8.8350790128e-09                 	4.4491149675e-03                 	1.1144772110e-02                 
2.4602080000e+01	2.5539244272e-01	9.6159895580e-09                 	4.4298629828e-11                 	9.5716909282e-09                 	4.6067676718e-03                 	1.0939036747e-02                 
2.4722220000e+01	2.5415133864e-01	1.0295217117e-08                 	4.9375885710e-11                 	1.0245841231e-08                 	4.7960023717e-03                 	1.0752109593e-02                 
2.4843210000e+01	2.5291358513e-01	1.0909427497e-08                 	5.4323278425e-11                 	1.0855104218e-08                 	4.9794802193e-03                 	1.0572071584e-02                 
2.4965030000e+01	2.5167946152e-01	1.1480040158e-08                 	5.9193944240e-11                 	1.1420846214e-08                 	5.1562488829e-03                 	1.0394707487e-02                 
2.5087720000e+01	2.5044863811e-01	1.2015918183e-08                 	6.4011596325e-11                 	1.1951906586e-08                 	5.3272330380e-03                 	1.0218988695e-02                 
2.5211270000e+01	2.4922129298e-01	1.2519989359e-08                 	6.8759257595e-11                 	1.2451230101e-08                 	5.4919581498e-03                 	1.0044647162e-02                 
2.5335690000e+01	2.4799740237e-01	1.2982672117e-08                 	7.3306333131e-11                 	1.2909365784e-08                 	5.6464749683e-03                 	9.8737264665e-03                 
2.5460990000e+01	2.4677694415e-01	1.3440834853e-08                 	7.7739118806e-11                 	1.3363095735e-08                 	5.7838013526e-03                 	9.6941176894e-03                 
2.5587190000e+01	2.4555980188e-01	1.3906718896e-08                 	8.2386792153e-11                 	1.3824332104e-08                 	5.9242437247e-03                 	9.5091316956e-03                 
2.5714290000e+01	2.4434605455e-01	1.4373984664e-08                 	8.7220541556e-11                 	1.4286764123e-08                 	6.0679445256e-03                 	9.3203829792e-03                 
2.5842290000e+01	2.4313577888e-01	1.4841073549e-08                 	9.2241696245e-11                 	1.4748831852e-08                 	6.2152981011e-03                 	9.1281210869e-03                 
2.5971220000e+01	2.4192876989e-01	1.5309165910e-08                 	9.7474948219e-11                 	1.5211690962e-08                 	6.3670972535e-03                 	8.9317928690e-03                 
2.6101080000e+01	2.4072510820e-01	1.5780589540e-08                 	1.0296832297e-10                 	1.5677621217e-08                 	6.5249984933e-03                 	8.7305771388e-03                 
2.6231880000e+01	2.3952478081e-01	1.6262361338e-08                 	1.0882732270e-10                 	1.6153534015e-08                 	6.6919754419e-03                 	8.5222984902e-03                 
2.6363640000e+01	2.3832768568e-01	1.6787508694e-08                 	1.1554888393e-10                 	1.6671959810e-08                 	6.8830274961e-03                 	8.2983364363e-03                 
2.6496350000e+01	2.3713399420e-01	1.7265349173e-08                 	1.2281686028e-10                 	1.7142532313e-08                 	7.1134883547e-03                 	8.0814267582e-03                 
2.6630040000e+01	2.3594351744e-01	1.7636310137e-08                 	1.2955174212e-10                 	1.7506758395e-08                 	7.3457396195e-03                 	7.8819599318e-03                 
2.6764710000e+01	2.3475633800e-01	1.7943091539e-08                 	1.3567522503e-10                 	1.7807416314e-08                 	7.5614185401e-03                 	7.6883743365e-03                 
2.6900370000e+01	2.3357244927e-01	1.8209876822e-08                 	1.4150282230e-10                 	1.8068373999e-08                 	7.7706633431e-03                 	7.4949960029e-03                 
2.7037040000e+01	2.3239175987e-01	1.8449716205e-08                 	1.4720631258e-10                 	1.8302509892e-08                 	7.9787846568e-03                 	7.2982694194e-03                 
2.7174720000e+01	2.3121435316e-01	1.8684978398e-08                 	1.5321220125e-10                 	1.8531766197e-08                 	8.1997526562e-03                 	7.0902131522e-03                 
2.7313430000e+01	2.3004014169e-01	1.8832124808e-08                 	1.5895579079e-10                 	1.8673169018e-08                 	8.4406721178e-03                 	6.8896411337e-03                 
2.7453180000e+01	2.2886912581e-01	1.8901292636e-08                 	1.6394403518e-10                 	1.8737348601e-08                 	8.6736943520e-03                 	6.6982310683e-03                 
2.7593980000e+01	2.2770130685e-01	1.8929107046e-08                 	1.6843784052e-10                 	1.8760669206e-08                 	8.8983511004e-03                 	6.5076496979e-03                 
2.7735850000e+01	2.2653660541e-01	1.8941252837e-08                 	1.7296942929e-10                 	1.8768283407e-08                 	9.1318895736e-03                 	6.3070042006e-03                 
2.7878790000e+01	2.2537510800e-01	1.8868064402e-08                 	1.7708669167e-10                 	1.8690977710e-08                 	9.3855250808e-03                 	6.1106906568e-03                 
2.8022810000e+01	2.2421681863e-01	1.8699000007e-08                 	1.8012870767e-10                 	1.8518871299e-08                 	9.6330663463e-03                 	5.9304300458e-03                 
2.8167940000e+01	2.2306158374e-01	1.8490657855e-08                 	1.8233464401e-10                 	1.8308323211e-08                 	9.8609062716e-03                 	5.7578523233e-03                 
2.8314180000e+01	2.2190949225e-01	1.8258603493e-08                 	1.8400290341e-10                 	1.8074600590e-08                 	1.0077600047e-02                 	5.5873687210e-03                 
2.8461540000e+01	2.2076055291e-01	1.8006583098e-08                 	1.8514561974e-10                 	1.7821437478e-08                 	1.0282107312e-02                 	5.4197918201e-03                 
2.8610040000e+01	2.1961469845e-01	1.7777511109e-08                 	1.8623265405e-10                 	1.7591278455e-08                 	1.0475743928e-02                 	5.2422609069e-03                 
2.8759690000e+01	2.1847194136e-01	1.7574974463e-08                 	1.8774285969e-10                 	1.7387231603e-08                 	1.0682397297e-02                 	5.0418886047e-03                 
2.8910510000e+01	2.1733221957e-01	1.7397419014e-08                 	1.9071507054e-10                 	1.7206703943e-08                 	1.0962262298e-02                 	4.7858337939e-03                 
2.9062500000e+01	2.1619562347e-01	1.6955749903e-08                 	1.9183943868e-10                 	1.6763910464e-08                 	1.1314122925e-02                 	4.5671816145e-03                 
2.9215690000e+01	2.1506202000e-01	1.6492973085e-08                 	1.9187989229e-10                 	1.6301093193e-08                 	1.1634039012e-02                 	4.3650810617e-03                 
2.9370080000e+01	2.1393150128e-01	1.5942540608e-08                 	1.9042282036e-10                 	1.5752117787e-08                 	1.1944320861e-02                 	4.1976086200e-03                 
2.9525690000e+01	2.1280401261e-01	1.5411810179e-08                 	1.8789303277e-10                 	1.5223917147e-08                 	1.2191496689e-02                 	4.0627160482e-03                 
2.9682540000e+01	2.1167950274e-01	1.4973102513e-08                 	1.8567822709e-10                 	1.4787424286e-08                 	1.2400785136e-02                 	3.9133789011e-03                 
2.9840640000e+01	2.1055799431e-01	1.4549555388e-08                 	1.8369324632e-10                 	1.4365862142e-08                 	1.2625351182e-02                 	3.7460554031e-03                 
3.0000000000e+01	2.0943951024e-01	1.4136886129e-08                 	1.8187057947e-10                 	1.3955015549e-08                 	1.2864967420e-02                 	3.5613375962e-03                 
3.0160640000e+01	2.0832400464e-01	1.3728421186e-08                 	1.8055335302e-10                 	1.3547867833e-08                 	1.3151792953e-02                 	3.3370295120e-03                 
3.0322580000e+01	2.0721143475e-01	1.3232732590e-08                 	1.7878314399e-10                 	1.3053949446e-08                 	1.3510674593e-02                 	3.1054506114e-03                 
3.0485830000e+01	2.0610182853e-01	1.2680500519e-08                 	1.7592557175e-10                 	1.2504574947e-08                 	1.3873708809e-02                 	2.9098103552e-03                 
3.0650410000e+01	2.0499514712e-01	1.2163489410e-08                 	1.7276301643e-10                 	1.1990726393e-08                 	1.4203409121e-02                 	2.7278243442e-03                 
3.0816330000e+01	2.0389142079e-01	1.1662098386e-08                 	1.6979075043e-10                 	1.1492307635e-08                 	1.4559193793e-02                 	2.5221265427e-03                 
3.0983610000e+01	2.0279061437e-01	1.1108906324e-08                 	1.6595398594e-10                 	1.0942952338e-08                 	1.4938823058e-02                 	2.3548071995e-03                 
3.1152260000e+01	2.0169276024e-01	1.0605889043e-08                 	1.6187360127e-10                 	1.0444015442e-08                 	1.5262615007e-02                 	2.2184910833e-03                 
3.1322310000e+01	2.0059776265e-01	1.0144692058e-08                 	1.5784401622e-10                 	9.9868480413e-09                 	1.5559271323e-02                 	2.0907589193e-03                 
3.1493780000e+01	1.9950559467e-01	9.7178152088e-09                 	1.5397708386e-10                 	9.5638381250e-09                 	1.5844825256e-02                 	1.9592148001e-03                 
3.1666670000e+01	1.9841635724e-01	9.3180119943e-09                 	1.5037205525e-10                 	9.1676399390e-09                 	1.6137782967e-02                 	1.8081226439e-03                 
3.1841000000e+01	1.9733002441e-01	8.9163367049e-09                 	1.4750454012e-10                 	8.7688321648e-09                 	1.6543177428e-02                 	1.5550915140e-03                 
3.2016810000e+01	1.9624645014e-01	8.3943666738e-09                 	1.4316122387e-10                 	8.2512054499e-09                 	1.7054440131e-02                 	1.4196829919e-03                 
3.2194090000e+01	1.9516579929e-01	7.9633719727e-09                 	1.3840261733e-10                 	7.8249693553e-09                 	1.7379901103e-02                 	1.4192265592e-03                 
3.2372880000e+01	1.9408793123e-01	7.6234683833e-09                 	1.3394000861e-10                 	7.4895283747e-09                 	1.7569431901e-02                 	1.4620727492e-03                 
3.2553190000e+01	1.9301289082e-01	7.3465250154e-09                 	1.2991803442e-10                 	7.2166069810e-09                 	1.7684283950e-02                 	1.4977100061e-03                 
3.2735040000e+01	1.9194066380e-01	7.1163853593e-09                 	1.2661120358e-10                 	6.9897741557e-09                 	1.7791504702e-02                 	1.4437847700e-03                 
3.2918450000e+01	1.9087123808e-01	6.8759293508e-09                 	1.2363616314e-10                 	6.7522931877e-09                 	1.7981011269e-02                 	1.3218950445e-03                 
3.3103450000e+01	1.8980454627e-01	6.6295795958e-09                 	1.2105127309e-10                 	6.5085283227e-09                 	1.8259268381e-02                 	1.1055271731e-03                 
3.3290040000e+01	1.8874069563e-01	6.3458204562e-09                 	1.1830199384e-10                 	6.2275184624e-09                 	1.8642505670e-02                 	8.9026048615e-04                 
3.3478260000e+01	1.8767956600e-01	6.0563997016e-09                 	1.1634008254e-10                 	5.9400596190e-09                 	1.9209445921e-02                 	4.2845072592e-04                 
3.3668120000e+01	1.8662121043e-01	5.6309631514e-09                 	1.1241850671e-10                 	5.5185446446e-09                 	1.9964347784e-02                 	3.8006261147e-04                 
3.3859650000e+01	1.8556557162e-01	5.3765573577e-09                 	1.0965150752e-10                 	5.2669058502e-09                 	2.0394371383e-02                 	1.7194982576e-04                 
3.4052860000e+01	1.8451270487e-01	5.0226266078e-09                 	1.0574945897e-10                 	4.9168771488e-09                 	2.1054612901e-02                 	3.0830801219e-04                 
3.4247790000e+01	1.8346250392e-01	4.8131719255e-09                 	1.0237020539e-10                 	4.7108017201e-09                 	2.1268761427e-02                 	5.2037329031e-04                 
3.4444440000e+01	1.8241508084e-01	4.6170321538e-09                 	9.9381077915e-11                 	4.5176510759e-09                 	2.1524883216e-02                 	6.3090541207e-04                 
3.4642860000e+01	1.8137028257e-01	4.4219245888e-09                 	9.6799026887e-11                 	4.3251255619e-09                 	2.1890700518e-02                 	5.6392809502e-04                 
3.4843050000e+01	1.8032822348e-01	4.1875256274e-09                 	9.4071665155e-11                 	4.0934539622e-09                 	2.2464737777e-02                 	5.7167893191e-04                 
3.5045050000e+01	1.7928880989e-01	3.9667517471e-09                 	9.1237164484e-11                 	3.8755145826e-09                 	2.3000472503e-02                 	7.6488511762e-04                 
3.5248870000e+01	1.7825210587e-01	3.7636559587e-09                 	8.8623437997e-11                 	3.6750325207e-09                 	2.3547167692e-02                 	9.1736477097e-04                 
3.5454550000e+01	1.7721802441e-01	3.5347559452e-09                 	8.5473100773e-11                 	3.4492828444e-09                 	2.4180764414e-02                 	1.7655781519e-03                 
3.5662100000e+01	1.7618663251e-01	3.3990157170e-09                 	8.2564319215e-11                 	3.3164513978e-09                 	2.4290655321e-02                 	2.7746697700e-03                 
3.5871560000e+01	1.7515784948e-01	3.2808727433e-09                 	7.9954279670e-11                 	3.2009184636e-09                 	2.4369820449e-02                 	3.6570662204e-03                 
3.6082950000e+01	1.7413169675e-01	3.1721029890e-09                 	7.7639456642e-11                 	3.0944635323e-09                 	2.4475704891e-02                 	4.3258336964e-03                 
3.6296300000e+01	1.7310814896e-01	3.0480091203e-09                 	7.5476884058e-11                 	2.9725322363e-09                 	2.4762683141e-02                 	4.9787521222e-03                 
3.6511630000e+01	1.7208723103e-01	2.9106674465e-09                 	7.3285926976e-11                 	2.8373815195e-09                 	2.5178392353e-02                 	5.9616865251e-03                 
3.6728970000e+01	1.7106892208e-01	2.7808528340e-09                 	7.1086368121e-11                 	2.7097664659e-09                 	2.5562793993e-02                 	7.2711459388e-03                 
3.6948360000e+01	1.7005315817e-01	2.6554732888e-09                 	6.8900477909e-11                 	2.5865728109e-09                 	2.5946590462e-02                 	8.9196958904e-03                 
3.7169810000e+01	1.6904001681e-01	2.5370991284e-09                 	6.6751236488e-11                 	2.4703478919e-09                 	2.6310062442e-02                 	1.0829489684e-02                 
3.7393360000e+01	1.6802943911e-01	2.4249208010e-09                 	6.4688335540e-11                 	2.3602324654e-09                 	2.6676473522e-02                 	1.2833831077e-02                 
3.7619050000e+01	1.6702137101e-01	2.3078528844e-09                 	6.2710848406e-11                 	2.2451420360e-09                 	2.7172810203e-02                 	1.5062082143e-02                 
3.7846890000e+01	1.6601589476e-01	2.1828495719e-09                 	6.0818412659e-11                 	2.1220311593e-09                 	2.7861934895e-02                 	1.7609502455e-02                 
3.8076920000e+01	1.6501296080e-01	1.9787835650e-09                 	5.8704321923e-11                 	1.9200792431e-09                 	2.9666873610e-02                 	2.2519320661e-02                 
3.8309180000e+01	1.6401252408e-01	1.7787138233e-09                 	5.6144528745e-11                 	1.7225692946e-09                 	3.1564677808e-02                 	2.5807542253e-02                 
3.8543690000e+01	1.6301462852e-01	1.6587892024e-09                 	5.3668478779e-11                 	1.6051207236e-09                 	3.2354007793e-02                 	2.5827783509e-02                 
3.8780490000e+01	1.6201923460e-01	1.5908781309e-09                 	5.1634290604e-11                 	1.5392438403e-09                 	3.2456471430e-02                 	2.5181352046e-02                 
3.9019610000e+01	1.6102634822e-01	1.5341324778e-09                 	4.9822851323e-11                 	1.4843096265e-09                 	3.2476237902e-02                 	2.4588533518e-02                 
3.9261080000e+01	1.6003597729e-01	1.4966408560e-09                 	4.8148741296e-11                 	1.4484921147e-09                 	3.2171206007e-02                 	2.3851090635e-02                 
3.9504950000e+01	1.5904805112e-01	1.4469511775e-09                 	4.6692111653e-11                 	1.4002590659e-09                 	3.2269306924e-02                 	2.3571088863e-02                 
3.9751240000e+01	1.5806262414e-01	1.3688189313e-09                 	4.5237290706e-11                 	1.3235816406e-09                 	3.3048411057e-02                 	2.3548867686e-02                 
4.0000000000e+01	1.5707963268e-01	1.2947164186e-09                 	4.3694714671e-11                 	1.2510217039e-09                 	3.3748482713e-02                 	2.3179030056e-02                 
4.0251260000e+01	1.5609909621e-01	1.2304055552e-09                 	4.2210831973e-11                 	1.1881947233e-09                 	3.4306438063e-02                 	2.2685210201e-02                 
4.0505050000e+01	1.5512103570e-01	1.1777882499e-09                 	4.0764318486e-11                 	1.1370239314e-09                 	3.4610906069e-02                 	2.2051996078e-02                 
4.0761420000e+01	1.5414539796e-01	1.1399857636e-09                 	3.9397677796e-11                 	1.1005880858e-09                 	3.4559798073e-02                 	2.1370405013e-02                 
4.1020410000e+01	1.5317217227e-01	1.0967954965e-09                 	3.8139257488e-11                 	1.0586562390e-09                 	3.4773353473e-02                 	2.0868280223e-02                 
4.1282050000e+01	1.5220138794e-01	1.0548847699e-09                 	3.6862588669e-11                 	1.0180221812e-09                 	3.4944659096e-02                 	2.0265677632e-02                 
4.1546390000e+01	1.5123300261e-01	1.0289246741e-09                 	3.5631810194e-11                 	9.9329286387e-10                 	3.4630144550e-02                 	1.9594220062e-02                 
4.1813470000e+01	1.5026701461e-01	1.0065707214e-09                 	3.4509520290e-11                 	9.7206120106e-10                 	3.4284248050e-02                 	1.9052579580e-02                 
4.2083330000e+01	1.4930342507e-01	9.8209519082e-10                 	3.3426083801e-11                 	9.4866910702e-10                 	3.4035482623e-02                 	1.8552682597e-02                 
4.2356020000e+01	1.4834220277e-01	9.6045795541e-10                 	3.2379631666e-11                 	9.2807832374e-10                 	3.3712700784e-02                 	1.8064714588e-02                 
4.2631580000e+01	1.4738335542e-01	9.3975507980e-10                 	3.1389837618e-11                 	9.0836524218e-10                 	3.3402147317e-02                 	1.7632644075e-02                 
4.2910050000e+01	1.4642689317e-01	9.1493660561e-10                 	3.0442235865e-11                 	8.8449436975e-10                 	3.3272508367e-02                 	1.7255577641e-02                 
4.3191490000e+01	1.4547276112e-01	8.8710313980e-10                 	2.9511523571e-11                 	8.5759161623e-10                 	3.3267296943e-02                 	1.6884872827e-02                 
4.3475940000e+01	1.4452097659e-01	8.6052946347e-10                 	2.8599538953e-11                 	8.3192992451e-10                 	3.3234816665e-02                 	1.6505219923e-02                 
4.3763440000e+01	1.4357155898e-01	8.3508477512e-10                 	2.7719775566e-11                 	8.0736499956e-10                 	3.3193965921e-02                 	1.6141014751e-02                 
4.4054050000e+01	1.4262446488e-01	8.0958812677e-10                 	2.6865735381e-11                 	7.8272239139e-10                 	3.3184448354e-02                 	1.5787267528e-02                 
4.4347830000e+01	1.4167965619e-01	7.8508017036e-10                 	2.6033930086e-11                 	7.5904624028e-10                 	3.3160855500e-02                 	1.5435545758e-02                 
4.4644810000e+01	1.4073719447e-01	7.6158980680e-10                 	2.5229095473e-11                 	7.3636071133e-10                 	3.3126881751e-02                 	1.5094778098e-02                 
4.4945050000e+01	1.3979704789e-01	7.3856076981e-10                 	2.4448472910e-11                 	7.1411229690e-10                 	3.3102858843e-02                 	1.4763354788e-02                 
4.5248620000e+01	1.3885915874e-01	7.1603578526e-10                 	2.3690443172e-11                 	6.9234534209e-10                 	3.3085557538e-02                 	1.4439457212e-02                 
4.5555560000e+01	1.3792356646e-01	6.9325198027e-10                 	2.2954559553e-11                 	6.7029742072e-10                 	3.3111422984e-02                 	1.4125227672e-02                 
4.5865920000e+01	1.3699028183e-01	6.7142167301e-10                 	2.2233068481e-11                 	6.4918860453e-10                 	3.3113420931e-02                 	1.3805461423e-02                 
4.6179780000e+01	1.3605922997e-01	6.5273332956e-10                 	2.1531262661e-11                 	6.3120206690e-10                 	3.2986308017e-02                 	1.3484810743e-02                 
4.6497180000e+01	1.3513045968e-01	6.3628895301e-10                 	2.0856475798e-11                 	6.1543247721e-10                 	3.2778308815e-02                 	1.3178995491e-02                 
4.6818180000e+01	1.3420396323e-01	6.2121057020e-10                 	2.0203845809e-11                 	6.0100672439e-10                 	3.2523345188e-02                 	1.2883218032e-02                 
4.7142860000e+01	1.3327968026e-01	6.0758812503e-10                 	1.9574344090e-11                 	5.8801378094e-10                 	3.2216469156e-02                 	1.2599815593e-02                 
4.7471260000e+01	1.3235766877e-01	5.9425351988e-10                 	1.8968620075e-11                 	5.7528489980e-10                 	3.1920080303e-02                 	1.2332940344e-02                 
4.7803470000e+01	1.3143784975e-01	5.8090915461e-10                 	1.8381275517e-11                 	5.6252787910e-10                 	3.1642254854e-02                 	1.2075005614e-02                 
4.8139530000e+01	1.3052028774e-01	5.6807763291e-10                 	1.7813012228e-11                 	5.5026462068e-10                 	3.1356651268e-02                 	1.1826658149e-02                 
4.8479530000e+01	1.2960491381e-01	5.5503328672e-10                 	1.7264787101e-11                 	5.3776849962e-10                 	3.1105858899e-02                 	1.1591380673e-02                 
4.8823530000e+01	1.2869174570e-01	5.4065289088e-10                 	1.6733366136e-11                 	5.2391952475e-10                 	3.0950294390e-02                 	1.1366215474e-02                 
4.9171600000e+01	1.2778077807e-01	5.2551670272e-10                 	1.6213732210e-11                 	5.0930297051e-10                 	3.0852934124e-02                 	1.1142197705e-02                 
4.9523810000e+01	1.2687200979e-01	5.1108349856e-10                 	1.5707136913e-11                 	4.9537636164e-10                 	3.0733015167e-02                 	1.0919441926e-02                 
4.9880240000e+01	1.2596541851e-01	4.9721665627e-10                 	1.5216788812e-11                 	4.8199986746e-10                 	3.0603940194e-02                 	1.0704081945e-02                 
5.0240960000e+01	1.2506101211e-01	4.8323943350e-10                 	1.4740986707e-11                 	4.6849844680e-10                 	3.0504519469e-02                 	1.0494820177e-02                 
5.0606060000e+01	1.2415875307e-01	4.6879110763e-10                 	1.4279002117e-11                 	4.5451210552e-10                 	3.0459200025e-02                 	1.0291385955e-02                 
5.0975610000e+01	1.2325865855e-01	4.5358848033e-10                 	1.3828958106e-11                 	4.3975952222e-10                 	3.0487895319e-02                 	1.0091321447e-02                 
5.1349690000e+01	1.2236072520e-01	4.3752490251e-10                 	1.3389154024e-11                 	4.2413574849e-10                 	3.0602038757e-02                 	9.8921287722e-03                 
5.1728400000e+01	1.2146490723e-01	4.2180225132e-10                 	1.2956203097e-11                 	4.0884604822e-10                 	3.0716296693e-02                 	9.6868664687e-03                 
5.2111800000e+01	1.2057125847e-01	4.0928333630e-10                 	1.2531908568e-11                 	3.9675142773e-10                 	3.0619151713e-02                 	9.4758977801e-03                 
5.2500000000e+01	1.1967972014e-01	4.0082484172e-10                 	1.2124456738e-11                 	3.8870038498e-10                 	3.0248765734e-02                 	9.2733482142e-03                 
5.2893080000e+01	1.1879030881e-01	3.9393428611e-10                 	1.1736909802e-11                 	3.8219737630e-10                 	2.9794080425e-02                 	9.0879713987e-03                 
5.3291140000e+01	1.1790300052e-01	3.8500835699e-10                 	1.1366513205e-11                 	3.7364184378e-10                 	2.9522770087e-02                 	8.9192718427e-03                 
5.3694270000e+01	1.1701779924e-01	3.7178471985e-10                 	1.1005260459e-11                 	3.6077945939e-10                 	2.9601163984e-02                 	8.7557228939e-03                 
5.4102560000e+01	1.1613471354e-01	3.5720114028e-10                 	1.0644299664e-11                 	3.4655684062e-10                 	2.9799176048e-02                 	8.5787877257e-03                 
5.4516130000e+01	1.1525369294e-01	3.4580488036e-10                 	1.0290148595e-11                 	3.3551473176e-10                 	2.9757094766e-02                 	8.3961512831e-03                 
5.4935060000e+01	1.1437477828e-01	3.3749269785e-10                 	9.9498097091e-12                 	3.2754288814e-10                 	2.9481555520e-02                 	8.2210885369e-03                 
5.5359480000e+01	1.1349791051e-01	3.3006622054e-10                 	9.6227120206e-12                 	3.2044350852e-10                 	2.9153883136e-02                 	8.0550778675e-03                 
5.5789470000e+01	1.1262314030e-01	3.2250169056e-10                 	9.3065734034e-12                 	3.1319511716e-10                 	2.8857440676e-02                 	7.8952784098e-03                 
5.6225170000e+01	1.1175040124e-01	3.1465499463e-10                 	9.0001485544e-12                 	3.0565484608e-10                 	2.8603228005e-02                 	7.7399531459e-03                 
5.6666670000e+01	1.1087973419e-01	3.0666830368e-10                 	8.7026010896e-12                 	2.9796570259e-10                 	2.8377895548e-02                 	7.5877960229e-03                 
5.7114090000e+01	1.1001112523e-01	2.9867875997e-10                 	8.4137985852e-12                 	2.9026496138e-10                 	2.8170059987e-02                 	7.4388098750e-03                 
5.7567570000e+01	1.0914452889e-01	2.9064029342e-10                 	8.1333378057e-12                 	2.8250695561e-10                 	2.7984205872e-02                 	7.2926347599e-03                 
5.8027210000e+01	1.0827998291e-01	2.8274047492e-10                 	7.8605894772e-12                 	2.7487988544e-10                 	2.7801429843e-02                 	7.1482791660e-03                 
5.8493150000e+01	1.0741745499e-01	2.7548570203e-10                 	7.5955891390e-12                 	2.6789011289e-10                 	2.7571627431e-02                 	7.0058406986e-03                 
5.8965520000e+01	1.0655693882e-01	2.6901723943e-10                 	7.3391968447e-12                 	2.6167804258e-10                 	2.7281511253e-02                 	6.8672521067e-03                 
5.9444440000e+01	1.0569845232e-01	2.6300106524e-10                 	7.0914924244e-12                 	2.5590957282e-10                 	2.6963740310e-02                 	6.7332625384e-03                 
5.9930070000e+01	1.0484194841e-01	2.5690567721e-10                 	6.8524944815e-12                 	2.5005318273e-10                 	2.6673192106e-02                 	6.6046261667e-03                 
6.0422540000e+01	1.0398744090e-01	2.4960570111e-10                 	6.6217279675e-12                 	2.4298397314e-10                 	2.6528752902e-02                 	6.4813891576e-03                 
6.0921990000e+01	1.0313493218e-01	2.4041323353e-10                 	6.3967024221e-12                 	2.3401653111e-10                 	2.6607114460e-02                 	6.3592201799e-03                 
6.1428570000e+01	1.0228441436e-01	2.3012157119e-10                 	6.1759736067e-12                 	2.2394559758e-10                 	2.6837873454e-02                 	6.2349095675e-03                 
6.1942450000e+01	1.0143585388e-01	2.1966404929e-10                 	5.9598355324e-12                 	2.1370421375e-10                 	2.7131592774e-02                 	6.1087150443e-03                 
6.2463770000e+01	1.0058927451e-01	2.1041287816e-10                 	5.7477470417e-12                 	2.0466513112e-10                 	2.7316517373e-02                 	5.9790953281e-03                 
6.2992700000e+01	9.9744657828e-02	2.0359134164e-10                 	5.5424075414e-12                 	1.9804893410e-10                 	2.7223198673e-02                 	5.8514590716e-03                 
6.3529410000e+01	9.8901993694e-02	1.9815246323e-10                 	5.3450872294e-12                 	1.9280737600e-10                 	2.6974619150e-02                 	5.7293477862e-03                 
6.4074070000e+01	9.8061279815e-02	1.9295808614e-10                 	5.1544738149e-12                 	1.8780361232e-10                 	2.6712919464e-02                 	5.6108607700e-03                 
6.4626870000e+01	9.7222491313e-02	1.8789901971e-10                 	4.9700501512e-12                 	1.8292896956e-10                 	2.6450644388e-02                 	5.4952780650e-03                 
6.5187970000e+01	9.6385656850e-02	1.8292758596e-10                 	4.7914886954e-12                 	1.7813609727e-10                 	2.6193363183e-02                 	5.3822106157e-03                 
6.5757580000e+01	9.5550738138e-02	1.7808064866e-10                 	4.6184362423e-12                 	1.7346221242e-10                 	2.5934520550e-02                 	5.2711823478e-03                 
6.6335880000e+01	9.4717750140e-02	1.7353599765e-10                 	4.4507469306e-12                 	1.6908525072e-10                 	2.5647398758e-02                 	5.1620909106e-03                 
6.6923080000e+01	9.3886672687e-02	1.6936482922e-10                 	4.2884973678e-12                 	1.6507633186e-10                 	2.5321062156e-02                 	5.0553798789e-03                 
6.7519380000e+01	9.3057508928e-02	1.6540758567e-10                 	4.1315987473e-12                 	1.6127598692e-10                 	2.4978290630e-02                 	4.9511982180e-03                 
6.8125000000e+01	9.2230243041e-02	1.6153508349e-10                 	3.9797605189e-12                 	1.5755532297e-10                 	2.4637127941e-02                 	4.8492204854e-03                 
6.8740160000e+01	9.1404868816e-02	1.5774398868e-10                 	3.8327960359e-12                 	1.5391119264e-10                 	2.4297572718e-02                 	4.7492969617e-03                 
6.9365080000e+01	9.0581389183e-02	1.5403058296e-10                 	3.6905555599e-12                 	1.5034002740e-10                 	2.3959888284e-02                 	4.6513504042e-03                 
7.0000000000e+01	8.9759790103e-02	1.5039472352e-10                 	3.5528861205e-12                 	1.4684183740e-10                 	2.3623741827e-02                 	4.5552912043e-03                 
7.0645160000e+01	8.8940067617e-02	1.4684401442e-10                 	3.4196683097e-12                 	1.4342434611e-10                 	2.3287760984e-02                 	4.4610969090e-03                 
7.1300810000e+01	8.8122214982e-02	1.4334861635e-10                 	3.2908053262e-12                 	1.4005781103e-10                 	2.2956659157e-02                 	4.3688057085e-03                 
7.1967210000e+01	8.7306223309e-02	1.3980764184e-10                 	3.1661628190e-12                 	1.3664147902e-10                 	2.2646564790e-02                 	4.2783764085e-03                 
7.2644630000e+01	8.6492082170e-02	1.3614027778e-10                 	3.0455135464e-12                 	1.3309476423e-10                 	2.2370407906e-02                 	4.1895166885e-03                 
7.3333330000e+01	8.5679803538e-02	1.3240233117e-10                 	2.9286692761e-12                 	1.2947366189e-10                 	2.2119469123e-02                 	4.1019721462e-03                 
7.4033610000e+01	8.4869362809e-02	1.2868800109e-10                 	2.8155595985e-12                 	1.2587244149e-10                 	2.1878959768e-02                 	4.0157804840e-03                 
7.4745760000e+01	8.4060758860e-02	1.2500142028e-10                 	2.7061135680e-12                 	1.2229530671e-10                 	2.1648662566e-02                 	3.9309931606e-03                 
7.5470090000e+01	8.3253979254e-02	1.2133163571e-10                 	2.6002050532e-12                 	1.1873143065e-10                 	2.1430561272e-02                 	3.8475181551e-03                 
7.6206900000e+01	8.2449034237e-02	1.1767142014e-10                 	2.4977483676e-12                 	1.1517367177e-10                 	2.1226465736e-02                 	3.7653571091e-03                 
7.6956520000e+01	8.1645912616e-02	1.1405897513e-10                 	2.3985761589e-12                 	1.1166039897e-10                 	2.1029262766e-02                 	3.6842772694e-03                 
7.7719300000e+01	8.0844594678e-02	1.1066513566e-10                 	2.3026511691e-12                 	1.0836248449e-10                 	2.0807376734e-02                 	3.6043726981e-03                 
7.8495580000e+01	8.0045084159e-02	1.0747904383e-10                 	2.2100348116e-12                 	1.0526900901e-10                 	2.0562471836e-02                 	3.5260552035e-03                 
7.9285710000e+01	7.9247386536e-02	1.0435285514e-10                 	2.1205599593e-12                 	1.0223229518e-10                 	2.0321053569e-02                 	3.4491160596e-03                 
8.0090090000e+01	7.8451470178e-02	1.0128648462e-10                 	2.0341302651e-12                 	9.9252354359e-11                 	2.0082938732e-02                 	3.3735162696e-03                 
8.0909090000e+01	7.7657347366e-02	9.8267485734e-11                 	1.9506525901e-12                 	9.6316833144e-11                 	1.9850437564e-02                 	3.2992111618e-03                 
8.1743120000e+01	7.6865004751e-02	9.5297362904e-11                 	1.8700354161e-12                 	9.3427327488e-11                 	1.9623160170e-02                 	3.2261570774e-03                 
8.2592590000e+01	7.6074443327e-02	9.2391464127e-11                 	1.7922011096e-12                 	9.0599263017e-11                 	1.9397907875e-02                 	3.1543410211e-03                 
8.3457940000e+01	7.5285650559e-02	8.9559677863e-11                 	1.7170873655e-12                 	8.7842590497e-11                 	1.9172549594e-02                 	3.0837976939e-03                 
8.4339620000e+01	7.4498620069e-02	8.6736992259e-11                 	1.6446443792e-12                 	8.5092347880e-11                 	1.8961279800e-02                 	3.0146096390e-03                 
8.5238100000e+01	7.3713343061e-02	8.3789193337e-11                 	1.5747500389e-12                 	8.2214443298e-11                 	1.8794190231e-02                 	2.9466310523e-03                 
8.6153850000e+01	7.2929826203e-02	8.0712928751e-11                 	1.5072546078e-12                 	7.9205674143e-11                 	1.8674264844e-02                 	2.8795842589e-03                 
8.7087380000e+01	7.2148057585e-02	7.7599406226e-11                 	1.4421145648e-12                 	7.6157291661e-11                 	1.8584092778e-02                 	2.8135213823e-03                 
8.8039220000e+01	7.1368025605e-02	7.4459743344e-11                 	1.3792571489e-12                 	7.3080486196e-11                 	1.8523528110e-02                 	2.7484049724e-03                 
8.9009900000e+01	7.0589735604e-02	7.1321431459e-11                 	1.3186249399e-12                 	7.0002806519e-11                 	1.8488481133e-02                 	2.6842401867e-03                 
9.0000000000e+01	6.9813170080e-02	6.8174769183e-11                 	1.2601642611e-12                 	6.6914604922e-11                 	1.8484320170e-02                 	2.6210514006e-03                 
9.1010100000e+01	6.9038329891e-02	6.4994962644e-11                 	1.2037923501e-12                 	6.3791170294e-11                 	1.8521317670e-02                 	2.5587512441e-03                 
9.2040800000e+01	6.8265218329e-02	6.1829086262e-11                 	1.1494400511e-12                 	6.0679646211e-11                 	1.8590603882e-02                 	2.4972845819e-03                 
9.3092800000e+01	6.7493783699e-02	5.8756821369e-11                 	1.0970652636e-12                 	5.7659756106e-11                 	1.8671283403e-02                 	2.4366998345e-03                 
9.4166700000e+01	6.6724068139e-02	5.5757999336e-11                 	1.0466575762e-12                 	5.4711341760e-11                 	1.8771433492e-02                 	2.3771620365e-03                 
9.5263200000e+01	6.5956059708e-02	5.2712553567e-11                 	9.9812425878e-13                 	5.1714429308e-11                 	1.8935228731e-02                 	2.3185354922e-03                 
9.6383000000e+01	6.5189766942e-02	4.9598367149e-11                 	9.5139615127e-13                 	4.8646970998e-11                 	1.9182005496e-02                 	2.2607506018e-03                 
9.7526900000e+01	6.4425151493e-02	4.6229027082e-11                 	9.0641533440e-13                 	4.5322611747e-11                 	1.9607060577e-02                 	2.2037934757e-03                 
9.8695700000e+01	6.3662199135e-02	4.2738166095e-11                 	8.6289455730e-13                 	4.1875271538e-11                 	2.0190257003e-02                 	2.1466458360e-03                 
9.9890100000e+01	6.2900981250e-02	4.0139377010e-11                 	8.2099567172e-13                 	3.9318381339e-11                 	2.0453622673e-02                 	2.0900776415e-03                 
1.0111110000e+02	6.2141399977e-02	3.8428297785e-11                 	7.8096931557e-13                 	3.7647328470e-11                 	2.0322766310e-02                 	2.0354133962e-03                 
1.0235960000e+02	6.1383449204e-02	3.6835233211e-11                 	7.4259684130e-13                 	3.6092636370e-11                 	2.0159960358e-02                 	1.9819993123e-03                 
1.0363640000e+02	6.0627205376e-02	3.5350634203e-11                 	7.0580603013e-13                 	3.4644828173e-11                 	1.9965866131e-02                 	1.9297275351e-03                 
1.0494250000e+02	5.9872647471e-02	3.3943486652e-11                 	6.7052765747e-13                 	3.3272958995e-11                 	1.9754236338e-02                 	1.8785074630e-03                 
1.0627910000e+02	5.9119669880e-02	3.2612576922e-11                 	6.3670055679e-13                 	3.1975876365e-11                 	1.9523159986e-02                 	1.8282843394e-03                 
1.0764710000e+02	5.8368365773e-02	3.1356918528e-11                 	6.0428067782e-13                 	3.0752637850e-11                 	1.9271047864e-02                 	1.7790469943e-03                 
1.0904760000e+02	5.7618739956e-02	3.0159272163e-11                 	5.7321929295e-13                 	2.9586052870e-11                 	1.9006403399e-02                 	1.7307706244e-03                 
1.1048190000e+02	5.6870720970e-02	2.9010744552e-11                 	5.4346316211e-13                 	2.8467281390e-11                 	1.8733168366e-02                 	1.6834105024e-03                 
1.1195120000e+02	5.6124322983e-02	2.7900644244e-11                 	5.1497285520e-13                 	2.7385671389e-11                 	1.8457382227e-02                 	1.6369723724e-03                 
1.1345680000e+02	5.5379539236e-02	2.6821444043e-11                 	4.8769073096e-13                 	2.6333753312e-11                 	1.8182866298e-02                 	1.5913632202e-03                 
1.1500000000e+02	5.4636393975e-02	2.5814696968e-11                 	4.6159513895e-13                 	2.5353101829e-11                 	1.7881098489e-02                 	1.5466683224e-03                 
1.1658230000e+02	5.3894847736e-02	2.4820616709e-11                 	4.3663065558e-13                 	2.4383986054e-11                 	1.7591450716e-02                 	1.5027992709e-03                 
1.1820510000e+02	5.3154942614e-02	2.3878322512e-11                 	4.1276226030e-13                 	2.3465560252e-11                 	1.7286066058e-02                 	1.4597570849e-03                 
1.1987010000e+02	5.2416618549e-02	2.2983174315e-11                 	3.8995751007e-13                 	2.2593216805e-11                 	1.6967086649e-02                 	1.4175688802e-03                 
1.2157890000e+02	5.1679899285e-02	2.2096523946e-11                 	3.6816997137e-13                 	2.1728353975e-11                 	1.6661895431e-02                 	1.3761645387e-03                 
1.2333330000e+02	5.0944759503e-02	2.1252838326e-11                 	3.4736764002e-13                 	2.0905470686e-11                 	1.6344529361e-02                 	1.3355557863e-03                 
1.2513510000e+02	5.0211214177e-02	2.0436555855e-11                 	3.2751778809e-13                 	2.0109038067e-11                 	1.6026075549e-02                 	1.2957428722e-03                 
1.2698630000e+02	4.9479237581e-02	1.9636003730e-11                 	3.0857987093e-13                 	1.9327423859e-11                 	1.5715003683e-02                 	1.2566746386e-03                 
1.2888890000e+02	4.8748847319e-02	1.8880818015e-11                 	2.9052819269e-13                 	1.8590289823e-11                 	1.5387479105e-02                 	1.2183835055e-03                 
1.3084510000e+02	4.8020027553e-02	1.8143872637e-11                 	2.7332688956e-13                 	1.7870545747e-11                 	1.5064418442e-02                 	1.1808357450e-03                 
1.3285710000e+02	4.7292807890e-02	1.7432892506e-11                 	2.5694701818e-13                 	1.7175945488e-11                 	1.4739207397e-02                 	1.1440322430e-03                 
1.3492750000e+02	4.6567121656e-02	1.6733076893e-11                 	2.4135585382e-13                 	1.6491721040e-11                 	1.4423877650e-02                 	1.1079526100e-03                 
1.3705880000e+02	4.5842990798e-02	1.6059138200e-11                 	2.2652155634e-13                 	1.5832616643e-11                 	1.4105461546e-02                 	1.0725645382e-03                 
1.3925370000e+02	4.5120419114e-02	1.5442718992e-11                 	2.1242550113e-13                 	1.5230293491e-11                 	1.3755705925e-02                 	1.0379323038e-03                 
1.4151520000e+02	4.4399367045e-02	1.4807570436e-11                 	1.9902979295e-13                 	1.4608540643e-11                 	1.3441083654e-02                 	1.0039745334e-03                 
1.4384620000e+02	4.3679883842e-02	1.4201453172e-11                 	1.8631151147e-13                 	1.4015141660e-11                 	1.3119186411e-02                 	9.7070668198e-04                 
1.4625000000e+02	4.2961950818e-02	1.3620045440e-11                 	1.7424527847e-13                 	1.3445800161e-11                 	1.2793296413e-02                 	9.3812878154e-04                 
1.4873020000e+02	4.2245524495e-02	1.3051434114e-11                 	1.6280328226e-13                 	1.2888630831e-11                 	1.2473976487e-02                 	9.0621614470e-04                 
1.5129030000e+02	4.1530655351e-02	1.2509223930e-11                 	1.5196349243e-13                 	1.2357260437e-11                 	1.2148115125e-02                 	8.7497841761e-04                 
1.5393440000e+02	4.0817291698e-02	1.1978294710e-11                 	1.4169967843e-13                 	1.1836595032e-11                 	1.1829703798e-02                 	8.4439225895e-04                 
1.5666670000e+02	4.0105429598e-02	1.1470831533e-11                 	1.3198988021e-13                 	1.1338841653e-11                 	1.1506566009e-02                 	8.1446166727e-04                 
1.5949150000e+02	3.9395110756e-02	1.0974202081e-11                 	1.2281104640e-13                 	1.0851391035e-11                 	1.1190886180e-02                 	7.8517108738e-04                 
1.6241380000e+02	3.8686277319e-02	1.0497305195e-11                 	1.1414146653e-13                 	1.0383163729e-11                 	1.0873406499e-02                 	7.5652004657e-04                 
1.6543860000e+02	3.7978955982e-02	1.0024374000e-11                 	1.0595918313e-13                 	9.9184148165e-12                 	1.0570154618e-02                 	7.2849184705e-04                 
1.6857140000e+02	3.7273139496e-02	9.5734678267e-12                 	9.8243560571e-14                 	9.4752242661e-12                 	1.0262066197e-02                 	7.0107916076e-04                 
1.7181820000e+02	3.6568799505e-02	9.1668239926e-12                 	9.0977058391e-14                 	9.0758469342e-12                 	9.9245996721e-03                 	6.7430530581e-04                 
1.7518520000e+02	3.5865959608e-02	8.7359985031e-12                 	8.4136619976e-14                 	8.6518618831e-12                 	9.6310249992e-03                 	6.4812091515e-04                 
1.7867920000e+02	3.5164615172e-02	8.3422817849e-12                 	7.7706197162e-14                 	8.2645755878e-12                 	9.3147413580e-03                 	6.2255172008e-04                 
1.8230770000e+02	3.4464728079e-02	7.9347184236e-12                 	7.1665022153e-14                 	7.8630534015e-12                 	9.0318292757e-03                 	5.9756341365e-04                 
1.8607840000e+02	3.3766333477e-02	7.5708933286e-12                 	6.5997831337e-14                 	7.5048954973e-12                 	8.7173109530e-03                 	5.7317720023e-04                 
1.9000000000e+02	3.3069396354e-02	7.2049234538e-12                 	6.0686062038e-14                 	7.1442373918e-12                 	8.4228600660e-03                 	5.4937138587e-04                 
