#wavelengths (mu)	size parameter  	extinction cross section (cm^2)  	scattering cross section (cm^2)  	absorption cross section (cm^2)  	single scattering albedo         	asymmetry parameter              
9.0006520000e-02	1.3928549654e+04	2.5055071264e-03                 	1.6223923125e-03                 	8.8311481388e-04                 	6.4753051205e-01                 	8.4709722906e-01                 
9.0635180000e-02	1.3831939022e+04	2.5055370015e-03                 	1.6076034448e-03                 	8.9793355669e-04                 	6.4162031686e-01                 	8.5142008545e-01                 
9.1165710000e-02	1.3751445396e+04	2.5055634942e-03                 	1.5954077693e-03                 	9.1015572489e-04                 	6.3674609444e-01                 	8.5493019676e-01                 
9.1702480000e-02	1.3670952880e+04	2.5055936659e-03                 	1.5875704915e-03                 	9.1802317435e-04                 	6.3361051441e-01                 	8.5608280481e-01                 
9.2464930000e-02	1.3558224540e+04	2.5056304766e-03                 	1.5818369266e-03                 	9.2379355002e-04                 	6.3131293356e-01                 	8.5649592040e-01                 
9.3128530000e-02	1.3461613568e+04	2.5056638411e-03                 	1.5775971587e-03                 	9.2806668240e-04                 	6.2961245352e-01                 	8.5643700795e-01                 
9.3801730000e-02	1.3365001722e+04	2.5056939350e-03                 	1.5718941702e-03                 	9.3379976483e-04                 	6.2732888013e-01                 	8.5769614764e-01                 
9.4715070000e-02	1.3236122647e+04	2.5057332146e-03                 	1.5730169715e-03                 	9.3271624313e-04                 	6.2776713910e-01                 	8.5553443421e-01                 
9.5881710000e-02	1.3075072222e+04	2.5057805815e-03                 	1.5671093240e-03                 	9.3867125743e-04                 	6.2539766475e-01                 	8.5672290556e-01                 
9.7564280000e-02	1.2849582686e+04	2.5058459883e-03                 	1.5610265265e-03                 	9.4481946187e-04                 	6.2295389810e-01                 	8.5778410444e-01                 
9.8928300000e-02	1.2672413081e+04	2.5058991311e-03                 	1.5577418329e-03                 	9.4815729822e-04                 	6.2162990264e-01                 	8.5790815121e-01                 
1.0007310000e-01	1.2527445268e+04	2.5059415860e-03                 	1.5549094596e-03                 	9.5103212642e-04                 	6.2048910807e-01                 	8.5834569082e-01                 
1.0177430000e-01	1.2318043779e+04	2.5060031498e-03                 	1.5516448886e-03                 	9.5435826124e-04                 	6.1917116452e-01                 	8.5874945638e-01                 
1.0353460000e-01	1.2108611836e+04	2.5060664607e-03                 	1.5523454039e-03                 	9.5372105675e-04                 	6.1943505022e-01                 	8.5724065686e-01                 
1.0521440000e-01	1.1915291852e+04	2.5061272329e-03                 	1.5535158675e-03                 	9.5261136540e-04                 	6.1988707002e-01                 	8.5552562571e-01                 
1.0694960000e-01	1.1721972621e+04	2.5061894969e-03                 	1.5550547602e-03                 	9.5113473671e-04                 	6.2048570633e-01                 	8.5365865639e-01                 
1.0828910000e-01	1.1576975735e+04	2.5062362079e-03                 	1.5560974499e-03                 	9.5013875807e-04                 	6.2089017984e-01                 	8.5243964038e-01                 
1.1028360000e-01	1.1367603914e+04	2.5063055142e-03                 	1.5524287807e-03                 	9.5387673347e-04                 	6.1940923480e-01                 	8.5321366703e-01                 
1.1186890000e-01	1.1206513008e+04	2.5063590211e-03                 	1.5511014288e-03                 	9.5525759236e-04                 	6.1886641766e-01                 	8.5321364202e-01                 
1.1350030000e-01	1.1045435854e+04	2.5064120447e-03                 	1.5483122278e-03                 	9.5809981687e-04                 	6.1774049925e-01                 	8.5411825676e-01                 
1.1603920000e-01	1.0803765305e+04	2.5064905471e-03                 	1.5446824495e-03                 	9.6180809760e-04                 	6.1627300022e-01                 	8.5556308847e-01                 
1.1779560000e-01	1.0642674964e+04	2.5065442577e-03                 	1.5398780747e-03                 	9.6666618303e-04                 	6.1434306215e-01                 	8.5773041787e-01                 
1.1924020000e-01	1.0513738513e+04	2.5065834926e-03                 	1.5369668709e-03                 	9.6961662165e-04                 	6.1317202299e-01                 	8.5947850154e-01                 
1.2090850000e-01	1.0368669556e+04	2.5066289069e-03                 	1.5340040450e-03                 	9.7262486194e-04                 	6.1197891748e-01                 	8.6126225830e-01                 
1.2379500000e-01	1.0126905634e+04	2.5067114606e-03                 	1.5332715321e-03                 	9.7343992844e-04                 	6.1166654250e-01                 	8.6172788075e-01                 
1.2620590000e-01	9.9334522635e+03	2.5067807358e-03                 	1.5357150669e-03                 	9.7106566884e-04                 	6.1262440908e-01                 	8.6052669640e-01                 
1.2849940000e-01	9.7561567059e+03	2.5068512734e-03                 	1.5404016850e-03                 	9.6644958838e-04                 	6.1447669488e-01                 	8.5775670433e-01                 
1.3043970000e-01	9.6110331672e+03	2.5069102918e-03                 	1.5485687307e-03                 	9.5834156108e-04                 	6.1772004199e-01                 	8.5339598612e-01                 
1.3334730000e-01	9.4014673189e+03	2.5070017507e-03                 	1.5591473432e-03                 	9.4785440751e-04                 	6.2191713379e-01                 	8.4740961441e-01                 
1.3591040000e-01	9.2241674148e+03	2.5070885699e-03                 	1.5719978054e-03                 	9.3509076448e-04                 	6.2702124858e-01                 	8.3989435437e-01                 
1.3882080000e-01	9.0307812879e+03	2.5071866153e-03                 	1.5838630986e-03                 	9.2332351660e-04                 	6.3172924146e-01                 	8.3279277280e-01                 
1.4134290000e-01	8.8696374775e+03	2.5072715536e-03                 	1.5938913089e-03                 	9.1338024477e-04                 	6.3570749110e-01                 	8.2681331972e-01                 
1.4369190000e-01	8.7246412847e+03	2.5073517132e-03                 	1.6017693119e-03                 	9.0558240129e-04                 	6.3882912935e-01                 	8.2189823227e-01                 
1.4639480000e-01	8.5635574694e+03	2.5074429284e-03                 	1.6085867619e-03                 	8.9885616653e-04                 	6.4152477556e-01                 	8.1743269085e-01                 
1.4863280000e-01	8.4346139144e+03	2.5075155498e-03                 	1.6172212478e-03                 	8.9029430196e-04                 	6.4494963868e-01                 	8.1258846623e-01                 
1.5182300000e-01	8.2573805222e+03	2.5076201624e-03                 	1.6262138104e-03                 	8.8140635203e-04                 	6.4850882712e-01                 	8.0720066924e-01                 
1.5453600000e-01	8.1124157673e+03	2.5077098485e-03                 	1.6318692124e-03                 	8.7584063612e-04                 	6.5074083964e-01                 	8.0352491044e-01                 
1.5830920000e-01	7.9190614507e+03	2.5078333008e-03                 	1.6432033901e-03                 	8.6462991075e-04                 	6.5522831583e-01                 	7.9696877898e-01                 
1.6059660000e-01	7.8062691428e+03	2.5079086025e-03                 	1.6508361637e-03                 	8.5707243878e-04                 	6.5825212373e-01                 	7.9265875373e-01                 
1.6432750000e-01	7.6290352072e+03	2.5080294672e-03                 	1.6610317194e-03                 	8.4699774784e-04                 	6.6228556765e-01                 	7.8685298308e-01                 
1.6859980000e-01	7.4357163117e+03	2.5081688693e-03                 	1.6720986773e-03                 	8.3607019206e-04                 	6.6666112386e-01                 	7.8050019743e-01                 
1.7233230000e-01	7.2746680861e+03	2.5082917849e-03                 	1.6801142478e-03                 	8.2817753713e-04                 	6.6982408422e-01                 	7.7568434371e-01                 
1.7504560000e-01	7.1619068575e+03	2.5083804422e-03                 	1.6870340677e-03                 	8.2134637453e-04                 	6.7255909004e-01                 	7.7179224782e-01                 
1.7663330000e-01	7.0975307771e+03	2.5084341550e-03                 	1.6893010649e-03                 	8.1913309014e-04                 	6.7344843854e-01                 	7.7019324798e-01                 
1.7948400000e-01	6.9848024504e+03	2.5085298872e-03                 	1.6968384058e-03                 	8.1169148135e-04                 	6.7642742249e-01                 	7.6590404602e-01                 
1.8285630000e-01	6.8559862746e+03	2.5086437723e-03                 	1.7053992184e-03                 	8.0324455383e-04                 	6.7980924087e-01                 	7.6101679821e-01                 
1.8591220000e-01	6.7432921724e+03	2.5087477996e-03                 	1.7130678709e-03                 	7.9567992876e-04                 	6.8283781699e-01                 	7.5664654976e-01                 
1.8861540000e-01	6.6466485929e+03	2.5088383483e-03                 	1.7210225172e-03                 	7.8781583106e-04                 	6.8598382132e-01                 	7.5243116372e-01                 
1.9234410000e-01	6.5177995219e+03	2.5089620147e-03                 	1.7306883026e-03                 	7.7827371213e-04                 	6.8980251293e-01                 	7.4730543660e-01                 
1.9474920000e-01	6.4373064589e+03	2.5090458439e-03                 	1.7377606530e-03                 	7.7128519090e-04                 	6.9259820709e-01                 	7.4350273684e-01                 
1.9821730000e-01	6.3246764183e+03	2.5091771390e-03                 	1.7514730545e-03                 	7.5770408448e-04                 	6.9802686598e-01                 	7.3621491234e-01                 
2.0077040000e-01	6.2442485696e+03	2.5092700382e-03                 	1.7585355276e-03                 	7.5073451061e-04                 	7.0081557617e-01                 	7.3233698395e-01                 
2.0233100000e-01	6.1960860324e+03	2.5093264117e-03                 	1.7593494076e-03                 	7.4997700415e-04                 	7.0112417394e-01                 	7.3137402436e-01                 
2.0444870000e-01	6.1319063560e+03	2.5094127536e-03                 	1.7651525432e-03                 	7.4426021039e-04                 	7.0341259750e-01                 	7.2780751233e-01                 
2.0661240000e-01	6.0676914019e+03	2.5094952601e-03                 	1.7696722608e-03                 	7.3982299930e-04                 	7.0519051737e-01                 	7.2500858308e-01                 
2.0994740000e-01	5.9713065416e+03	2.5096299614e-03                 	1.7824352497e-03                 	7.2719471166e-04                 	7.1023827303e-01                 	7.1830617373e-01                 
2.1397410000e-01	5.8589347169e+03	2.5097747180e-03                 	1.7882551020e-03                 	7.2151961604e-04                 	7.1251618289e-01                 	7.1464481604e-01                 
2.1694990000e-01	5.7785704580e+03	2.5098643829e-03                 	1.7876817064e-03                 	7.2218267655e-04                 	7.1226227143e-01                 	7.1445217088e-01                 
2.2000590000e-01	5.6983030138e+03	2.5099554752e-03                 	1.7857115588e-03                 	7.2424391641e-04                 	7.1145148846e-01                 	7.1471755808e-01                 
2.2314920000e-01	5.6180361974e+03	2.5100489696e-03                 	1.7846118366e-03                 	7.2543713296e-04                 	7.1098686052e-01                 	7.1462033813e-01                 
2.2704050000e-01	5.5217473667e+03	2.5101673056e-03                 	1.7850930334e-03                 	7.2507427221e-04                 	7.1114504176e-01                 	7.1366950514e-01                 
2.3106990000e-01	5.4254590625e+03	2.5102912302e-03                 	1.7872939929e-03                 	7.2299723730e-04                 	7.1198670951e-01                 	7.1199313302e-01                 
2.3383460000e-01	5.3613121540e+03	2.5103748909e-03                 	1.7886581628e-03                 	7.2171672813e-04                 	7.1250639467e-01                 	7.1088207235e-01                 
2.3738430000e-01	5.2811423629e+03	2.5104815990e-03                 	1.7909023665e-03                 	7.1957923251e-04                 	7.1337004310e-01                 	7.0926599065e-01                 
2.4178980000e-01	5.1849179867e+03	2.5106124826e-03                 	1.7942901667e-03                 	7.1632231590e-04                 	7.1468224552e-01                 	7.0710246259e-01                 
2.4634940000e-01	5.0889520454e+03	2.5107453445e-03                 	1.7984847736e-03                 	7.1226057097e-04                 	7.1631508846e-01                 	7.0430822274e-01                 
2.4948950000e-01	5.0249019819e+03	2.5108320066e-03                 	1.8008605826e-03                 	7.0997142404e-04                 	7.1723658844e-01                 	7.0278002310e-01                 
2.5270920000e-01	4.9608810562e+03	2.5109174610e-03                 	1.8032241845e-03                 	7.0769327651e-04                 	7.1815350863e-01                 	7.0125232904e-01                 
2.5517980000e-01	4.9128507939e+03	2.5109776049e-03                 	1.8040716277e-03                 	7.0690597721e-04                 	7.1847380247e-01                 	7.0054822398e-01                 
2.5769920000e-01	4.8648202362e+03	2.5110344598e-03                 	1.8043050551e-03                 	7.0672940474e-04                 	7.1855049541e-01                 	7.0012452592e-01                 
2.6114980000e-01	4.8005408506e+03	2.5111076799e-03                 	1.8021790887e-03                 	7.0892859123e-04                 	7.1768291862e-01                 	7.0087842083e-01                 
2.6469400000e-01	4.7362625636e+03	2.5111745447e-03                 	1.7985659236e-03                 	7.1260862106e-04                 	7.1622497425e-01                 	7.0228613007e-01                 
2.6926280000e-01	4.6558985609e+03	2.5112476801e-03                 	1.7917033789e-03                 	7.1954430120e-04                 	7.1347139236e-01                 	7.0510414663e-01                 
2.7303410000e-01	4.5915886807e+03	2.5113065525e-03                 	1.7861798297e-03                 	7.2512672280e-04                 	7.1125519421e-01                 	7.0741099690e-01                 
2.7790190000e-01	4.5111612516e+03	2.5113566516e-03                 	1.7743922321e-03                 	7.3696441951e-04                 	7.0654728828e-01                 	7.1253952157e-01                 
2.8502020000e-01	4.3984962575e+03	2.5114315728e-03                 	1.7586753849e-03                 	7.5275618786e-04                 	7.0026808772e-01                 	7.1954543643e-01                 
2.9251490000e-01	4.2857997422e+03	2.5115184283e-03                 	1.7453213170e-03                 	7.6619711126e-04                 	6.9492674127e-01                 	7.2561709761e-01                 
2.9926090000e-01	4.1891883738e+03	2.5115968968e-03                 	1.7348709325e-03                 	7.7672596426e-04                 	6.9074417744e-01                 	7.3044364541e-01                 
3.0393380000e-01	4.1247807352e+03	2.5116597738e-03                 	1.7297376638e-03                 	7.8192211003e-04                 	6.8868310980e-01                 	7.3282853945e-01                 
3.0998540000e-01	4.0442559005e+03	2.5117419370e-03                 	1.7236727923e-03                 	7.8806914466e-04                 	6.8624597413e-01                 	7.3567983871e-01                 
3.1500200000e-01	3.9798486455e+03	2.5118212931e-03                 	1.7209214320e-03                 	7.9089986113e-04                 	6.8512892884e-01                 	7.3696099710e-01                 
3.2554950000e-01	3.8509052633e+03	2.5119738042e-03                 	1.7118122464e-03                 	8.0016155777e-04                 	6.8146102621e-01                 	7.4140485192e-01                 
3.3109270000e-01	3.7864328722e+03	2.5120444907e-03                 	1.7068053940e-03                 	8.0523909670e-04                 	6.7944871212e-01                 	7.4386342161e-01                 
3.3829880000e-01	3.7057780962e+03	2.5121380684e-03                 	1.6997385185e-03                 	8.1239954985e-04                 	6.7661031052e-01                 	7.4742210677e-01                 
3.4893140000e-01	3.5928560256e+03	2.5122643648e-03                 	1.6899137301e-03                 	8.2235063464e-04                 	6.7266556571e-01                 	7.5242850807e-01                 
3.5694760000e-01	3.5121689655e+03	2.5123654931e-03                 	1.6835035240e-03                 	8.2886196910e-04                 	6.7008702700e-01                 	7.5577142561e-01                 
3.6534420000e-01	3.4314498027e+03	2.5124896222e-03                 	1.6777690044e-03                 	8.3472061783e-04                 	6.6777151617e-01                 	7.5884347934e-01                 
3.7595740000e-01	3.3345806813e+03	2.5126415250e-03                 	1.6710360736e-03                 	8.4160545130e-04                 	6.6505152329e-01                 	7.6249490786e-01                 
3.8338860000e-01	3.2699466886e+03	2.5127471722e-03                 	1.6653949595e-03                 	8.4735221275e-04                 	6.6277856280e-01                 	7.6560027852e-01                 
3.9113510000e-01	3.2051848147e+03	2.5128763897e-03                 	1.6567573808e-03                 	8.5611900897e-04                 	6.5930715396e-01                 	7.7043577081e-01                 
4.0335410000e-01	3.1080886075e+03	2.5130894691e-03                 	1.6452866709e-03                 	8.6780279820e-04                 	6.5468686696e-01                 	7.7697012531e-01                 
4.3020620000e-01	2.9140916217e+03	2.5135652785e-03                 	1.6279123812e-03                 	8.8565289733e-04                 	6.4765072747e-01                 	7.8713268283e-01                 
4.5546370000e-01	2.7524922030e+03	2.5140153547e-03                 	1.6152526599e-03                 	8.9876269479e-04                 	6.4249912272e-01                 	7.9473627853e-01                 
4.8086260000e-01	2.6071070676e+03	2.5144604040e-03                 	1.6054258186e-03                 	9.0903458542e-04                 	6.3847727171e-01                 	8.0076943941e-01                 
5.1947190000e-01	2.4133360881e+03	2.5151496644e-03                 	1.5945706745e-03                 	9.2057898990e-04                 	6.3398639733e-01                 	8.0760600018e-01                 
5.6479780000e-01	2.2196621216e+03	2.5159535894e-03                 	1.5874397719e-03                 	9.2851381752e-04                 	6.3094954477e-01                 	8.1254128514e-01                 
6.0000000000e-01	2.0894338050e+03	2.5166437203e-03                 	1.5959395667e-03                 	9.2070415359e-04                 	6.3415395427e-01                 	8.1237925125e-01                 
7.0000000000e-01	1.7909432615e+03	2.5234025867e-03                 	1.8415840999e-03                 	6.8181848686e-04                 	7.2980193868e-01                 	7.5648902199e-01                 
8.0000000000e-01	1.5670753538e+03	2.5108438582e-03                 	2.1136429864e-03                 	3.9720087179e-04                 	8.4180582536e-01                 	6.9156886786e-01                 
9.0000000000e-01	1.3929558700e+03	2.5297851931e-03                 	2.2958511872e-03                 	2.3393400596e-04                 	9.0752811480e-01                 	6.6219590958e-01                 
1.0000000000e+00	1.2536602830e+03	2.5232873713e-03                 	2.3731409764e-03                 	1.5014639482e-04                 	9.4049572136e-01                 	6.4567903977e-01                 
1.1000000000e+00	1.1396911664e+03	2.5669676895e-03                 	2.4630309328e-03                 	1.0393675667e-04                 	9.5950990848e-01                 	6.4454212506e-01                 
1.2000000000e+00	1.0447169025e+03	2.5117089764e-03                 	2.4323126316e-03                 	7.9396344794e-05                 	9.6838951266e-01                 	6.2983910793e-01                 
1.3000000000e+00	9.6435406386e+02	2.5624152667e-03                 	2.5004610730e-03                 	6.1954193714e-05                 	9.7582195419e-01                 	6.3586992679e-01                 
1.4000000000e+00	8.9547163073e+02	2.5601156730e-03                 	2.5086264416e-03                 	5.1489231363e-05                 	9.7988792776e-01                 	6.3410945428e-01                 
1.5000000000e+00	8.3577352201e+02	2.4772679858e-03                 	2.4328853941e-03                 	4.4382591669e-05                 	9.8208405715e-01                 	6.2213258640e-01                 
1.6000000000e+00	7.8353767689e+02	2.5664819375e-03                 	2.5266050236e-03                 	3.9876913837e-05                 	9.8446242179e-01                 	6.3265805757e-01                 
1.7000000000e+00	7.3744722530e+02	2.5704829881e-03                 	2.5333858378e-03                 	3.7097150363e-05                 	9.8556802339e-01                 	6.3259507362e-01                 
1.8000000000e+00	6.9647793501e+02	2.5881738486e-03                 	2.5547974436e-03                 	3.3376405005e-05                 	9.8710426464e-01                 	6.3591366809e-01                 
1.9000000000e+00	6.5982120159e+02	2.4961051810e-03                 	2.4646599760e-03                 	3.1445204957e-05                 	9.8740229170e-01                 	6.2286659599e-01                 
2.0000000000e+00	6.2683014151e+02	2.4729886565e-03                 	2.4422004173e-03                 	3.0788239230e-05                 	9.8755018987e-01                 	6.1554482753e-01                 
2.5000000000e+00	5.0146411321e+02	2.4769004805e-03                 	2.4522484176e-03                 	2.4652062856e-05                 	9.9004721302e-01                 	6.1552079992e-01                 
3.0000000000e+00	4.1788676101e+02	2.4773999221e-03                 	2.4569710091e-03                 	2.0428912940e-05                 	9.9175388973e-01                 	6.1551543178e-01                 
4.0000000000e+00	3.1341507075e+02	2.5598649254e-03                 	2.5437666406e-03                 	1.6098284814e-05                 	9.9371127568e-01                 	6.2273109527e-01                 
5.0000000000e+00	2.5073205660e+02	2.5067234186e-03                 	2.4933520015e-03                 	1.3371417139e-05                 	9.9466577883e-01                 	6.1506095861e-01                 
6.0000000000e+00	2.0894338050e+02	2.5659683573e-03                 	2.5548606954e-03                 	1.1107661938e-05                 	9.9567116176e-01                 	6.1455215248e-01                 
7.0000000000e+00	1.7909432615e+02	2.6133875950e-03                 	2.6044168063e-03                 	8.9707887254e-06                 	9.9656737151e-01                 	6.2979476198e-01                 
8.0000000000e+00	1.5670753538e+02	2.6067554667e-03                 	2.5976600514e-03                 	9.0954152919e-06                 	9.9651082911e-01                 	6.1747681090e-01                 
9.0000000000e+00	1.3929558700e+02	2.5106805923e-03                 	2.5038056637e-03                 	6.8749286107e-06                 	9.9726172711e-01                 	6.1749438969e-01                 
1.0000000000e+01	1.2536602830e+02	2.5873203390e-03                 	2.5808861624e-03                 	6.4341766141e-06                 	9.9751318903e-01                 	6.2384602788e-01                 
1.1000000000e+01	1.1396911664e+02	2.6022223103e-03                 	2.5961333129e-03                 	6.0889973608e-06                 	9.9766007795e-01                 	6.2014086201e-01                 
1.2000000000e+01	1.0447169025e+02	2.6444532438e-03                 	2.6391955891e-03                 	5.2576546621e-06                 	9.9801181788e-01                 	6.4532661361e-01                 
1.2130880000e+01	1.0334454574e+02	2.5155838310e-03                 	2.5102695314e-03                 	5.3142996377e-06                 	9.9788744880e-01                 	6.2253412790e-01                 
1.2334810000e+01	1.0163596221e+02	2.5585829500e-03                 	2.5527519592e-03                 	5.8309908009e-06                 	9.9772100772e-01                 	6.2303139780e-01                 
1.2540610000e+01	9.9968046452e+01	2.5782695404e-03                 	2.5723416134e-03                 	5.9279269701e-06                 	9.9770081177e-01                 	6.2397608562e-01                 
1.2748320000e+01	9.8339254350e+01	2.5859748163e-03                 	2.5791008036e-03                 	6.8740127197e-06                 	9.9734180988e-01                 	6.1920532102e-01                 
1.2957940000e+01	9.6748424751e+01	2.5686850895e-03                 	2.5635603121e-03                 	5.1247773357e-06                 	9.9800490245e-01                 	6.1990842787e-01                 
1.3169490000e+01	9.5194292491e+01	2.6695061333e-03                 	2.6647152774e-03                 	4.7908559722e-06                 	9.9820533996e-01                 	6.4817924188e-01                 
1.3382990000e+01	9.3675649688e+01	2.7129111088e-03                 	2.7077218820e-03                 	5.1892267922e-06                 	9.9808721090e-01                 	6.4296253338e-01                 
1.3598460000e+01	9.2191342477e+01	2.5693179399e-03                 	2.5645628925e-03                 	4.7550473981e-06                 	9.9814929584e-01                 	6.2162152660e-01                 
1.3815910000e+01	9.0740333645e+01	2.7426298974e-03                 	2.7362845318e-03                 	6.3453656246e-06                 	9.9768639377e-01                 	6.2973912896e-01                 
1.4035370000e+01	8.9321498686e+01	2.5201923885e-03                 	2.5155694932e-03                 	4.6228952163e-06                 	9.9816565781e-01                 	6.1969221998e-01                 
1.4256850000e+01	8.7933890236e+01	2.6319630142e-03                 	2.6275376292e-03                 	4.4253850517e-06                 	9.9831859907e-01                 	6.4462241070e-01                 
1.4480370000e+01	8.6576536581e+01	2.5191073017e-03                 	2.5133590479e-03                 	5.7482537511e-06                 	9.9771813859e-01                 	6.1812484204e-01                 
1.4705950000e+01	8.5248507102e+01	2.6865678430e-03                 	2.6806182795e-03                 	5.9495634671e-06                 	9.9778544082e-01                 	6.3265156316e-01                 
1.4933610000e+01	8.3948910077e+01	2.7138336282e-03                 	2.7095236961e-03                 	4.3099320571e-06                 	9.9841186578e-01                 	6.6125378499e-01                 
1.5163370000e+01	8.2676890626e+01	2.6106180514e-03                 	2.6063436499e-03                 	4.2744015469e-06                 	9.9836268598e-01                 	6.3829204691e-01                 
1.5395240000e+01	8.1431681677e+01	2.5278884030e-03                 	2.5236028255e-03                 	4.2855775320e-06                 	9.9830468088e-01                 	6.2880495758e-01                 
1.5629250000e+01	8.0212440329e+01	2.5777789581e-03                 	2.5735080924e-03                 	4.2708656861e-06                 	9.9834319941e-01                 	6.3259703436e-01                 
1.5865420000e+01	7.9018411301e+01	2.6540158428e-03                 	2.6498909002e-03                 	4.1249426082e-06                 	9.9844577318e-01                 	6.5094540473e-01                 
1.6103760000e+01	7.7848917459e+01	2.7367574368e-03                 	2.7326319917e-03                 	4.1254451085e-06                 	9.9849257919e-01                 	6.6686156008e-01                 
1.6344300000e+01	7.6703210478e+01	2.7929333030e-03                 	2.7879559684e-03                 	4.9773346858e-06                 	9.9821788273e-01                 	6.5494166186e-01                 
1.6587060000e+01	7.5580620256e+01	2.6872704988e-03                 	2.6831677441e-03                 	4.1027546351e-06                 	9.9847326325e-01                 	6.5888431332e-01                 
1.6832050000e+01	7.4480546518e+01	2.6645987208e-03                 	2.6599916923e-03                 	4.6070285221e-06                 	9.9827102352e-01                 	6.5318702833e-01                 
1.7079300000e+01	7.3402322286e+01	2.6821528179e-03                 	2.6771865070e-03                 	4.9663109081e-06                 	9.9814838630e-01                 	6.5493149645e-01                 
1.7328830000e+01	7.2345350668e+01	2.7238742000e-03                 	2.7193346587e-03                 	4.5395412170e-06                 	9.9833342479e-01                 	6.6651300094e-01                 
1.7580650000e+01	7.1309097389e+01	2.7262397757e-03                 	2.7214498573e-03                 	4.7899184177e-06                 	9.9824303113e-01                 	6.7124378161e-01                 
1.7834800000e+01	7.0292926358e+01	2.6681926214e-03                 	2.6623290958e-03                 	5.8635255884e-06                 	9.9780243542e-01                 	6.7151687546e-01                 
1.8091290000e+01	6.9296345535e+01	2.6297826131e-03                 	2.6243398209e-03                 	5.4427921673e-06                 	9.9793032620e-01                 	6.6707296285e-01                 
1.8350150000e+01	6.8318803008e+01	2.6759899443e-03                 	2.6701199011e-03                 	5.8700431812e-06                 	9.9780640312e-01                 	6.6703935936e-01                 
1.8611390000e+01	6.7359841635e+01	2.7285706778e-03                 	2.7218698338e-03                 	6.7008440536e-06                 	9.9754419260e-01                 	6.7832817236e-01                 
1.8875030000e+01	6.6418982275e+01	2.7542687677e-03                 	2.7466399421e-03                 	7.6288256338e-06                 	9.9723018112e-01                 	6.9301155044e-01                 
1.9141110000e+01	6.5495693981e+01	2.7447930072e-03                 	2.7356893374e-03                 	9.1036697874e-06                 	9.9668329460e-01                 	6.8883978063e-01                 
1.9409630000e+01	6.4589602327e+01	2.6775340575e-03                 	2.6665981285e-03                 	1.0935928984e-05                 	9.9591567138e-01                 	6.8668796087e-01                 
1.9680640000e+01	6.3700178603e+01	2.6408121048e-03                 	2.6267580960e-03                 	1.4054008782e-05                 	9.9467814891e-01                 	6.9233011802e-01                 
1.9954140000e+01	6.2827076638e+01	2.5017525879e-03                 	2.4817911696e-03                 	1.9961418252e-05                 	9.9202102624e-01                 	6.5568204672e-01                 
2.0230160000e+01	6.1969864945e+01	2.5965684567e-03                 	2.5742778412e-03                 	2.2290615551e-05                 	9.9141535610e-01                 	7.1084292504e-01                 
2.0508720000e+01	6.1128158316e+01	2.6184913971e-03                 	2.5869499825e-03                 	3.1541414550e-05                 	9.8795435624e-01                 	7.1343630572e-01                 
2.0674850000e+01	6.0636971152e+01	2.6412780661e-03                 	2.6042910897e-03                 	3.6986976364e-05                 	9.8599656097e-01                 	7.2391134154e-01                 
2.0769230000e+01	6.0361423270e+01	2.7320767352e-03                 	2.6845435010e-03                 	4.7533234188e-05                 	9.8260179387e-01                 	7.0433946586e-01                 
2.0864200000e+01	6.0086669176e+01	2.5246369963e-03                 	2.4773216771e-03                 	4.7315319215e-05                 	9.8125856538e-01                 	7.2500443626e-01                 
2.0959750000e+01	5.9812749819e+01	2.6909597177e-03                 	2.6426183537e-03                 	4.8341363968e-05                 	9.8203564191e-01                 	7.5676416824e-01                 
2.1055900000e+01	5.9539619917e+01	2.6886780146e-03                 	2.6289125999e-03                 	5.9765414661e-05                 	9.7777144964e-01                 	7.3564890947e-01                 
2.1152650000e+01	5.9267291948e+01	2.6439295384e-03                 	2.5666958544e-03                 	7.7233684033e-05                 	9.7078829715e-01                 	7.0821523597e-01                 
2.1250000000e+01	5.8995778024e+01	2.7085648788e-03                 	2.6262562357e-03                 	8.2308643065e-05                 	9.6961171441e-01                 	7.4671421491e-01                 
2.1347960000e+01	5.8725062395e+01	2.5412295863e-03                 	2.4553959322e-03                 	8.5833654108e-05                 	9.6622357359e-01                 	7.5449699154e-01                 
2.1446540000e+01	5.8455129966e+01	2.7058165806e-03                 	2.6112689130e-03                 	9.4547667612e-05                 	9.6505762132e-01                 	7.6856771282e-01                 
2.1545740000e+01	5.8185993288e+01	2.6759088169e-03                 	2.5558958317e-03                 	1.2001298527e-04                 	9.5515056996e-01                 	7.4965422211e-01                 
2.1645570000e+01	5.7917637790e+01	2.6209575660e-03                 	2.4830612103e-03                 	1.3789635570e-04                 	9.4738703232e-01                 	7.4825273176e-01                 
2.1746030000e+01	5.7650076038e+01	2.7040892974e-03                 	2.5581987256e-03                 	1.4589057177e-04                 	9.4604816790e-01                 	7.8176099684e-01                 
2.1847130000e+01	5.7383293962e+01	2.5539496508e-03                 	2.3806189763e-03                 	1.7333067452e-04                 	9.3213230556e-01                 	7.7861090307e-01                 
2.1948880000e+01	5.7117278103e+01	2.7580336013e-03                 	2.5511498491e-03                 	2.0688375215e-04                 	9.2498867597e-01                 	7.9462897239e-01                 
2.2051280000e+01	5.6852041379e+01	2.6140525778e-03                 	2.3814310121e-03                 	2.3262156565e-04                 	9.1101113741e-01                 	7.8395816094e-01                 
2.2154340000e+01	5.6587570788e+01	2.6772913973e-03                 	2.3987453451e-03                 	2.7854605219e-04                 	8.9595975527e-01                 	8.0337389427e-01                 
2.2258060000e+01	5.6323879216e+01	2.6713774903e-03                 	2.3486720648e-03                 	3.2270542544e-04                 	8.7919886777e-01                 	8.1810227800e-01                 
2.2362460000e+01	5.6060929031e+01	2.6239637151e-03                 	2.2556566811e-03                 	3.6830703392e-04                 	8.5963714673e-01                 	8.2039258622e-01                 
2.2467530000e+01	5.5798758609e+01	2.7412867999e-03                 	2.3109296566e-03                 	4.3035714323e-04                 	8.4300907762e-01                 	8.4071558196e-01                 
2.2573290000e+01	5.5537331201e+01	2.5921204263e-03                 	2.0973861783e-03                 	4.9473424792e-04                 	8.0913917312e-01                 	8.4083110371e-01                 
2.2679740000e+01	5.5276660271e+01	2.7525506407e-03                 	2.1846708890e-03                 	5.6787975166e-04                 	7.9368962617e-01                 	8.6903935957e-01                 
2.2786890000e+01	5.5016734755e+01	2.5981704765e-03                 	1.9464150156e-03                 	6.5175546089e-04                 	7.4914830771e-01                 	8.7033310836e-01                 
2.2894740000e+01	5.4757568027e+01	2.6826929972e-03                 	1.4389706963e-03                 	1.2437223009e-03                 	5.3639037259e-01                 	9.5462966044e-01                 
2.3003300000e+01	5.4499149384e+01	2.6703178986e-03                 	1.4088806172e-03                 	1.2614372814e-03                 	5.2760782450e-01                 	9.5904248198e-01                 
2.3112580000e+01	5.4241468629e+01	2.6696675715e-03                 	1.4045400991e-03                 	1.2651274724e-03                 	5.2611048435e-01                 	9.6107977451e-01                 
2.3222590000e+01	5.3984516069e+01	2.6674193744e-03                 	1.4000733304e-03                 	1.2673460440e-03                 	5.2487934361e-01                 	9.6260626327e-01                 
2.3333330000e+01	5.3728305519e+01	2.6646412239e-03                 	1.3968462639e-03                 	1.2677949600e-03                 	5.2421551216e-01                 	9.6349154053e-01                 
2.3444820000e+01	5.3472804782e+01	2.6615236716e-03                 	1.3950411385e-03                 	1.2664825332e-03                 	5.2415131729e-01                 	9.6372469396e-01                 
2.3557050000e+01	5.3218050775e+01	2.6583258208e-03                 	1.3948880863e-03                 	1.2634377345e-03                 	5.2472427399e-01                 	9.6328403691e-01                 
2.3670030000e+01	5.2964034394e+01	2.6554239942e-03                 	1.3966693535e-03                 	1.2587546408e-03                 	5.2596849185e-01                 	9.6212109057e-01                 
2.3783780000e+01	5.2710724831e+01	2.6530405579e-03                 	1.4002488771e-03                 	1.2527916807e-03                 	5.2779022657e-01                 	9.6032543737e-01                 
2.3898310000e+01	5.2458114528e+01	2.6513687245e-03                 	1.4056035387e-03                 	1.2457651858e-03                 	5.3014261114e-01                 	9.5790833852e-01                 
2.4013610000e+01	5.2206239837e+01	2.6504202912e-03                 	1.4124569461e-03                 	1.2379633451e-03                 	5.3291810012e-01                 	9.5495857016e-01                 
2.4129690000e+01	5.1955092793e+01	2.6501837949e-03                 	1.4206409655e-03                 	1.2295428294e-03                 	5.3605375152e-01                 	9.5150838624e-01                 
2.4246580000e+01	5.1704623209e+01	2.6505646517e-03                 	1.4299205719e-03                 	1.2206440798e-03                 	5.3947771881e-01                 	9.4761636788e-01                 
2.4364260000e+01	5.1454888555e+01	2.6514714936e-03                 	1.4401977778e-03                 	1.2112737158e-03                 	5.4316924820e-01                 	9.4328967448e-01                 
2.4482760000e+01	5.1205839661e+01	2.6528776494e-03                 	1.4519351730e-03                 	1.2009424764e-03                 	5.4730574299e-01                 	9.3830346004e-01                 
2.4602080000e+01	5.0957491522e+01	2.6551501485e-03                 	1.4650808995e-03                 	1.1900692491e-03                 	5.5178834247e-01                 	9.3257733176e-01                 
2.4722220000e+01	5.0709858703e+01	2.6578216220e-03                 	1.4779460192e-03                 	1.1798756029e-03                 	5.5607419509e-01                 	9.2682777299e-01                 
2.4843210000e+01	5.0462894409e+01	2.6604906484e-03                 	1.4899965126e-03                 	1.1704941358e-03                 	5.6004576204e-01                 	9.2134926515e-01                 
2.4965030000e+01	5.0216654377e+01	2.6631290291e-03                 	1.5015053879e-03                 	1.1616236412e-03                 	5.6381248204e-01                 	9.1605030961e-01                 
2.5087720000e+01	4.9971072820e+01	2.6657387337e-03                 	1.5126092849e-03                 	1.1531294488e-03                 	5.6742593179e-01                 	9.1088695874e-01                 
2.5211270000e+01	4.9726185274e+01	2.6683128729e-03                 	1.5233484548e-03                 	1.1449644181e-03                 	5.7090323638e-01                 	9.0585558909e-01                 
2.5335690000e+01	4.9481986992e+01	2.6708171472e-03                 	1.5335509561e-03                 	1.1372661911e-03                 	5.7418792511e-01                 	9.0104714256e-01                 
2.5460990000e+01	4.9238473564e+01	2.6731993227e-03                 	1.5436001447e-03                 	1.1295991780e-03                 	5.7743548398e-01                 	8.9633940821e-01                 
2.5587190000e+01	4.8995621755e+01	2.6756325295e-03                 	1.5539387919e-03                 	1.1216937376e-03                 	5.8077436821e-01                 	8.9149718280e-01                 
2.5714290000e+01	4.8753447325e+01	2.6781172774e-03                 	1.5644970354e-03                 	1.1136202420e-03                 	5.8417794044e-01                 	8.8655333430e-01                 
2.5842290000e+01	4.8511965581e+01	2.6806563949e-03                 	1.5752726220e-03                 	1.1053837728e-03                 	5.8764436392e-01                 	8.8151285751e-01                 
2.5971220000e+01	4.8271135627e+01	2.6832567215e-03                 	1.5863073476e-03                 	1.0969493739e-03                 	5.9118731910e-01                 	8.7636216921e-01                 
2.6101080000e+01	4.8030973547e+01	2.6859319040e-03                 	1.5976738700e-03                 	1.0882580340e-03                 	5.9483037065e-01                 	8.7107319112e-01                 
2.6231880000e+01	4.7791476746e+01	2.6887070577e-03                 	1.6095312673e-03                 	1.0791757904e-03                 	5.9862648951e-01                 	8.6558082932e-01                 
2.6363640000e+01	4.7552624866e+01	2.6917062827e-03                 	1.6225892495e-03                 	1.0691170331e-03                 	6.0281066325e-01                 	8.5956835829e-01                 
2.6496350000e+01	4.7314452104e+01	2.6950154747e-03                 	1.6360914705e-03                 	1.0589240042e-03                 	6.0708054773e-01                 	8.5327788951e-01                 
2.6630040000e+01	4.7076920764e+01	2.6983233039e-03                 	1.6486956256e-03                 	1.0496276783e-03                 	6.1100744422e-01                 	8.4736177435e-01                 
2.6764710000e+01	4.6840047324e+01	2.7015073841e-03                 	1.6605700604e-03                 	1.0409373237e-03                 	6.1468277681e-01                 	8.4182349659e-01                 
2.6900370000e+01	4.6603830468e+01	2.7046551459e-03                 	1.6722060091e-03                 	1.0324491369e-03                 	6.1826958294e-01                 	8.3644176728e-01                 
2.7037040000e+01	4.6368251962e+01	2.7078140349e-03                 	1.6838769373e-03                 	1.0239370976e-03                 	6.2185841258e-01                 	8.3109901548e-01                 
2.7174720000e+01	4.6133328440e+01	2.7110976861e-03                 	1.6961881572e-03                 	1.0149095289e-03                 	6.2564627086e-01                 	8.2553301189e-01                 
2.7313430000e+01	4.5899042450e+01	2.7145090018e-03                 	1.7083896964e-03                 	1.0061193054e-03                 	6.2935495712e-01                 	8.1999437590e-01                 
2.7453180000e+01	4.5665394064e+01	2.7178533989e-03                 	1.7199290947e-03                 	9.9792430413e-04                 	6.3282629426e-01                 	8.1477736808e-01                 
2.7593980000e+01	4.5432383549e+01	2.7211504362e-03                 	1.7311925834e-03                 	9.8995785278e-04                 	6.3619877842e-01                 	8.0974392742e-01                 
2.7735850000e+01	4.5199995061e+01	2.7245405553e-03                 	1.7429315476e-03                 	9.8160900769e-04                 	6.3971576574e-01                 	8.0457825500e-01                 
2.7878790000e+01	4.4968245861e+01	2.7280421716e-03                 	1.7546522681e-03                 	9.7338990355e-04                 	6.4319103507e-01                 	7.9941711863e-01                 
2.8022810000e+01	4.4737136747e+01	2.7314520629e-03                 	1.7654636453e-03                 	9.6598841753e-04                 	6.4634619415e-01                 	7.9464418469e-01                 
2.8167940000e+01	4.4506637085e+01	2.7347209011e-03                 	1.7755786744e-03                 	9.5914222669e-04                 	6.4927235305e-01                 	7.9022191014e-01                 
2.8314180000e+01	4.4276764611e+01	2.7379204602e-03                 	1.7853797098e-03                 	9.5254075039e-04                 	6.5209334447e-01                 	7.8598919672e-01                 
2.8461540000e+01	4.4047521076e+01	2.7410455664e-03                 	1.7948361207e-03                 	9.4620944561e-04                 	6.5479981171e-01                 	7.8195385445e-01                 
2.8610040000e+01	4.3818893053e+01	2.7441675542e-03                 	1.8045212719e-03                 	9.3964628232e-04                 	6.5758421679e-01                 	7.7792719971e-01                 
2.8759690000e+01	4.3590883039e+01	2.7474724583e-03                 	1.8152574420e-03                 	9.3221501635e-04                 	6.6070086944e-01                 	7.7358571271e-01                 
2.8910510000e+01	4.3363478646e+01	2.7514064242e-03                 	1.8290493234e-03                 	9.2235710079e-04                 	6.6476886415e-01                 	7.6816229847e-01                 
2.9062500000e+01	4.3136697910e+01	2.7554334750e-03                 	1.8417775803e-03                 	9.1365589473e-04                 	6.6841663825e-01                 	7.6294302176e-01                 
2.9215690000e+01	4.2910514282e+01	2.7591863555e-03                 	1.8532756716e-03                 	9.0591068385e-04                 	6.7167470147e-01                 	7.5826767178e-01                 
2.9370080000e+01	4.2684946143e+01	2.7626283474e-03                 	1.8630774570e-03                 	8.9955089048e-04                 	6.7438584661e-01                 	7.5417997607e-01                 
2.9525690000e+01	4.2459982578e+01	2.7655773993e-03                 	1.8709051179e-03                 	8.9467228141e-04                 	6.7649710992e-01                 	7.5087906604e-01                 
2.9682540000e+01	4.2235613361e+01	2.7684600526e-03                 	1.8789257657e-03                 	8.8953428695e-04                 	6.7868986005e-01                 	7.4766404056e-01                 
2.9840640000e+01	4.2011843011e+01	2.7714763522e-03                 	1.8877078423e-03                 	8.8376850991e-04                 	6.8111995283e-01                 	7.4423417274e-01                 
3.0000000000e+01	4.1788676101e+01	2.7746211621e-03                 	1.8971889905e-03                 	8.7743217161e-04                 	6.8376505464e-01                 	7.4061788679e-01                 
3.0160640000e+01	4.1566103472e+01	2.7781358201e-03                 	1.9084160571e-03                 	8.6971976297e-04                 	6.8694123712e-01                 	7.3646646299e-01                 
3.0322580000e+01	4.1344116596e+01	2.7817713464e-03                 	1.9202084447e-03                 	8.6156290179e-04                 	6.9028263128e-01                 	7.3205017905e-01                 
3.0485830000e+01	4.1122721048e+01	2.7849839121e-03                 	1.9304148931e-03                 	8.5456901904e-04                 	6.9315118291e-01                 	7.2809875707e-01                 
3.0650410000e+01	4.0901909078e+01	2.7879029373e-03                 	1.9397150023e-03                 	8.4818793502e-04                 	6.9576131089e-01                 	7.2451460875e-01                 
3.0816330000e+01	4.0681686723e+01	2.7909216791e-03                 	1.9498345272e-03                 	8.4108715189e-04                 	6.9863462734e-01                 	7.2071566169e-01                 
3.0983610000e+01	4.0462046967e+01	2.7934174427e-03                 	1.9585093061e-03                 	8.3490813652e-04                 	7.0111587199e-01                 	7.1725121200e-01                 
3.1152260000e+01	4.0242996271e+01	2.7954425018e-03                 	1.9656973131e-03                 	8.2974518873e-04                 	7.0317930410e-01                 	7.1430848816e-01                 
3.1322310000e+01	4.0024515530e+01	2.7972420256e-03                 	1.9723897138e-03                 	8.2485231181e-04                 	7.0511943398e-01                 	7.1156944226e-01                 
3.1493780000e+01	3.9806599367e+01	2.7989451440e-03                 	1.9790876555e-03                 	8.1985748849e-04                 	7.0708340238e-01                 	7.0887543888e-01                 
3.1666670000e+01	3.9589267928e+01	2.8006943913e-03                 	1.9863563243e-03                 	8.1433806703e-04                 	7.0923708436e-01                 	7.0605658483e-01                 
3.1841000000e+01	3.9372516033e+01	2.8031460912e-03                 	1.9971100316e-03                 	8.0603605963e-04                 	7.1245306759e-01                 	7.0224130650e-01                 
3.2016810000e+01	3.9156314543e+01	2.8039686774e-03                 	2.0045658353e-03                 	7.9940284209e-04                 	7.1490307701e-01                 	6.9891058654e-01                 
3.2194090000e+01	3.8940696352e+01	2.8036255895e-03                 	2.0074366270e-03                 	7.9618896256e-04                 	7.1601451865e-01                 	6.9699498435e-01                 
3.2372880000e+01	3.8725633401e+01	2.8030906458e-03                 	2.0087623461e-03                 	7.9432829970e-04                 	7.1662411243e-01                 	6.9571928961e-01                 
3.2553190000e+01	3.8511134639e+01	2.8027591830e-03                 	2.0101070845e-03                 	7.9265209857e-04                 	7.1718865346e-01                 	6.9461178195e-01                 
3.2735040000e+01	3.8297197224e+01	2.8032175791e-03                 	2.0137179785e-03                 	7.8949960053e-04                 	7.1835950002e-01                 	6.9305365824e-01                 
3.2918450000e+01	3.8083818740e+01	2.8040036465e-03                 	2.0194153875e-03                 	7.8458825896e-04                 	7.2019000048e-01                 	6.9087442169e-01                 
3.3103450000e+01	3.7870985744e+01	2.8052754367e-03                 	2.0277268576e-03                 	7.7754857908e-04                 	7.2282629759e-01                 	6.8797302184e-01                 
3.3290040000e+01	3.7658719636e+01	2.8060431233e-03                 	2.0363654186e-03                 	7.6967770479e-04                 	7.2570710037e-01                 	6.8477988428e-01                 
3.3478260000e+01	3.7446996439e+01	2.8081366068e-03                 	2.0510797523e-03                 	7.5705685452e-04                 	7.3040597360e-01                 	6.8005145050e-01                 
3.3668120000e+01	3.7235826741e+01	2.8054692001e-03                 	2.0571010108e-03                 	7.4836818930e-04                 	7.3324669211e-01                 	6.7652335398e-01                 
3.3859650000e+01	3.7025199109e+01	2.8051963538e-03                 	2.0650115479e-03                 	7.4018480594e-04                 	7.3613796948e-01                 	6.7344686364e-01                 
3.4052860000e+01	3.6815124574e+01	2.8010727010e-03                 	2.0674250214e-03                 	7.3364767956e-04                 	7.3808331383e-01                 	6.7080203077e-01                 
3.4247790000e+01	3.6605581937e+01	2.7983243650e-03                 	2.0670447765e-03                 	7.3127958857e-04                 	7.3867232916e-01                 	6.6969252569e-01                 
3.4444440000e+01	3.6396593558e+01	2.7961570545e-03                 	2.0689523237e-03                 	7.2720473071e-04                 	7.3992707972e-01                 	6.6807085299e-01                 
3.4642860000e+01	3.6188128896e+01	2.7946258139e-03                 	2.0744083054e-03                 	7.2021750850e-04                 	7.4228481505e-01                 	6.6555515640e-01                 
3.4843050000e+01	3.5980210774e+01	2.7916291922e-03                 	2.0800209362e-03                 	7.1160825595e-04                 	7.4509212830e-01                 	6.6251975184e-01                 
3.5045050000e+01	3.5772820499e+01	2.7876899231e-03                 	2.0832185221e-03                 	7.0447140104e-04                 	7.4729205167e-01                 	6.5998415922e-01                 
3.5248870000e+01	3.5565970853e+01	2.7839148001e-03                 	2.0875105488e-03                 	6.9640425129e-04                 	7.4984713926e-01                 	6.5721565647e-01                 
3.5454550000e+01	3.5359644475e+01	2.7768190147e-03                 	2.0854085062e-03                 	6.9141050856e-04                 	7.5100627556e-01                 	6.5535633199e-01                 
3.5662100000e+01	3.5153854737e+01	2.7718970819e-03                 	2.0792866548e-03                 	6.9261042706e-04                 	7.5013126152e-01                 	6.5548333549e-01                 
3.5871560000e+01	3.4948585537e+01	2.7679718338e-03                 	2.0749874825e-03                 	6.9298435132e-04                 	7.4964183419e-01                 	6.5539361662e-01                 
3.6082950000e+01	3.4743841150e+01	2.7648709510e-03                 	2.0734998804e-03                 	6.9137107057e-04                 	7.4994454251e-01                 	6.5471656635e-01                 
3.6296300000e+01	3.4539616518e+01	2.7612769794e-03                 	2.0745018289e-03                 	6.8677515057e-04                 	7.5128349829e-01                 	6.5312705104e-01                 
3.6511630000e+01	3.4335916611e+01	2.7565172386e-03                 	2.0748770020e-03                 	6.8164023663e-04                 	7.5271686058e-01                 	6.5137665390e-01                 
3.6728970000e+01	3.4132737265e+01	2.7514595677e-03                 	2.0733434020e-03                 	6.7811616567e-04                 	7.5354311085e-01                 	6.5013280484e-01                 
3.6948360000e+01	3.3930065719e+01	2.7461927195e-03                 	2.0702357459e-03                 	6.7595697352e-04                 	7.5385668721e-01                 	6.4931876470e-01                 
3.7169810000e+01	3.3727917442e+01	2.7411218016e-03                 	2.0656256910e-03                 	6.7549611068e-04                 	7.5356946551e-01                 	6.4903916080e-01                 
3.7393360000e+01	3.3526280682e+01	2.7364756108e-03                 	2.0606430316e-03                 	6.7583257917e-04                 	7.5302810063e-01                 	6.4902192505e-01                 
3.7619050000e+01	3.3325144655e+01	2.7316658574e-03                 	2.0560393984e-03                 	6.7562645893e-04                 	7.5266870320e-01                 	6.4885743076e-01                 
3.7846890000e+01	3.3124525767e+01	2.7265184501e-03                 	2.0519774726e-03                 	6.7454097753e-04                 	7.5259988521e-01                 	6.4844391060e-01                 
3.8076920000e+01	3.2924414134e+01	2.7177782474e-03                 	2.0427410900e-03                 	6.7503715742e-04                 	7.5162169391e-01                 	6.4859081945e-01                 
3.8309180000e+01	3.2724800766e+01	2.7135491073e-03                 	2.0175125216e-03                 	6.9603658578e-04                 	7.4349585792e-01                 	6.5525762593e-01                 
3.8543690000e+01	3.2525694427e+01	2.7139421498e-03                 	1.9916889898e-03                 	7.2225316005e-04                 	7.3387304512e-01                 	6.6383161582e-01                 
3.8780490000e+01	3.2327087229e+01	2.7149703274e-03                 	1.9754364644e-03                 	7.3953386293e-04                 	7.2760885986e-01                 	6.6960760489e-01                 
3.9019610000e+01	3.2128980352e+01	2.7157751862e-03                 	1.9635332061e-03                 	7.5224198011e-04                 	7.2301021678e-01                 	6.7391607207e-01                 
3.9261080000e+01	3.1931375373e+01	2.7169356512e-03                 	1.9537963855e-03                 	7.6313926578e-04                 	7.1911765175e-01                 	6.7762779029e-01                 
3.9504950000e+01	3.1734258188e+01	2.7171809863e-03                 	1.9483136525e-03                 	7.6886733388e-04                 	7.1703492047e-01                 	6.7956482589e-01                 
3.9751240000e+01	3.1537639656e+01	2.7165846696e-03                 	1.9422334937e-03                 	7.7435117590e-04                 	7.1495415381e-01                 	6.8148572971e-01                 
4.0000000000e+01	3.1341507075e+01	2.7164993911e-03                 	1.9332253152e-03                 	7.8327407591e-04                 	7.1166050010e-01                 	6.8466863590e-01                 
4.0251260000e+01	3.1145864329e+01	2.7166984882e-03                 	1.9246781438e-03                 	7.9202034440e-04                 	7.0846218385e-01                 	6.8780863012e-01                 
4.0505050000e+01	3.0950715603e+01	2.7172666380e-03                 	1.9161459267e-03                 	8.0112071132e-04                 	7.0517405244e-01                 	6.9109439153e-01                 
4.0761420000e+01	3.0756050280e+01	2.7181549592e-03                 	1.9086451605e-03                 	8.0950979871e-04                 	7.0218408778e-01                 	6.9411672653e-01                 
4.1020410000e+01	3.0561866227e+01	2.7186917881e-03                 	1.9029013985e-03                 	8.1579038958e-04                 	6.9993274223e-01                 	6.9637908883e-01                 
4.1282050000e+01	3.0368169289e+01	2.7194061759e-03                 	1.8960049367e-03                 	8.2340123912e-04                 	6.9721285241e-01                 	6.9916756978e-01                 
4.1546390000e+01	3.0174951013e+01	2.7205294624e-03                 	1.8894524878e-03                 	8.3107697460e-04                 	6.9451645863e-01                 	7.0196608651e-01                 
4.1813470000e+01	2.9982211068e+01	2.7215416544e-03                 	1.8847499904e-03                 	8.3679166400e-04                 	6.9253027502e-01                 	7.0401037065e-01                 
4.2083330000e+01	2.9789949679e+01	2.7224694355e-03                 	1.8803064298e-03                 	8.4216300571e-04                 	6.9066208982e-01                 	7.0593621737e-01                 
4.2356020000e+01	2.9598160616e+01	2.7234503281e-03                 	1.8761023249e-03                 	8.4734800328e-04                 	6.8886966855e-01                 	7.0778987650e-01                 
4.2631580000e+01	2.9406845419e+01	2.7243757529e-03                 	1.8726415246e-03                 	8.5173422831e-04                 	6.8736536163e-01                 	7.0933089545e-01                 
4.2910050000e+01	2.9216006111e+01	2.7251472999e-03                 	1.8696035622e-03                 	8.5554373768e-04                 	6.8605596559e-01                 	7.1065773671e-01                 
4.3191490000e+01	2.9025631739e+01	2.7258649729e-03                 	1.8663810807e-03                 	8.5948389222e-04                 	6.8469315217e-01                 	7.1204875852e-01                 
4.3475940000e+01	2.8835725760e+01	2.7266374045e-03                 	1.8630310902e-03                 	8.6360631426e-04                 	6.8327056878e-01                 	7.1351308762e-01                 
4.3763440000e+01	2.8646292042e+01	2.7274191003e-03                 	1.8599135803e-03                 	8.6750552003e-04                 	6.8193171342e-01                 	7.1488767667e-01                 
4.4054050000e+01	2.8457321926e+01	2.7281962686e-03                 	1.8568789069e-03                 	8.7131736172e-04                 	6.8062511787e-01                 	7.1622999413e-01                 
4.4347830000e+01	2.8268807809e+01	2.7290055070e-03                 	1.8538534691e-03                 	8.7515203790e-04                 	6.7931466769e-01                 	7.1758120524e-01                 
4.4644810000e+01	2.8080761975e+01	2.7298302462e-03                 	1.8509805201e-03                 	8.7884972608e-04                 	6.7805700471e-01                 	7.1887570552e-01                 
4.4945050000e+01	2.7893178070e+01	2.7306627059e-03                 	1.8482029159e-03                 	8.8245978998e-04                 	6.7683310426e-01                 	7.2013466980e-01                 
4.5248620000e+01	2.7706044582e+01	2.7315073564e-03                 	1.8454937856e-03                 	8.8601357079e-04                 	6.7563200270e-01                 	7.2137032026e-01                 
4.5555560000e+01	2.7519369381e+01	2.7323441893e-03                 	1.8428529997e-03                 	8.8949118966e-04                 	6.7445858647e-01                 	7.2257662558e-01                 
4.5865920000e+01	2.7333154617e+01	2.7332320700e-03                 	1.8400711875e-03                 	8.9316088254e-04                 	6.7322171713e-01                 	7.2386018944e-01                 
4.6179780000e+01	2.7147385350e+01	2.7342063103e-03                 	1.8373244082e-03                 	8.9688190208e-04                 	6.7197723935e-01                 	7.2515555048e-01                 
4.6497180000e+01	2.6962071313e+01	2.7352122393e-03                 	1.8348496341e-03                 	9.0036260514e-04                 	6.7082532309e-01                 	7.2634397842e-01                 
4.6818180000e+01	2.6777210968e+01	2.7362431832e-03                 	1.8325190815e-03                 	9.0372410174e-04                 	6.6972083940e-01                 	7.2747784163e-01                 
4.7142860000e+01	2.6592792270e+01	2.7372941369e-03                 	1.8303870981e-03                 	9.0690703878e-04                 	6.6868484225e-01                 	7.2853131575e-01                 
4.7471260000e+01	2.6408826794e+01	2.7383288508e-03                 	1.8284932780e-03                 	9.0983557274e-04                 	6.6774057379e-01                 	7.2947601798e-01                 
4.7803470000e+01	2.6225298770e+01	2.7393600407e-03                 	1.8266840093e-03                 	9.1267603142e-04                 	6.6682874180e-01                 	7.3038207794e-01                 
4.8139530000e+01	2.6042221081e+01	2.7403955042e-03                 	1.8250023804e-03                 	9.1539312384e-04                 	6.6596313473e-01                 	7.3123243163e-01                 
4.8479530000e+01	2.5859579972e+01	2.7414087572e-03                 	1.8235002675e-03                 	9.1790848977e-04                 	6.6516905319e-01                 	7.3199632107e-01                 
4.8823530000e+01	2.5677378981e+01	2.7423829883e-03                 	1.8220789822e-03                 	9.2030400607e-04                 	6.6441448550e-01                 	7.3271212397e-01                 
4.9171600000e+01	2.5495617043e+01	2.7433563853e-03                 	1.8205738460e-03                 	9.2278253928e-04                 	6.6363009041e-01                 	7.3346321554e-01                 
4.9523810000e+01	2.5314293933e+01	2.7443597944e-03                 	1.8190460744e-03                 	9.2531371996e-04                 	6.6283075497e-01                 	7.3423128753e-01                 
4.9880240000e+01	2.5133405192e+01	2.7453707857e-03                 	1.8176296953e-03                 	9.2774109047e-04                 	6.6207075005e-01                 	7.3495052301e-01                 
5.0240960000e+01	2.4952952392e+01	2.7463784623e-03                 	1.8162728278e-03                 	9.3010563457e-04                 	6.6133377198e-01                 	7.3564061026e-01                 
5.0606060000e+01	2.4772928045e+01	2.7473750561e-03                 	1.8149604149e-03                 	9.3241464115e-04                 	6.6061618013e-01                 	7.3630592482e-01                 
5.0975610000e+01	2.4593335578e+01	2.7483623216e-03                 	1.8136269862e-03                 	9.3473533540e-04                 	6.5989370176e-01                 	7.3697608276e-01                 
5.1349690000e+01	2.4414174322e+01	2.7493470128e-03                 	1.8122092453e-03                 	9.3713776753e-04                 	6.5914169323e-01                 	7.3768129381e-01                 
5.1728400000e+01	2.4235435138e+01	2.7503834678e-03                 	1.8105730580e-03                 	9.3981040982e-04                 	6.5829840791e-01                 	7.3849675108e-01                 
5.2111800000e+01	2.4057128770e+01	2.7515374988e-03                 	1.8088137827e-03                 	9.4272371608e-04                 	6.5738292991e-01                 	7.3939816665e-01                 
5.2500000000e+01	2.3879243486e+01	2.7527738782e-03                 	1.8073182132e-03                 	9.4545566504e-04                 	6.5654437783e-01                 	7.4020192473e-01                 
5.2893080000e+01	2.3701782596e+01	2.7539986965e-03                 	1.8062449862e-03                 	9.4775371022e-04                 	6.5586268743e-01                 	7.4081006952e-01                 
5.3291140000e+01	2.3524741318e+01	2.7551282804e-03                 	1.8054809146e-03                 	9.4964736573e-04                 	6.5531646113e-01                 	7.4125006379e-01                 
5.3694270000e+01	2.3348120442e+01	2.7561571000e-03                 	1.8046473708e-03                 	9.5150972920e-04                 	6.5476941456e-01                 	7.4169092210e-01                 
5.4102560000e+01	2.3171921680e+01	2.7572364626e-03                 	1.8033181461e-03                 	9.5391831647e-04                 	6.5403100916e-01                 	7.4236647179e-01                 
5.4516130000e+01	2.2996134961e+01	2.7584408603e-03                 	1.8018436196e-03                 	9.5659724070e-04                 	6.5321089371e-01                 	7.4313909469e-01                 
5.4935060000e+01	2.2820768431e+01	2.7597073107e-03                 	1.8006011784e-03                 	9.5910613236e-04                 	6.5246092271e-01                 	7.4382093332e-01                 
5.5359480000e+01	2.2645810311e+01	2.7609760477e-03                 	1.7995739987e-03                 	9.6140204894e-04                 	6.5178906577e-01                 	7.4440296915e-01                 
5.5789470000e+01	2.2471270708e+01	2.7622343108e-03                 	1.7986515787e-03                 	9.6358273212e-04                 	6.5115822059e-01                 	7.4493119163e-01                 
5.6225170000e+01	2.2297136372e+01	2.7634861840e-03                 	1.7977817883e-03                 	9.6570439571e-04                 	6.5054849875e-01                 	7.4543004333e-01                 
5.6666670000e+01	2.2123415458e+01	2.7647435423e-03                 	1.7969332954e-03                 	9.6781024695e-04                 	6.4994574284e-01                 	7.4591749066e-01                 
5.7114090000e+01	2.1950105184e+01	2.7660106936e-03                 	1.7961146818e-03                 	9.6989601187e-04                 	6.4935203826e-01                 	7.4639117334e-01                 
5.7567570000e+01	2.1777196484e+01	2.7672847480e-03                 	1.7953118472e-03                 	9.7197290079e-04                 	6.4876296106e-01                 	7.4685557299e-01                 
5.8027210000e+01	2.1604696883e+01	2.7685717262e-03                 	1.7944934340e-03                 	9.7407829217e-04                 	6.4816577336e-01                 	7.4732505511e-01                 
5.8493150000e+01	2.1432599937e+01	2.7698887420e-03                 	1.7936830966e-03                 	9.7620564536e-04                 	6.4756503373e-01                 	7.4779484955e-01                 
5.8965520000e+01	2.1260904390e+01	2.7712380388e-03                 	1.7929657999e-03                 	9.7827223892e-04                 	6.4699090254e-01                 	7.4823002674e-01                 
5.9444440000e+01	2.1089613814e+01	2.7726012989e-03                 	1.7923591358e-03                 	9.8024216306e-04                 	6.4645397683e-01                 	7.4861597913e-01                 
5.9930070000e+01	2.0918718817e+01	2.7739413342e-03                 	1.7918657826e-03                 	9.8207555161e-04                 	6.4596383510e-01                 	7.4893604263e-01                 
6.0422540000e+01	2.0748222154e+01	2.7752225356e-03                 	1.7914586554e-03                 	9.8376388023e-04                 	6.4551892051e-01                 	7.4919170629e-01                 
6.0921990000e+01	2.0578124303e+01	2.7764714430e-03                 	1.7909727638e-03                 	9.8549867921e-04                 	6.4505355108e-01                 	7.4947052378e-01                 
6.1428570000e+01	2.0408423687e+01	2.7777661156e-03                 	1.7903381773e-03                 	9.8742793827e-04                 	6.4452444979e-01                 	7.4983645572e-01                 
6.1942450000e+01	2.0239113613e+01	2.7791388610e-03                 	1.7895916659e-03                 	9.8954719513e-04                 	6.4393747682e-01                 	7.5028281916e-01                 
6.2463770000e+01	2.0070198821e+01	2.7805408373e-03                 	1.7885974553e-03                 	9.9194338195e-04                 	6.4325523702e-01                 	7.5082531098e-01                 
6.2992700000e+01	1.9901675639e+01	2.7819019910e-03                 	1.7875419566e-03                 	9.9436003438e-04                 	6.4256108317e-01                 	7.5134075723e-01                 
6.3529410000e+01	1.9733542040e+01	2.7833611581e-03                 	1.7867425290e-03                 	9.9661862907e-04                 	6.4193700620e-01                 	7.5178396561e-01                 
6.4074070000e+01	1.9565797569e+01	2.7850323838e-03                 	1.7862278111e-03                 	9.9880457269e-04                 	6.4136698069e-01                 	7.5221464000e-01                 
6.4626870000e+01	1.9398437260e+01	2.7867492703e-03                 	1.7858044182e-03                 	1.0009448522e-03                 	6.4081991056e-01                 	7.5262234409e-01                 
6.5187970000e+01	1.9231466834e+01	2.7882237482e-03                 	1.7851597983e-03                 	1.0030639499e-03                 	6.4024983628e-01                 	7.5297331472e-01                 
6.5757580000e+01	1.9064878650e+01	2.7894487344e-03                 	1.7842698745e-03                 	1.0051788599e-03                 	6.3964963846e-01                 	7.5327942893e-01                 
6.6335880000e+01	1.8898675694e+01	2.7908567293e-03                 	1.7835580730e-03                 	1.0072986563e-03                 	6.3907188580e-01                 	7.5360258742e-01                 
6.6923080000e+01	1.8732853942e+01	2.7927869112e-03                 	1.7833824515e-03                 	1.0094044597e-03                 	6.3856731939e-01                 	7.5397762126e-01                 
6.7519380000e+01	1.8567414023e+01	2.7949336153e-03                 	1.7834589400e-03                 	1.0114746752e-03                 	6.3810422198e-01                 	7.5435206509e-01                 
6.8125000000e+01	1.8402352778e+01	2.7966272167e-03                 	1.7831230288e-03                 	1.0135041879e-03                 	6.3759768129e-01                 	7.5463821089e-01                 
6.8740160000e+01	1.8237668970e+01	2.7976730531e-03                 	1.7821392734e-03                 	1.0155337797e-03                 	6.3700769873e-01                 	7.5481047742e-01                 
6.9365080000e+01	1.8073363182e+01	2.7986214494e-03                 	1.7810978743e-03                 	1.0175235751e-03                 	6.3641971825e-01                 	7.5494773028e-01                 
7.0000000000e+01	1.7909432615e+01	2.8003989519e-03                 	1.7808829594e-03                 	1.0195159925e-03                 	6.3593901797e-01                 	7.5519548868e-01                 
7.0645160000e+01	1.7745876476e+01	2.8031066220e-03                 	1.7816161003e-03                 	1.0214905217e-03                 	6.3558627643e-01                 	7.5555273994e-01                 
7.1300810000e+01	1.7582693423e+01	2.8058329221e-03                 	1.7823345107e-03                 	1.0234984115e-03                 	6.3522474792e-01                 	7.5590878634e-01                 
7.1967210000e+01	1.7419881680e+01	2.8073336095e-03                 	1.7819210865e-03                 	1.0254125230e-03                 	6.3473791661e-01                 	7.5605285960e-01                 
7.2644630000e+01	1.7257439167e+01	2.8076405557e-03                 	1.7802728903e-03                 	1.0273676654e-03                 	6.3408148408e-01                 	7.5602313908e-01                 
7.3333330000e+01	1.7095368273e+01	2.8079366319e-03                 	1.7786256324e-03                 	1.0293109994e-03                 	6.3342798134e-01                 	7.5595187431e-01                 
7.4033610000e+01	1.6933664089e+01	2.8098538816e-03                 	1.7786717323e-03                 	1.0311821493e-03                 	6.3301218045e-01                 	7.5609301520e-01                 
7.4745760000e+01	1.6772326390e+01	2.8138532196e-03                 	1.7807018930e-03                 	1.0331513265e-03                 	6.3283396612e-01                 	7.5654365941e-01                 
7.5470090000e+01	1.6611352696e+01	2.8179854739e-03                 	1.7829630573e-03                 	1.0350224166e-03                 	6.3270839180e-01                 	7.5696832879e-01                 
7.6206900000e+01	1.6450745051e+01	2.8200559180e-03                 	1.7829242681e-03                 	1.0371316499e-03                 	6.3223011172e-01                 	7.5719782377e-01                 
7.6956520000e+01	1.6290501221e+01	2.8188133401e-03                 	1.7799071092e-03                 	1.0389062309e-03                 	6.3143844393e-01                 	7.5685600083e-01                 
7.7719300000e+01	1.6130617273e+01	2.8172293808e-03                 	1.7761741499e-03                 	1.0410552308e-03                 	6.3046841768e-01                 	7.5650136357e-01                 
7.8495580000e+01	1.5971093952e+01	2.8182421603e-03                 	1.7753181049e-03                 	1.0429240554e-03                 	6.2993809755e-01                 	7.5639399579e-01                 
7.9285710000e+01	1.5811932352e+01	2.8236853791e-03                 	1.7791804920e-03                 	1.0445048871e-03                 	6.3009161899e-01                 	7.5675982573e-01                 
8.0090090000e+01	1.5653126161e+01	2.8314914401e-03                 	1.7848630715e-03                 	1.0466283685e-03                 	6.3036145767e-01                 	7.5767419182e-01                 
8.0909090000e+01	1.5494677829e+01	2.8356908385e-03                 	1.7877717270e-03                 	1.0479191115e-03                 	6.3045368088e-01                 	7.5776173117e-01                 
8.1743120000e+01	1.5336584694e+01	2.8348261020e-03                 	1.7845946500e-03                 	1.0502314521e-03                 	6.2952526388e-01                 	7.5755575448e-01                 
8.2592590000e+01	1.5178846952e+01	2.8286053180e-03                 	1.7770750327e-03                 	1.0515302854e-03                 	6.2825132278e-01                 	7.5643749509e-01                 
8.3457940000e+01	1.5021462104e+01	2.8255596677e-03                 	1.7722093905e-03                 	1.0533502772e-03                 	6.2720650027e-01                 	7.5544575177e-01                 
8.4339620000e+01	1.4864428877e+01	2.8294887183e-03                 	1.7738852466e-03                 	1.0556034717e-03                 	6.2692783862e-01                 	7.5593606403e-01                 
8.5238100000e+01	1.4707745515e+01	2.8395685839e-03                 	1.7841001450e-03                 	1.0554684390e-03                 	6.2829971956e-01                 	7.5611587511e-01                 
8.6153850000e+01	1.4551413350e+01	2.8540293246e-03                 	1.7961184135e-03                 	1.0579109111e-03                 	6.2932724554e-01                 	7.5760069175e-01                 
8.7087380000e+01	1.4395430004e+01	2.8573510242e-03                 	1.7993715087e-03                 	1.0579795156e-03                 	6.2973414656e-01                 	7.5741501041e-01                 
8.8039220000e+01	1.4239793163e+01	2.8523736155e-03                 	1.7942913410e-03                 	1.0580822745e-03                 	6.2905200471e-01                 	7.5500094734e-01                 
8.9009900000e+01	1.4084503892e+01	2.8383115520e-03                 	1.7780181506e-03                 	1.0602934014e-03                 	6.2643515979e-01                 	7.5370683210e-01                 
9.0000000000e+01	1.3929558700e+01	2.8282968056e-03                 	1.7705344176e-03                 	1.0577623880e-03                 	6.2600728965e-01                 	7.5030969656e-01                 
9.1010100000e+01	1.3774957758e+01	2.8378033184e-03                 	1.7769163233e-03                 	1.0608869951e-03                 	6.2615908291e-01                 	7.5052269153e-01                 
9.2040800000e+01	1.3620701722e+01	2.8559230072e-03                 	1.7975849017e-03                 	1.0583381055e-03                 	6.2942344636e-01                 	7.5347346144e-01                 
9.3092800000e+01	1.3466780277e+01	2.8823900546e-03                 	1.8273993760e-03                 	1.0549906787e-03                 	6.3398753858e-01                 	7.5169132791e-01                 
9.4166700000e+01	1.3313201833e+01	2.8960676678e-03                 	1.8384671337e-03                 	1.0576005341e-03                 	6.3481497830e-01                 	7.5434517399e-01                 
9.5263200000e+01	1.3159964005e+01	2.8706004843e-03                 	1.8227962499e-03                 	1.0478042344e-03                 	6.3498778736e-01                 	7.4720023283e-01                 
9.6383000000e+01	1.3007068498e+01	2.8537953082e-03                 	1.8082525562e-03                 	1.0455427520e-03                 	6.3363078319e-01                 	7.3808947701e-01                 
9.7526900000e+01	1.2854507659e+01	2.8150923549e-03                 	1.7745430729e-03                 	1.0405492820e-03                 	6.3036762181e-01                 	7.3689597890e-01                 
9.8695700000e+01	1.2702278651e+01	2.8324855494e-03                 	1.8082138112e-03                 	1.0242717383e-03                 	6.3838412575e-01                 	7.2700651234e-01                 
9.9890100000e+01	1.2550395715e+01	2.8805642543e-03                 	1.8530560279e-03                 	1.0275082264e-03                 	6.4329619626e-01                 	7.3415423103e-01                 
1.0111110000e+02	1.2398839326e+01	2.9145672823e-03                 	1.9023966533e-03                 	1.0121706290e-03                 	6.5272010183e-01                 	7.4225990957e-01                 
1.0235960000e+02	1.2247608266e+01	2.9578965202e-03                 	1.9478323310e-03                 	1.0100641892e-03                 	6.5851943017e-01                 	7.2887426597e-01                 
1.0363640000e+02	1.2096717785e+01	2.9112816610e-03                 	1.9038124207e-03                 	1.0074692403e-03                 	6.5394305408e-01                 	7.3501313658e-01                 
1.0494250000e+02	1.1946163690e+01	2.8496323785e-03                 	1.8593472962e-03                 	9.9028508225e-04                 	6.5248672435e-01                 	7.1395959786e-01                 
1.0627910000e+02	1.1795924909e+01	2.8341058900e-03                 	1.8447673394e-03                 	9.8933855063e-04                 	6.5091687149e-01                 	6.9552604768e-01                 
1.0764710000e+02	1.1646020032e+01	2.7940410975e-03                 	1.8105327352e-03                 	9.8350836223e-04                 	6.4799788982e-01                 	7.0912908441e-01                 
1.0904760000e+02	1.1496450018e+01	2.8802719928e-03                 	1.9127176804e-03                 	9.6755431236e-04                 	6.6407536692e-01                 	7.0035771290e-01                 
1.1048190000e+02	1.1347200609e+01	2.9462847030e-03                 	1.9775959257e-03                 	9.6868877727e-04                 	6.7121684599e-01                 	7.0628590477e-01                 
1.1195120000e+02	1.1198274632e+01	2.9843746080e-03                 	2.0306129965e-03                 	9.5376161155e-04                 	6.8041491541e-01                 	7.3372116553e-01                 
1.1345680000e+02	1.1049670738e+01	2.9996861846e-03                 	2.0433895900e-03                 	9.5629659462e-04                 	6.8120112046e-01                 	6.9904511456e-01                 
1.1500000000e+02	1.0901393765e+01	2.9388943971e-03                 	2.0022476158e-03                 	9.3664678129e-04                 	6.8129280787e-01                 	7.0131154096e-01                 
1.1658230000e+02	1.0753435839e+01	2.7955597620e-03                 	1.8575862871e-03                 	9.3797347483e-04                 	6.6447740177e-01                 	6.8928250180e-01                 
1.1820510000e+02	1.0605805359e+01	2.8750060690e-03                 	1.9560832445e-03                 	9.1892282458e-04                 	6.8037534443e-01                 	6.5378861103e-01                 
1.1987010000e+02	1.0458490341e+01	2.7576601248e-03                 	1.8513179275e-03                 	9.0634219735e-04                 	6.7133651127e-01                 	6.5691893827e-01                 
1.2157890000e+02	1.0311495523e+01	2.9369934447e-03                 	2.0416865998e-03                 	8.9530684496e-04                 	6.9516212351e-01                 	6.9173762691e-01                 
1.2333330000e+02	1.0164815853e+01	2.9826923442e-03                 	2.0863014403e-03                 	8.9639090386e-04                 	6.9946920419e-01                 	6.5231993179e-01                 
1.2513510000e+02	1.0018454319e+01	3.0716504144e-03                 	2.2026366492e-03                 	8.6901376519e-04                 	7.1708572007e-01                 	6.9867895541e-01                 
1.2698630000e+02	9.8724057872e+00	3.0097787970e-03                 	2.1268765076e-03                 	8.8290228938e-04                 	7.0665542257e-01                 	6.9412857147e-01                 
1.2888890000e+02	9.7266737711e+00	3.0582898980e-03                 	2.1972408535e-03                 	8.6104904451e-04                 	7.1845407949e-01                 	6.4798368500e-01                 
1.3084510000e+02	9.5812551102e+00	2.7989154571e-03                 	1.9774841446e-03                 	8.2143131250e-04                 	7.0651799774e-01                 	6.5970775049e-01                 
1.3285710000e+02	9.4361557118e+00	2.8049381549e-03                 	1.9436430617e-03                 	8.6129509319e-04                 	6.9293615559e-01                 	6.3837012479e-01                 
1.3492750000e+02	9.2913622725e+00	2.8436767193e-03                 	2.0294503955e-03                 	8.1422632387e-04                 	7.1367127693e-01                 	5.8932547683e-01                 
1.3705880000e+02	9.1468791717e+00	2.7889675649e-03                 	1.9736077190e-03                 	8.1535984590e-04                 	7.0764814330e-01                 	6.2268733684e-01                 
1.3925370000e+02	9.0027071670e+00	3.1486805876e-03                 	2.3472409759e-03                 	8.0143961169e-04                 	7.4546811294e-01                 	6.7287892644e-01                 
1.4151520000e+02	8.8588383652e+00	3.0457258472e-03                 	2.2724554365e-03                 	7.7327041073e-04                 	7.4611293021e-01                 	6.0128457180e-01                 
1.4384620000e+02	8.7152825936e+00	3.1840440135e-03                 	2.4380417086e-03                 	7.4600230492e-04                 	7.6570603241e-01                 	6.6183295731e-01                 
1.4625000000e+02	8.5720361232e+00	3.0076455812e-03                 	2.2155492912e-03                 	7.9209628999e-04                 	7.3663908575e-01                 	6.5045148778e-01                 
1.4873020000e+02	8.4290902790e+00	3.0437850114e-03                 	2.3152249010e-03                 	7.2856011041e-04                 	7.6064008868e-01                 	5.8828235183e-01                 
1.5129030000e+02	8.2864551331e+00	2.7379865354e-03                 	2.0638027604e-03                 	6.7418377496e-04                 	7.5376658495e-01                 	5.9337320078e-01                 
1.5393440000e+02	8.1441203722e+00	2.7765819975e-03                 	1.9911292018e-03                 	7.8545279574e-04                 	7.1711521704e-01                 	5.9216665211e-01                 
1.5666670000e+02	8.0020852103e+00	2.8943816586e-03                 	2.2007577667e-03                 	6.9362389190e-04                 	7.6035506933e-01                 	5.5329954692e-01                 
1.5949150000e+02	7.8603579690e+00	2.7950581294e-03                 	2.1133506994e-03                 	6.8170742998e-04                 	7.5610259307e-01                 	5.5785238814e-01                 
1.6241380000e+02	7.7189271048e+00	3.3992601859e-03                 	2.6950771405e-03                 	7.0418304540e-04                 	7.9284226364e-01                 	6.6757145004e-01                 
1.6543860000e+02	7.5777979445e+00	3.0796221941e-03                 	2.4082801933e-03                 	6.7134200082e-04                 	7.8200507773e-01                 	5.6234135406e-01                 
1.6857140000e+02	7.4369690411e+00	3.2772470303e-03                 	2.6394245366e-03                 	6.3782249371e-04                 	8.0537857299e-01                 	5.6620386924e-01                 
1.7181820000e+02	7.2964347375e+00	3.1814593172e-03                 	2.5410013664e-03                 	6.4045795078e-04                 	7.9869051057e-01                 	6.4339019895e-01                 
1.7518520000e+02	7.1561997419e+00	2.9205122027e-03                 	2.2943523744e-03                 	6.2615982830e-04                 	7.8559931107e-01                 	5.2031106553e-01                 
1.7867920000e+02	7.0162631298e+00	2.8230074669e-03                 	2.3076214599e-03                 	5.1538600699e-04                 	8.1743370748e-01                 	4.7360117983e-01                 
1.8230770000e+02	6.8766172960e+00	2.5419728668e-03                 	1.8935830852e-03                 	6.4838978159e-04                 	7.4492655289e-01                 	5.2245699470e-01                 
1.8607840000e+02	6.7372692533e+00	3.1202783722e-03                 	2.5269355701e-03                 	5.9334280208e-04                 	8.0984299114e-01                 	5.7341073369e-01                 
1.9000000000e+02	6.5982120159e+00	2.7203634207e-03                 	2.2691141833e-03                 	4.5124923739e-04                 	8.3412170816e-01                 	4.7793448943e-01                 
