Layer	    Height	  log(P)	      cp	   lapse	nClouds	isconv	Conv_Region	  Pot_Temp	Temp_center
1	 11.978823	7.198020	36.104471	0.230289	0	0	0	0.000000e+00	1987.309148
2	 23.973407	7.095009	36.061144	0.230566	0	0	0	0.000000e+00	1987.653207
3	 35.947273	6.991999	36.016649	0.230851	0	0	0	0.000000e+00	1982.406971
4	 47.845320	6.888989	35.966128	0.231175	0	0	0	0.000000e+00	1968.550166
5	 59.647423	6.785978	35.916439	0.231495	0	0	0	0.000000e+00	1951.719463
6	 71.339492	6.682968	35.866627	0.231816	0	0	0	0.000000e+00	1932.794234
7	 82.907703	6.579958	35.815283	0.232149	0	0	0	0.000000e+00	1911.761687
8	 94.345460	6.476948	35.763570	0.232484	0	0	0	0.000000e+00	1889.767810
9	105.652597	6.373937	35.712963	0.232814	0	0	0	0.000000e+00	1867.848905
10	116.833231	6.270927	35.664284	0.233132	0	0	0	0.000000e+00	1846.681885
11	127.891161	6.167917	35.617425	0.233438	0	0	0	0.000000e+00	1826.211814
12	138.829861	6.064906	35.571905	0.233737	0	0	0	0.000000e+00	1806.360422
13	149.651794	5.961896	35.527167	0.234031	0	0	0	0.000000e+00	1786.949636
14	160.357167	5.858886	35.482543	0.234326	0	0	0	0.000000e+00	1767.612379
15	170.943826	5.755875	35.436699	0.234629	0	0	0	0.000000e+00	1747.938866
16	181.407298	5.652865	35.388779	0.234947	0	0	0	0.000000e+00	1727.552229
17	191.739712	5.549855	35.336955	0.235291	0	0	0	0.000000e+00	1705.873043
18	201.928877	5.446845	35.279470	0.235675	0	0	0	0.000000e+00	1682.200216
19	211.959942	5.343834	35.214567	0.236109	0	0	0	0.000000e+00	1656.079014
20	221.819350	5.240824	35.142076	0.236596	0	0	0	0.000000e+00	1627.724304
21	231.498717	5.137814	35.063916	0.237123	0	0	0	0.000000e+00	1597.996356
22	240.997521	5.034803	34.982876	0.237673	0	0	0	0.000000e+00	1568.181880
23	250.323633	4.931793	34.902815	0.238218	0	0	0	0.000000e+00	1539.669268
24	259.484916	4.828783	34.823814	0.238758	0	0	0	0.000000e+00	1512.451866
25	268.485329	4.725772	34.744345	0.239304	0	0	0	0.000000e+00	1485.895697
26	277.328436	4.622762	34.663734	0.239861	0	0	0	0.000000e+00	1459.914313
27	286.015152	4.519752	34.581275	0.240433	0	0	0	0.000000e+00	1434.099797
28	294.542926	4.416742	34.494504	0.241038	0	0	0	0.000000e+00	1407.856691
29	302.904671	4.313731	34.400663	0.241695	0	0	0	0.000000e+00	1380.448836
30	311.090465	4.210721	34.297093	0.242425	0	0	0	0.000000e+00	1351.399346
31	319.094902	4.107711	34.185985	0.243213	0	0	0	0.000000e+00	1321.462042
32	326.932773	4.004700	34.061499	0.244102	0	0	0	0.000000e+00	1293.956837
33	334.632532	3.901690	33.984222	0.244657	0	0	0	0.000000e+00	1271.158965
34	342.202768	3.798680	33.907112	0.245213	0	0	0	0.000000e+00	1249.780613
35	349.640057	3.695669	33.823332	0.245821	0	0	0	0.000000e+00	1227.833287
36	356.948146	3.592659	33.737729	0.246444	0	0	0	0.000000e+00	1206.503185
37	364.132210	3.489649	33.651762	0.247074	0	0	0	0.000000e+00	1186.023679
38	371.198521	3.386639	33.567066	0.247697	0	0	0	0.000000e+00	1166.586592
39	378.154987	3.283628	33.485068	0.248304	0	0	0	0.000000e+00	1148.445778
40	385.010225	3.180618	33.407530	0.248880	0	0	0	0.000000e+00	1131.737658
41	391.774694	3.077608	33.335999	0.249414	0	0	0	0.000000e+00	1116.748877
42	398.463093	2.974597	33.275062	0.249871	0	0	0	0.000000e+00	1104.192158
43	405.082001	2.871587	33.218325	0.250298	0	0	0	0.000000e+00	1092.719962
44	411.626225	2.768577	33.156454	0.250765	0	0	0	0.000000e+00	1080.391277
45	418.091844	2.665566	33.089891	0.251269	0	0	0	0.000000e+00	1067.405780
46	424.477383	2.562556	33.021353	0.251791	0	0	0	0.000000e+00	1054.182788
47	430.781901	2.459546	32.951166	0.252327	0	0	0	0.000000e+00	1040.814120
48	437.006329	2.356536	32.880393	0.252870	0	0	0	0.000000e+00	1027.584533
49	443.154059	2.253525	32.812168	0.253396	0	0	0	0.000000e+00	1014.930829
50	449.234714	2.150515	32.751648	0.253864	0	0	0	0.000000e+00	1003.855756
51	455.263795	2.047505	32.704218	0.254232	0	0	0	0.000000e+00	995.341816
52	461.250843	1.944494	32.665611	0.254533	0	0	0	0.000000e+00	988.403345
53	467.192063	1.841484	32.622784	0.254867	0	0	0	0.000000e+00	980.826580
54	473.081517	1.738474	32.574847	0.255242	0	0	0	0.000000e+00	972.286363
55	478.918026	1.635463	32.525248	0.255631	0	0	0	0.000000e+00	963.549817
56	484.701491	1.532453	32.475082	0.256026	0	0	0	0.000000e+00	954.789172
57	490.432734	1.429443	32.425723	0.256416	0	0	0	0.000000e+00	946.174593
58	496.113428	1.326433	32.377207	0.256800	0	0	0	0.000000e+00	937.825795
59	501.745963	1.223422	32.330853	0.257168	0	0	0	0.000000e+00	929.875419
60	507.334106	1.120412	32.288021	0.257509	0	0	0	0.000000e+00	922.548547
61	512.883038	1.017402	32.250137	0.257812	0	0	0	0.000000e+00	916.078562
62	518.396880	0.914391	32.215437	0.258090	0	0	0	0.000000e+00	910.276164
63	523.877532	0.811381	32.183158	0.258349	0	0	0	0.000000e+00	904.799165
64	529.327800	0.708371	32.153510	0.258587	0	0	0	0.000000e+00	899.785824
65	534.752122	0.605360	32.127800	0.258794	0	0	0	0.000000e+00	895.498106
66	540.155412	0.502350	32.107060	0.258961	0	0	0	0.000000e+00	892.023847
67	545.542875	0.399340	32.091597	0.259086	0	0	0	0.000000e+00	889.414975
68	550.919772	0.296330	32.081160	0.259170	0	0	0	0.000000e+00	887.669396
69	556.290985	0.193319	32.075530	0.259215	0	0	0	0.000000e+00	886.729260
70	561.660721	0.090309	32.073920	0.259228	0	0	0	0.000000e+00	886.483598
71	567.032314	-0.012701	32.075886	0.259213	0	0	0	0.000000e+00	886.794592
72	572.408466	-0.115712	32.080253	0.259177	0	0	0	0.000000e+00	887.541103
73	577.791232	-0.218722	32.086826	0.259124	0	0	0	0.000000e+00	888.634070
74	583.182202	-0.321732	32.094916	0.259059	0	0	0	0.000000e+00	889.985301
75	588.582321	-0.424743	32.104225	0.258984	0	0	0	0.000000e+00	891.503299
76	593.991925	-0.527753	32.113193	0.258911	0	0	0	0.000000e+00	893.058610
77	599.409994	-0.630763	32.121750	0.258842	0	0	0	0.000000e+00	894.460195
78	604.834744	-0.733773	32.128237	0.258790	0	0	0	0.000000e+00	895.557454
79	610.263668	-0.836784	32.132232	0.258758	0	0	0	0.000000e+00	896.242604
80	615.693712	-0.939794	32.133221	0.258750	0	0	0	0.000000e+00	896.421579
81	621.121395	-1.042804	32.130909	0.258769	0	0	0	0.000000e+00	896.029833
82	626.542983	-1.145815	32.125211	0.258815	0	0	0	0.000000e+00	895.026945
83	631.954581	-1.248825	32.115220	0.258895	0	0	0	0.000000e+00	893.369589
84	637.351544	-1.351835	32.100805	0.259011	0	0	0	0.000000e+00	890.951384
85	642.728493	-1.454846	32.080879	0.259172	0	0	0	0.000000e+00	887.641395
86	648.079520	-1.557856	32.055162	0.259380	0	0	0	0.000000e+00	883.355580
87	653.398882	-1.660866	32.023617	0.259636	0	0	0	0.000000e+00	878.123339
88	658.681955	-1.763876	31.987584	0.259928	0	0	0	0.000000e+00	872.132135
89	663.926129	-1.866887	31.948819	0.260243	0	0	0	0.000000e+00	865.709863
90	669.131378	-1.969897	31.910022	0.260560	0	0	0	0.000000e+00	859.284295
91	674.300930	-2.072907	31.873859	0.260856	0	0	0	0.000000e+00	853.380265
92	679.441723	-2.175918	31.845348	0.261089	0	0	0	0.000000e+00	848.639157
93	684.565111	-2.278928	31.827409	0.261236	0	0	0	0.000000e+00	845.750975
94	689.685594	-2.381938	31.824632	0.261259	0	0	0	0.000000e+00	845.267076
95	694.818962	-2.484949	31.837516	0.261153	0	0	0	0.000000e+00	847.385879
96	699.980002	-2.587959	31.864991	0.260928	0	0	0	0.000000e+00	851.935104
97	705.181542	-2.690969	31.905440	0.260597	0	0	0	0.000000e+00	858.603979
98	710.435782	-2.793979	31.957858	0.260170	0	0	0	0.000000e+00	867.283877
99	715.762182	-2.896990	32.029502	0.259588	0	0	0	0.000000e+00	879.172988
100	721.224257	-3.000000	32.163239	0.258509	0	0	0	0.000000e+00	901.548347
