#wavelengths (mu)	size parameter  	extinction cross section (cm^2)  	scattering cross section (cm^2)  	absorption cross section (cm^2)  	single scattering albedo         	asymmetry parameter              
1.2398400000e-04	8.0318085894e+03	2.1868360545e-12                 	2.0609210587e-12                 	1.2591499578e-13                 	9.4242138293e-01                 	9.9999985342e-01                 
1.5498000000e-04	6.4254468715e+03	3.3335247793e-12                 	3.1910706519e-12                 	1.4245412743e-13                 	9.5726621614e-01                 	9.9999977636e-01                 
2.0664000000e-04	4.8190851536e+03	6.0147461232e-12                 	5.6295975732e-12                 	3.8514854999e-13                 	9.3596595066e-01                 	9.9999961472e-01                 
2.4796800000e-04	4.0159042947e+03	8.8168379544e-12                 	8.1419763443e-12                 	6.7486161011e-13                 	9.2345763713e-01                 	9.9999945634e-01                 
3.0996000000e-04	3.2127234358e+03	1.4169440707e-11                 	1.2826737756e-11                 	1.3427029501e-12                 	9.0523952371e-01                 	9.9999917163e-01                 
4.1328000000e-04	2.4095425768e+03	2.6276025793e-11                 	2.3054010809e-11                 	3.2220149837e-12                 	8.7737814656e-01                 	9.9999857473e-01                 
4.9593600000e-04	2.0079521474e+03	3.8902894855e-11                 	3.3339915051e-11                 	5.5629798037e-12                 	8.5700344860e-01                 	9.9999798937e-01                 
6.1992000000e-04	1.6063617179e+03	6.3370117646e-11                 	5.2591794900e-11                 	1.0778322746e-11                 	8.2991474300e-01                 	9.9999693421e-01                 
6.5254740000e-04	1.5260435581e+03	7.1075012643e-11                 	5.8548429863e-11                 	1.2526582780e-11                 	8.2375546181e-01                 	9.9999662118e-01                 
6.8880000000e-04	1.4457255461e+03	7.9888299580e-11                 	6.5225794906e-11                 	1.4662504674e-11                 	8.1646242627e-01                 	9.9999625626e-01                 
7.2931770000e-04	1.3654073611e+03	9.0493888898e-11                 	7.3186660272e-11                 	1.7307228626e-11                 	8.0874699014e-01                 	9.9999582688e-01                 
7.7490000000e-04	1.2850893743e+03	1.0332745814e-10                 	8.2723610600e-11                 	2.0603847544e-11                 	8.0059658958e-01                 	9.9999531654e-01                 
8.2656000000e-04	1.2047712884e+03	1.1905733527e-10                 	9.4272361726e-11                 	2.4784973543e-11                 	7.9182321285e-01                 	9.9999470286e-01                 
8.8560000000e-04	1.1244532025e+03	1.3848171196e-10                 	1.0835351666e-10                 	3.0128195299e-11                 	7.8243917646e-01                 	9.9999395505e-01                 
9.5372310000e-04	1.0441350914e+03	1.6255653056e-10                 	1.2547149861e-10                 	3.7085031947e-11                 	7.7186378290e-01                 	9.9999302986e-01                 
1.0332000000e-03	9.6381703073e+02	1.9333725704e-10                 	1.4701984563e-10                 	4.6317411408e-11                 	7.6043204441e-01                 	9.9999186396e-01                 
1.1271270000e-03	8.8349915861e+02	2.3282922157e-10                 	1.7410629996e-10                 	5.8722921613e-11                 	7.4778543167e-01                 	9.9999036328e-01                 
1.2398400000e-03	8.0318085894e+02	2.8429882940e-10                 	2.0853034211e-10                 	7.5768487291e-11                 	7.3348997796e-01                 	9.9998838024e-01                 
1.3050950000e-03	7.6302166214e+02	3.1598468827e-10                 	2.2929775392e-10                 	8.6686934351e-11                 	7.2566096533e-01                 	9.9998713744e-01                 
1.3776000000e-03	7.2286277305e+02	3.5266872611e-10                 	2.5299887148e-10                 	9.9669854630e-11                 	7.1738391513e-01                 	9.9998567151e-01                 
1.4586350000e-03	6.8270386776e+02	3.9531506598e-10                 	2.8008842522e-10                 	1.1522664076e-10                 	7.0851948059e-01                 	9.9998392150e-01                 
1.5498000000e-03	6.4254468715e+02	4.4447594818e-10                 	3.1058381794e-10                 	1.3389213024e-10                 	6.9876405959e-01                 	9.9998181112e-01                 
1.6531200000e-03	6.0238564421e+02	5.0179461459e-10                 	3.4525308567e-10                 	1.5654152892e-10                 	6.8803665012e-01                 	9.9997921941e-01                 
1.7712000000e-03	5.6222660126e+02	5.6834990084e-10                 	3.8441640614e-10                 	1.8393349470e-10                 	6.7637278650e-01                 	9.9997598989e-01                 
1.9074460000e-03	5.2206760042e+02	6.4539240917e-10                 	4.2820668981e-10                 	2.1718571936e-10                 	6.6348268701e-01                 	9.9997187434e-01                 
2.0664000000e-03	4.8190851536e+02	7.3285779313e-10                 	4.7522449959e-10                 	2.5763329355e-10                 	6.4845390748e-01                 	9.9996650582e-01                 
2.2542550000e-03	4.4174938334e+02	8.3125583944e-10                 	5.2480395726e-10                 	3.0645188218e-10                 	6.3133867139e-01                 	9.9995929345e-01                 
2.4796800000e-03	4.0159042947e+02	9.3670332897e-10                 	5.7204763209e-10                 	3.6465569688e-10                 	6.1070310566e-01                 	9.9994925866e-01                 
2.7552000000e-03	3.6143138652e+02	1.0448783599e-09                 	6.1247781836e-10                 	4.3240054156e-10                 	5.8617140698e-01                 	9.9993469919e-01                 
3.0996000000e-03	3.2127234358e+02	1.1365058770e-09                 	6.2843019252e-10                 	5.0807568453e-10                 	5.5294935575e-01                 	9.9991274478e-01                 
3.2627370000e-03	3.0520871163e+02	1.1663073017e-09                 	6.2679067938e-10                 	5.3951662234e-10                 	5.3741469204e-01                 	9.9990079144e-01                 
3.4440000000e-03	2.8914510922e+02	1.1887165678e-09                 	6.1779672436e-10                 	5.7091984340e-10                 	5.1971743401e-01                 	9.9988639985e-01                 
3.6465880000e-03	2.7308150966e+02	1.2001705640e-09                 	5.9823235117e-10                 	6.0193821286e-10                 	4.9845611041e-01                 	9.9986910730e-01                 
3.7570910000e-03	2.6504967704e+02	1.2077431905e-09                 	5.9380262632e-10                 	6.1394056414e-10                 	4.9166298847e-01                 	9.9985937537e-01                 
3.8745000000e-03	2.5701787486e+02	1.2438298877e-09                 	6.1368138866e-10                 	6.3014849902e-10                 	4.9338048132e-01                 	9.9984539287e-01                 
3.9360000000e-03	2.5300197057e+02	1.2921465853e-09                 	6.2734689824e-10                 	6.6479968703e-10                 	4.8550753095e-01                 	9.9982646323e-01                 
3.9994840000e-03	2.4898605824e+02	1.2836339738e-09                 	5.8535033384e-10                 	6.9828363995e-10                 	4.5601031586e-01                 	9.9980792079e-01                 
4.0124270000e-03	2.4818289682e+02	1.2735510673e-09                 	5.6972221725e-10                 	7.0382885007e-10                 	4.4734933044e-01                 	9.9980529035e-01                 
4.0254550000e-03	2.4737967662e+02	1.2514690786e-09                 	5.4391918150e-10                 	7.0754989705e-10                 	4.3462454712e-01                 	9.9980534247e-01                 
4.0385670000e-03	2.4657650997e+02	1.2120019105e-09                 	5.0899167202e-10                 	7.0301023846e-10                 	4.1995946344e-01                 	9.9981191092e-01                 
4.0517650000e-03	2.4577332500e+02	1.1777895098e-09                 	4.8387291982e-10                 	6.9391658999e-10                 	4.1083140560e-01                 	9.9981885588e-01                 
4.0650490000e-03	2.4497017284e+02	1.1653176785e-09                 	4.7542579678e-10                 	6.8989188175e-10                 	4.0797956260e-01                 	9.9982072855e-01                 
4.0784210000e-03	2.4416698427e+02	1.1517123107e-09                 	4.6379249909e-10                 	6.8791981157e-10                 	4.0269822142e-01                 	9.9982185140e-01                 
4.0918810000e-03	2.4336381145e+02	1.1226086312e-09                 	4.4121169184e-10                 	6.8139693938e-10                 	3.9302360553e-01                 	9.9982591591e-01                 
4.1054310000e-03	2.4256058771e+02	1.0867639789e-09                 	4.2079239105e-10                 	6.6597158783e-10                 	3.8719758772e-01                 	9.9983251837e-01                 
4.1190700000e-03	2.4175742489e+02	1.0887835349e-09                 	4.2870587283e-10                 	6.6007766204e-10                 	3.9374757158e-01                 	9.9983289697e-01                 
4.1328000000e-03	2.4095425768e+02	1.1041185320e-09                 	4.4722147670e-10                 	6.5689705527e-10                 	4.0504842890e-01                 	9.9983148750e-01                 
4.1466220000e-03	2.4015108108e+02	1.1436619438e-09                 	4.7533638854e-10                 	6.6832555521e-10                 	4.1562665536e-01                 	9.9982389638e-01                 
4.1605370000e-03	2.3934789095e+02	1.1609284206e-09                 	4.8474370585e-10                 	6.7618471477e-10                 	4.1754831498e-01                 	9.9981868295e-01                 
4.1745450000e-03	2.3854474108e+02	1.1882617577e-09                 	5.0504721254e-10                 	6.8321454516e-10                 	4.2503026734e-01                 	9.9981219840e-01                 
4.1886490000e-03	2.3774151430e+02	1.2274303802e-09                 	5.2248203414e-10                 	7.0494834607e-10                 	4.2567142101e-01                 	9.9979639523e-01                 
4.2028470000e-03	2.3693837919e+02	1.2163797732e-09                 	5.0452518238e-10                 	7.1185459079e-10                 	4.1477603747e-01                 	9.9979317347e-01                 
4.2171430000e-03	2.3613516453e+02	1.2091514808e-09                 	4.9241236070e-10                 	7.1673912005e-10                 	4.0723794210e-01                 	9.9979049491e-01                 
4.2315360000e-03	2.3533198256e+02	1.1979222965e-09                 	4.7770723958e-10                 	7.2021505694e-10                 	3.9877982150e-01                 	9.9978951252e-01                 
4.2445740000e-03	2.3460911652e+02	1.1566791317e-09                 	4.4441641404e-10                 	7.1226271768e-10                 	3.8421754301e-01                 	9.9979899764e-01                 
4.2460280000e-03	2.3452877752e+02	1.1772960172e-09                 	4.5897576039e-10                 	7.1832025680e-10                 	3.8985586776e-01                 	9.9979319998e-01                 
4.2503940000e-03	2.3428786982e+02	1.2024761870e-09                 	4.7789636519e-10                 	7.2457982180e-10                 	3.9742688492e-01                 	9.9978696314e-01                 
4.2518520000e-03	2.3420753031e+02	1.1731334937e-09                 	4.5783376447e-10                 	7.1529972927e-10                 	3.9026570029e-01                 	9.9979659923e-01                 
4.2533110000e-03	2.3412719083e+02	1.1222063316e-09                 	4.2400569099e-10                 	6.9820064066e-10                 	3.7783220343e-01                 	9.9981003327e-01                 
4.2591550000e-03	2.3380594417e+02	8.8716263570e-10                 	2.7103751773e-10                 	6.1612511797e-10                 	3.0551051952e-01                 	9.9984524835e-01                 
4.2606190000e-03	2.3372560563e+02	8.4766883779e-10                 	2.4571513364e-10                 	6.0195370415e-10                 	2.8987161340e-01                 	9.9984902773e-01                 
4.2753100000e-03	2.3292246788e+02	9.0398060904e-10                 	2.8903593708e-10                 	6.1494467196e-10                 	3.1973687731e-01                 	9.9984334175e-01                 
4.2901040000e-03	2.3211925775e+02	1.0108633383e-09                 	3.6164316693e-10                 	6.4922017137e-10                 	3.5775673449e-01                 	9.9982937541e-01                 
4.3050000000e-03	2.3131608738e+02	1.0650053312e-09                 	3.9759689868e-10                 	6.6740843249e-10                 	3.7332855249e-01                 	9.9981954724e-01                 
4.3200000000e-03	2.3051290652e+02	1.1450766515e-09                 	4.6060324765e-10                 	6.8447340387e-10                 	4.0224665051e-01                 	9.9980506922e-01                 
4.3275390000e-03	2.3011133028e+02	1.2535086635e-09                 	5.4196998745e-10                 	7.1153867606e-10                 	4.3236237868e-01                 	9.9977634202e-01                 
4.3351050000e-03	2.2970972010e+02	1.3787474624e-09                 	6.3671474414e-10                 	7.4203271823e-10                 	4.6180664807e-01                 	9.9971321728e-01                 
4.3381390000e-03	2.2954906612e+02	1.4335100538e-09                 	6.6965760238e-10                 	7.6385245142e-10                 	4.6714538249e-01                 	9.9963208985e-01                 
4.3396570000e-03	2.2946877049e+02	1.4453740800e-09                 	6.7669443717e-10                 	7.6867964287e-10                 	4.6817944677e-01                 	9.9960545678e-01                 
4.3411770000e-03	2.2938842534e+02	1.4509664430e-09                 	6.7863785302e-10                 	7.7232859001e-10                 	4.6771436809e-01                 	9.9959087128e-01                 
4.3426970000e-03	2.2930813643e+02	1.4577799235e-09                 	6.8260107320e-10                 	7.7517885035e-10                 	4.6824699817e-01                 	9.9958216694e-01                 
4.3442190000e-03	2.2922779817e+02	1.4686347715e-09                 	6.9125318427e-10                 	7.7738158720e-10                 	4.7067739216e-01                 	9.9957238959e-01                 
4.3457420000e-03	2.2914746346e+02	1.4748216902e-09                 	6.9695829851e-10                 	7.7786339166e-10                 	4.7257122888e-01                 	9.9957900702e-01                 
4.3472650000e-03	2.2906718503e+02	1.4826589136e-09                 	7.0542384928e-10                 	7.7723506434e-10                 	4.7578296181e-01                 	9.9959090062e-01                 
4.3487900000e-03	2.2898685753e+02	1.4958967733e-09                 	7.1999817025e-10                 	7.7589860306e-10                 	4.8131541099e-01                 	9.9959975463e-01                 
4.3503160000e-03	2.2890653372e+02	1.5113196269e-09                 	7.3781557564e-10                 	7.7350405127e-10                 	4.8819294245e-01                 	9.9960838583e-01                 
4.3518430000e-03	2.2882621366e+02	1.5287368791e-09                 	7.5963225509e-10                 	7.6910462402e-10                 	4.9690189690e-01                 	9.9962085589e-01                 
4.3549000000e-03	2.2866558501e+02	1.5797498385e-09                 	8.2673682144e-10                 	7.5301301704e-10                 	5.2333401233e-01                 	9.9964570286e-01                 
4.3579610000e-03	2.2850497197e+02	1.6593668640e-09                 	9.4446572734e-10                 	7.1490113662e-10                 	5.6917234389e-01                 	9.9968048911e-01                 
4.3610270000e-03	2.2834432260e+02	1.7634911553e-09                 	1.1424134593e-09                 	6.2107769607e-10                 	6.4781354633e-01                 	9.9973308454e-01                 
4.3640970000e-03	2.2818368981e+02	1.8059773931e-09                 	1.4507584444e-09                 	3.5521894862e-10                 	8.0330930499e-01                 	9.9980170345e-01                 
4.3656340000e-03	2.2810335364e+02	1.7028230063e-09                 	1.4731455797e-09                 	2.2967742667e-10                 	8.6511961266e-01                 	9.9982299659e-01                 
4.3733330000e-03	2.2770179087e+02	8.8167334272e-10                 	7.5091600263e-10                 	1.3075734008e-10                 	8.5169412100e-01                 	9.9986368550e-01                 
4.3810600000e-03	2.2730018675e+02	5.2470297749e-10                 	4.1575185745e-10                 	1.0895112004e-10                 	7.9235658131e-01                 	9.9987332942e-01                 
4.3965960000e-03	2.2649698907e+02	2.2372498488e-10                 	1.3697105461e-10                 	8.6753930280e-11                 	6.1222958480e-01                 	9.9987975074e-01                 
4.4280000000e-03	2.2489064050e+02	9.5824020199e-11                 	7.7298388192e-12                 	8.8094181380e-11                 	8.0667026943e-02                 	9.9988132310e-01                 
4.5085090000e-03	2.2087474066e+02	1.6083064816e-10                 	6.9151233262e-11                 	9.1679414903e-11                 	4.2996303286e-01                 	9.9987700646e-01                 
4.5920000000e-03	2.1685883191e+02	2.7759296108e-10                 	1.8204992825e-10                 	9.5543032831e-11                 	6.5581608244e-01                 	9.9987092518e-01                 
4.7686160000e-03	2.0882699638e+02	4.8821236804e-10                 	3.8425557054e-10                 	1.0395679750e-10                 	7.8706644013e-01                 	9.9985730808e-01                 
5.1660000000e-03	1.9276340615e+02	8.2816280544e-10                 	7.0420565803e-10                 	1.2395714741e-10                 	8.5032273051e-01                 	9.9982454630e-01                 
5.6356360000e-03	1.7669980037e+02	1.1235144934e-09                 	9.7426599313e-10                 	1.4924850030e-10                 	8.6715925680e-01                 	9.9978071933e-01                 
6.1992000000e-03	1.6063617179e+02	1.4015731292e-09                 	1.2200944490e-09                 	1.8147868017e-10                 	8.7051786568e-01                 	9.9971825325e-01                 
6.5254740000e-03	1.5260435581e+02	1.5366662680e-09                 	1.3359202258e-09                 	2.0074604224e-10                 	8.6936262842e-01                 	9.9967594848e-01                 
6.8880000000e-03	1.4457255461e+02	1.6665808638e-09                 	1.4439539638e-09                 	2.2262689999e-10                 	8.6641698292e-01                 	9.9962286432e-01                 
7.0848000000e-03	1.4055665031e+02	1.7292717076e-09                 	1.4946555909e-09                 	2.3461611671e-10                 	8.6432663203e-01                 	9.9959110182e-01                 
7.2931770000e-03	1.3654073611e+02	1.7898350825e-09                 	1.5423668528e-09                 	2.4746822967e-10                 	8.6173685380e-01                 	9.9955450076e-01                 
7.7490000000e-03	1.2850893743e+02	1.8993407156e-09                 	1.6238588419e-09                 	2.7548187367e-10                 	8.5495921221e-01                 	9.9946467060e-01                 
8.2656010000e-03	1.2047711427e+02	1.9896105439e-09                 	1.6824613619e-09                 	3.0714918197e-10                 	8.4562346490e-01                 	9.9934260435e-01                 
8.8560000000e-03	1.1244532025e+02	2.0530446262e-09                 	1.7103937542e-09                 	3.4265087199e-10                 	8.3310110866e-01                 	9.9917014993e-01                 
9.5372310000e-03	1.0441350914e+02	2.0789265972e-09                 	1.6969200461e-09                 	3.8200655108e-10                 	8.1624817750e-01                 	9.9891768266e-01                 
1.0332000000e-02	9.6381703073e+01	2.0581673179e-09                 	1.6329393865e-09                 	4.2522793147e-10                 	7.9339486748e-01                 	9.9852968431e-01                 
1.1271270000e-02	8.8349915861e+01	1.9850791609e-09                 	1.5137632229e-09                 	4.7131593808e-10                 	7.6257070884e-01                 	9.9789746709e-01                 
1.2398400000e-02	8.0318085894e+01	1.8640877547e-09                 	1.3453223946e-09                 	5.1876536005e-10                 	7.2170550514e-01                 	9.9682060310e-01                 
1.3050950000e-02	7.6302166214e+01	1.7908894158e-09                 	1.2485404505e-09                 	5.4234896534e-10                 	6.9716222535e-01                 	9.9599928317e-01                 
1.3776000000e-02	7.2286277305e+01	1.7155010135e-09                 	1.1504282660e-09                 	5.6507274746e-10                 	6.7060774490e-01                 	9.9490256541e-01                 
1.4586350000e-02	6.8270386776e+01	1.6441909001e-09                 	1.0578020589e-09                 	5.8638884118e-10                 	6.4335720315e-01                 	9.9345880582e-01                 
1.5498000000e-02	6.4254468715e+01	1.5832314991e-09                 	9.7731372578e-10                 	6.0591777330e-10                 	6.1729047606e-01                 	9.9159140082e-01                 
1.6531200000e-02	6.0238564421e+01	1.5386936118e-09                 	9.1572430996e-10                 	6.2296930188e-10                 	5.9513102733e-01                 	9.8925731990e-01                 
1.7712000000e-02	5.6222660126e+01	1.5150609207e-09                 	8.7808551884e-10                 	6.3697540182e-10                 	5.7957109636e-01                 	9.8649779015e-01                 
1.9074460000e-02	5.2206760042e+01	1.5114533482e-09                 	8.6388229497e-10                 	6.4757105323e-10                 	5.7155736629e-01                 	9.8328071968e-01                 
2.0664000000e-02	4.8190851536e+01	1.5235133656e-09                 	8.6857759479e-10                 	6.5493577083e-10                 	5.7011485058e-01                 	9.7958396928e-01                 
2.1562430000e-02	4.6182909633e+01	1.5328733661e-09                 	8.7551571799e-10                 	6.5735764811e-10                 	5.7115984748e-01                 	9.7743105248e-01                 
2.2140000000e-02	4.4978128101e+01	1.5389598872e-09                 	8.8043555692e-10                 	6.5852433031e-10                 	5.7209779425e-01                 	9.7603090458e-01                 
2.2960000000e-02	4.3371766383e+01	1.5471560310e-09                 	8.8739770885e-10                 	6.5975832218e-10                 	5.7356704240e-01                 	9.7400766142e-01                 
2.3616000000e-02	4.2166995094e+01	1.5531774064e-09                 	8.9268044461e-10                 	6.6049696177e-10                 	5.7474467562e-01                 	9.7235334967e-01                 
2.4796800000e-02	4.0159042947e+01	1.5626897264e-09                 	9.0128378151e-10                 	6.6140594493e-10                 	5.7675158815e-01                 	9.6927574664e-01                 
2.5830000000e-02	3.8552681229e+01	1.5695997097e-09                 	9.0753021185e-10                 	6.6206949783e-10                 	5.7819213794e-01                 	9.6653977818e-01                 
2.6953040000e-02	3.6946324279e+01	1.5761048282e-09                 	9.1332882881e-10                 	6.6277599938e-10                 	5.7948482390e-01                 	9.6348618643e-01                 
2.8178180000e-02	3.5339960074e+01	1.5821647279e-09                 	9.1844313066e-10                 	6.6372159727e-10                 	5.8049779169e-01                 	9.6018001515e-01                 
2.9520000000e-02	3.3733596076e+01	1.5881433655e-09                 	9.2297168702e-10                 	6.6517167847e-10                 	5.8116395980e-01                 	9.5660267669e-01                 
3.0996000000e-02	3.2127234358e+01	1.5940792263e-09                 	9.2653219328e-10                 	6.6754703298e-10                 	5.8123346570e-01                 	9.5292836356e-01                 
3.1790770000e-02	3.1324052741e+01	1.5970271941e-09                 	9.2760429665e-10                 	6.6942289749e-10                 	5.8083187316e-01                 	9.5117543943e-01                 
3.2627370000e-02	3.0520871163e+01	1.5998656942e-09                 	9.2787702862e-10                 	6.7198866554e-10                 	5.7997182639e-01                 	9.4961207255e-01                 
3.3509190000e-02	2.9717691062e+01	1.6025761440e-09                 	9.2697954013e-10                 	6.7559660390e-10                 	5.7843088678e-01                 	9.4835780544e-01                 
3.4440000000e-02	2.8914510922e+01	1.6015327365e-09                 	9.1366253332e-10                 	6.8787020321e-10                 	5.7049257407e-01                 	9.5111775160e-01                 
3.5424000000e-02	2.8111330063e+01	1.5969187766e-09                 	9.2713194999e-10                 	6.6978682657e-10                 	5.8057552056e-01                 	9.4844479292e-01                 
3.6465880000e-02	2.7308150966e+01	1.6055102631e-09                 	9.4980511334e-10                 	6.5570514972e-10                 	5.9159080773e-01                 	9.3979798414e-01                 
3.7570910000e-02	2.6504967704e+01	1.6115170944e-09                 	9.6263271143e-10                 	6.4888438302e-10                 	5.9734564079e-01                 	9.3366351023e-01                 
3.8745000000e-02	2.5701787486e+01	1.6177516965e-09                 	9.7612096911e-10                 	6.4163072735e-10                 	6.0338120569e-01                 	9.2684630520e-01                 
3.9994840000e-02	2.4898605824e+01	1.6245957779e-09                 	9.8917860304e-10                 	6.3541717487e-10                 	6.0887675352e-01                 	9.1949535820e-01                 
4.1328000000e-02	2.4095425768e+01	1.6316648985e-09                 	1.0026520130e-09                 	6.2901288553e-10                 	6.1449628161e-01                 	9.1155599006e-01                 
4.2753100000e-02	2.3292246788e+01	1.6405307922e-09                 	1.0222352436e-09                 	6.1829554854e-10                 	6.2311250023e-01                 	9.0036155304e-01                 
4.4280000000e-02	2.2489064050e+01	1.6509288137e-09                 	1.0340396086e-09                 	6.1688920506e-10                 	6.2633809529e-01                 	8.9074762681e-01                 
4.5920000000e-02	2.1685883191e+01	1.6604469299e-09                 	1.0470952726e-09                 	6.1335165732e-10                 	6.3061050234e-01                 	8.8092789151e-01                 
4.7686160000e-02	2.0882699638e+01	1.6715921097e-09                 	1.0582386660e-09                 	6.1335344370e-10                 	6.3307230266e-01                 	8.7119261894e-01                 
4.9593600000e-02	2.0079521474e+01	1.6826424208e-09                 	1.0687833158e-09                 	6.1385910497e-10                 	6.3518148753e-01                 	8.6203837251e-01                 
5.1660000000e-02	1.9276340615e+01	1.6949228796e-09                 	1.0798917372e-09                 	6.1503114237e-10                 	6.3713325852e-01                 	8.5263212424e-01                 
5.3906090000e-02	1.8473158713e+01	1.7084277189e-09                 	1.0915047561e-09                 	6.1692296272e-10                 	6.3889431440e-01                 	8.4322106973e-01                 
5.6356370000e-02	1.7669976901e+01	1.7225787846e-09                 	1.0979460180e-09                 	6.2463276661e-10                 	6.3738508090e-01                 	8.3687038690e-01                 
5.9040000000e-02	1.6866798038e+01	1.7359626253e-09                 	1.1091564922e-09                 	6.2680613309e-10                 	6.3892878570e-01                 	8.2897603821e-01                 
6.1992000000e-02	1.6063617179e+01	1.7540835360e-09                 	1.1375155626e-09                 	6.1656797335e-10                 	6.4849566129e-01                 	8.1261950344e-01                 
6.5254740000e-02	1.5260435581e+01	1.7814254032e-09                 	1.1777891017e-09                 	6.0363630151e-10                 	6.6114982955e-01                 	7.9084038555e-01                 
6.8880000000e-02	1.4457255461e+01	1.8219402851e-09                 	1.2129752940e-09                 	6.0896499106e-10                 	6.6576018103e-01                 	7.7336633123e-01                 
7.2931770000e-02	1.3654073611e+01	1.8613156681e-09                 	1.2116713293e-09                 	6.4964433890e-10                 	6.5097573184e-01                 	7.7433320154e-01                 
7.7490000000e-02	1.2850893743e+01	1.8918543817e-09                 	1.2072494953e-09                 	6.8460488637e-10                 	6.3813024247e-01                 	7.7641741280e-01                 
8.2656000000e-02	1.2047712884e+01	1.9182828374e-09                 	1.1944394759e-09                 	7.2384336152e-10                 	6.2266077379e-01                 	7.8086990988e-01                 
8.8560000000e-02	1.1244532025e+01	1.9362345492e-09                 	1.1817251000e-09                 	7.5450944920e-10                 	6.1032125498e-01                 	7.8394346104e-01                 
9.1164710000e-02	1.0923259188e+01	1.9438459075e-09                 	1.1804429063e-09                 	7.6340300116e-10                 	6.0727185307e-01                 	7.8287389042e-01                 
9.3221050000e-02	1.0682305725e+01	1.9480182446e-09                 	1.1779429866e-09                 	7.7007525807e-10                 	6.0468786153e-01                 	7.8224116105e-01                 
9.5372310000e-02	1.0441350914e+01	1.9491515028e-09                 	1.1710695705e-09                 	7.7808193225e-10                 	6.0080992619e-01                 	7.8304209655e-01                 
9.7625200000e-02	1.0200396579e+01	1.9480578642e-09                 	1.1618666953e-09                 	7.8619116897e-10                 	5.9642309225e-01                 	7.8437192842e-01                 
9.9995160000e-02	9.9586395597e+00	1.9426408204e-09                 	1.1443456791e-09                 	7.9829514135e-10                 	5.8906704062e-01                 	7.8930290190e-01                 
1.0246610000e-01	9.7184898825e+00	1.9381348818e-09                 	1.1273507261e-09                 	8.1078415565e-10                 	5.8166783784e-01                 	7.9499490198e-01                 
1.0500000000e-01	9.4839595824e+00	1.9347030842e-09                 	1.1104854559e-09                 	8.2421762829e-10                 	5.7398236709e-01                 	8.0159209954e-01                 
1.0781220000e-01	9.2365776429e+00	1.9361788820e-09                 	1.1066794051e-09                 	8.2949947687e-10                 	5.7157911152e-01                 	8.0149844902e-01                 
1.1099730000e-01	8.9715313449e+00	1.9288366777e-09                 	1.0958498270e-09                 	8.3298685073e-10                 	5.6814028873e-01                 	8.0097641209e-01                 
1.1480000000e-01	8.6743532766e+00	1.9250335838e-09                 	1.0533143587e-09                 	8.7171922506e-10                 	5.4716674431e-01                 	8.2491988304e-01                 
1.1800130000e-01	8.4390236052e+00	1.9281551272e-09                 	1.0336068752e-09                 	8.9454825208e-10                 	5.3606001952e-01                 	8.3723860351e-01                 
1.2155290000e-01	8.1924475364e+00	1.9342076386e-09                 	1.0155515302e-09                 	9.1865610841e-10                 	5.2504783349e-01                 	8.4957811318e-01                 
1.2499650000e-01	7.9667491182e+00	1.9408779179e-09                 	9.9963680795e-10                 	9.4124110990e-10                 	5.1504362987e-01                 	8.6028262357e-01                 
1.2781860000e-01	7.7908516926e+00	1.9438588738e-09                 	9.8576817355e-10                 	9.5809070026e-10                 	5.0711920851e-01                 	8.6742869440e-01                 
1.3050950000e-01	7.6302166214e+00	1.9510619018e-09                 	9.7803021748e-10                 	9.7303168431e-10                 	5.0128097760e-01                 	8.7460193987e-01                 
1.3331610000e-01	7.4695836148e+00	1.9662734195e-09                 	9.7824501133e-10                 	9.8802840816e-10                 	4.9751219827e-01                 	8.8273990752e-01                 
1.3624610000e-01	7.3089487050e+00	1.9780207180e-09                 	9.7479987412e-10                 	1.0032208438e-09                 	4.9281580586e-01                 	8.8974202557e-01                 
1.3899550000e-01	7.1643740707e+00	1.9770694250e-09                 	9.5993247088e-10                 	1.0171369541e-09                 	4.8553301100e-01                 	8.9318016040e-01                 
1.4089090000e-01	7.0679920147e+00	1.9702000787e-09                 	9.4384270347e-10                 	1.0263573752e-09                 	4.7905931670e-01                 	8.9373007503e-01                 
1.4251040000e-01	6.9876707675e+00	1.9620827178e-09                 	9.2935203100e-10                 	1.0327306868e-09                 	4.7365588748e-01                 	8.9316122976e-01                 
1.4416740000e-01	6.9073573925e+00	1.9548216131e-09                 	9.1724250574e-10                 	1.0375791074e-09                 	4.6922056702e-01                 	8.9226804419e-01                 
1.4586350000e-01	6.8270386776e+00	1.9523860083e-09                 	9.1113234945e-10                 	1.0412536589e-09                 	4.6667633632e-01                 	8.9181582486e-01                 
1.4900130000e-01	6.6832689121e+00	1.9641392039e-09                 	9.1842433408e-10                 	1.0457148698e-09                 	4.6759635582e-01                 	8.9343925215e-01                 
1.5498000000e-01	6.4254468715e+00	1.9894805439e-09                 	9.4977920833e-10                 	1.0397013355e-09                 	4.7740060151e-01                 	9.0130669419e-01                 
1.6000000000e-01	6.2238484759e+00	1.9647952041e-09                 	9.3780110399e-10                 	1.0269941001e-09                 	4.7730221553e-01                 	9.0682931682e-01                 
1.6531200000e-01	6.0238564421e+00	1.8982480118e-09                 	8.8667635270e-10                 	1.0115716591e-09                 	4.6710247933e-01                 	9.0812701272e-01                 
1.7000410000e-01	5.8575984706e+00	1.8340598922e-09                 	8.3645156992e-10                 	9.9760832225e-10                 	4.5606556988e-01                 	9.0578430528e-01                 
1.8000000000e-01	5.5323097564e+00	1.7442751100e-09                 	7.7564128885e-10                 	9.6863382111e-10                 	4.4467829898e-01                 	8.9226696315e-01                 
1.8998470000e-01	5.2415576420e+00	1.7452741525e-09                 	8.0846542622e-10                 	9.3680872630e-10                 	4.6323119210e-01                 	8.6464736169e-01                 
2.0000650000e-01	4.9789169659e+00	1.8415064402e-09                 	9.2951714864e-10                 	9.1198929157e-10                 	5.0475910827e-01                 	8.2087623308e-01                 
2.1000000000e-01	4.7419797912e+00	1.9717365753e-09                 	1.0713610923e-09                 	9.0037548308e-10                 	5.4335914120e-01                 	7.7497034471e-01                 
2.1376550000e-01	4.6584493576e+00	2.0251307845e-09                 	1.1247501888e-09                 	9.0038059571e-10                 	5.5539632176e-01                 	7.5944291285e-01                 
2.1751580000e-01	4.5781306744e+00	2.0816062662e-09                 	1.1795410574e-09                 	9.0206520884e-10                 	5.6664945553e-01                 	7.4477283987e-01                 
2.1901430000e-01	4.5468070174e+00	2.1042712714e-09                 	1.2003741833e-09                 	9.0389708816e-10                 	5.7044650068e-01                 	7.3957254331e-01                 
2.2140000000e-01	4.4978128101e+00	2.1391755496e-09                 	1.2315997143e-09                 	9.0757583528e-10                 	5.7573569150e-01                 	7.3210136329e-01                 
2.2542550000e-01	4.4174938334e+00	2.1926055206e-09                 	1.2776634862e-09                 	9.1494203433e-10                 	5.8271470825e-01                 	7.2164480385e-01                 
2.2998330000e-01	4.3299481143e+00	2.2471125732e-09                 	1.3261269586e-09                 	9.2098561461e-10                 	5.9014709561e-01                 	7.1098665446e-01                 
2.3393210000e-01	4.2568581060e+00	2.2872627168e-09                 	1.3625346452e-09                 	9.2472807164e-10                 	5.9570535346e-01                 	7.0287443539e-01                 
2.3843080000e-01	4.1765399275e+00	2.3228409693e-09                 	1.3969954169e-09                 	9.2584555248e-10                 	6.0141672861e-01                 	6.9429789525e-01                 
2.4000000000e-01	4.1492323173e+00	2.3304334275e-09                 	1.4044504237e-09                 	9.2598300385e-10                 	6.0265631581e-01                 	6.9186035321e-01                 
2.5001810000e-01	3.9829746572e+00	2.3413645526e-09                 	1.4220790711e-09                 	9.1928548146e-10                 	6.0737191462e-01                 	6.7888971854e-01                 
2.5830000000e-01	3.8552681229e+00	2.3256190061e-09                 	1.4108890090e-09                 	9.1472999708e-10                 	6.0667246240e-01                 	6.7251295162e-01                 
2.7399780000e-01	3.6343932548e+00	2.2848836530e-09                 	1.3591568253e-09                 	9.2572682766e-10                 	5.9484727966e-01                 	6.6826543703e-01                 
2.8502070000e-01	3.4938366096e+00	2.2597521219e-09                 	1.3107315558e-09                 	9.4902056608e-10                 	5.8003333335e-01                 	6.6983983808e-01                 
2.9172710000e-01	3.4135181687e+00	2.2504675286e-09                 	1.2888353115e-09                 	9.6163221704e-10                 	5.7269669309e-01                 	6.6978405422e-01                 
3.0996000000e-01	3.2127234358e+00	2.2393752777e-09                 	1.2498977222e-09                 	9.8947755553e-10                 	5.5814571797e-01                 	6.6688453909e-01                 
3.2627370000e-01	3.0520871163e+00	2.2439308941e-09                 	1.2268717829e-09                 	1.0170591112e-09                 	5.4675114379e-01                 	6.6531875728e-01                 
3.4401770000e-01	2.8946643040e+00	2.2577891798e-09                 	1.2105781659e-09                 	1.0472110139e-09                 	5.3617856650e-01                 	6.6289417809e-01                 
3.6498090000e-01	2.7284051197e+00	2.2745600823e-09                 	1.1974566031e-09                 	1.0771034792e-09                 	5.2645635191e-01                 	6.5612501569e-01                 
3.8148920000e-01	2.6103380021e+00	2.2830298656e-09                 	1.1890280148e-09                 	1.0940018508e-09                 	5.2081141499e-01                 	6.4704667675e-01                 
3.9994840000e-01	2.4898605824e+00	2.2892241277e-09                 	1.1813089152e-09                 	1.1079152125e-09                 	5.1603025710e-01                 	6.3412547165e-01                 
4.3396570000e-01	2.2946877049e+00	2.3054462458e-09                 	1.1745685577e-09                 	1.1308776881e-09                 	5.0947557761e-01                 	6.0878679447e-01                 
4.3997160000e-01	2.2633637175e+00	2.3102436385e-09                 	1.1745419738e-09                 	1.1357016647e-09                 	5.0840610671e-01                 	6.0471613362e-01                 
4.8602120000e-01	2.0489142370e+00	2.3647834825e-09                 	1.1819072827e-09                 	1.1828761998e-09                 	4.9979513618e-01                 	5.7966278926e-01                 
5.5006210000e-01	1.8103696949e+00	2.4285512999e-09                 	1.1833324873e-09                 	1.2452188127e-09                 	4.8725859210e-01                 	5.4798123392e-01                 
6.5634730000e-01	1.5172085817e+00	2.4182221861e-09                 	1.1725473977e-09                 	1.2456747884e-09                 	4.8487992726e-01                 	4.3242974390e-01                 
7.0007910000e-01	1.4224332024e+00	2.4358278703e-09                 	1.1939985032e-09                 	1.2418293671e-09                 	4.9018180545e-01                 	3.7485531907e-01                 
7.9989680000e-01	1.2449302912e+00	2.5457746203e-09                 	1.2675679826e-09                 	1.2782066377e-09                 	4.9791052691e-01                 	2.6995235620e-01                 
8.9973880000e-01	1.1067831643e+00	2.6375413521e-09                 	1.2940016692e-09                 	1.3435396829e-09                 	4.9060905459e-01                 	2.0229865029e-01                 
9.9987100000e-01	9.9594423296e-01	2.6042954928e-09                 	1.2247057290e-09                 	1.3795897638e-09                 	4.7026373635e-01                 	1.5813382580e-01                 
1.1271270000e+00	8.8349915861e-01	2.3601157026e-09                 	1.0216209877e-09                 	1.3384947149e-09                 	4.3286902694e-01                 	1.2304965612e-01                 
1.2499650000e+00	7.9667491182e-01	2.0090429365e-09                 	7.8648263238e-10                 	1.2225603041e-09                 	3.9147129118e-01                 	1.0301583530e-01                 
1.3050950000e+00	7.6302166214e-01	1.8476042775e-09                 	6.8935462817e-10                 	1.1582496493e-09                 	3.7310729173e-01                 	9.6251600501e-02                 
1.3776000000e+00	7.2286277305e-01	1.6454330083e-09                 	5.7522187611e-10                 	1.0702111321e-09                 	3.4958693136e-01                 	8.9338857801e-02                 
1.4586350000e+00	6.8270386776e-01	1.4410092907e-09                 	4.6783426783e-10                 	9.7317502285e-10                 	3.2465735707e-01                 	8.3411147361e-02                 
1.5498000000e+00	6.4254468715e-01	1.2420414535e-09                 	3.7088478612e-10                 	8.7115666743e-10                 	2.9860902393e-01                 	7.8091673963e-02                 
1.6500400000e+00	6.0351007015e-01	1.0612110151e-09                 	2.8949667574e-10                 	7.7171433938e-10                 	2.7279840825e-01                 	7.2566670434e-02                 
1.7712000000e+00	5.6222660126e-01	8.8627168632e-10                 	2.1737164692e-10                 	6.6890003940e-10                 	2.4526525023e-01                 	6.6896415306e-02                 
1.9074460000e+00	5.2206760042e-01	7.3397848316e-10                 	1.6029467352e-10                 	5.7368380964e-10                 	2.1839151583e-01                 	6.1508589351e-02                 
2.0664000000e+00	4.8190851536e-01	6.0062431152e-10                 	1.1513299228e-10                 	4.8549131924e-10                 	1.9168886452e-01                 	5.5813165364e-02                 
2.1219240000e+00	4.6929850275e-01	5.6264553381e-10                 	1.0318841217e-10                 	4.5945712163e-10                 	1.8339861596e-01                 	5.3934100664e-02                 
2.1998580000e+00	4.5267274349e-01	5.1515671593e-10                 	8.8901833222e-11                 	4.2625488270e-10                 	1.7257240462e-01                 	5.1489767716e-02                 
2.2542550000e+00	4.4174938334e-01	4.8556846584e-10                 	8.0369819048e-11                 	4.0519864679e-10                 	1.6551696558e-01                 	4.9876099628e-02                 
2.4239300000e+00	4.1082694473e-01	4.0848747536e-10                 	5.9568475711e-11                 	3.4891899965e-10                 	1.4582693302e-01                 	4.5278675994e-02                 
2.4796800000e+00	4.0159042947e-01	3.8738704161e-10                 	5.4240296190e-11                 	3.3314674542e-10                 	1.4001577328e-01                 	4.3855262997e-02                 
2.7552000000e+00	3.6143138652e-01	3.0489956233e-10                 	3.5265892208e-11                 	2.6963367012e-10                 	1.1566396468e-01                 	3.7460383313e-02                 
3.0996000000e+00	3.2127234358e-01	2.3535484981e-10                 	2.1836450414e-11                 	2.1351839940e-10                 	9.2780966405e-02                 	3.1426557689e-02                 
3.2627370000e+00	3.0520871163e-01	2.1106195884e-10                 	1.7744763024e-11                 	1.9331719582e-10                 	8.4073715234e-02                 	2.8948605590e-02                 
3.4014820000e+00	2.9275937846e-01	1.9336367847e-10                 	1.4997779420e-11                 	1.7836589905e-10                 	7.7562547107e-02                 	2.7101731419e-02                 
3.6465880000e+00	2.7308150966e-01	1.6743467004e-10                 	1.1330901808e-11                 	1.5610376824e-10                 	6.7673569666e-02                 	2.4234350760e-02                 
3.8745000000e+00	2.5701787486e-01	1.4805675933e-10                 	8.8785251005e-12                 	1.3917823423e-10                 	5.9967036565e-02                 	2.1952540492e-02                 
4.1328000000e+00	2.4095425768e-01	1.3029278867e-10                 	6.8572569986e-12                 	1.2343553167e-10                 	5.2629597299e-02                 	1.9589461423e-02                 
4.4280000000e+00	2.2489064050e-01	1.1380463996e-10                 	5.2051027666e-12                 	1.0859953719e-10                 	4.5737175291e-02                 	1.7344244908e-02                 
4.7686160000e+00	2.0882699638e-01	9.8615397303e-11                 	3.8727210773e-12                 	9.4742676226e-11                 	3.9270957510e-02                 	1.5184127673e-02                 
4.9993550000e+00	1.9918884659e-01	9.0208126990e-11                 	3.2091457776e-12                 	8.6998981213e-11                 	3.5574907546e-02                 	1.3842116064e-02                 
5.1660000000e+00	1.9276340615e-01	8.4776675276e-11                 	2.8174914013e-12                 	8.1959183875e-11                 	3.3234275726e-02                 	1.2972755867e-02                 
5.5104000000e+00	1.8071569326e-01	7.4994364040e-11                 	2.1805268728e-12                 	7.2813837167e-11                 	2.9075876577e-02                 	1.1449794260e-02                 
5.6356360000e+00	1.7669980037e-01	7.1881052318e-11                 	1.9943763724e-12                 	6.9886675945e-11                 	2.7745508839e-02                 	1.0955890129e-02                 
5.9040000000e+00	1.6866798038e-01	6.5844792377e-11                 	1.6579768427e-12                 	6.4186815534e-11                 	2.5180075490e-02                 	1.0001799795e-02                 
6.1992000000e+00	1.6063617179e-01	6.0145893068e-11                 	1.3662904523e-12                 	5.8779602616e-11                 	2.2716271762e-02                 	9.0277879288e-03                 
6.3581540000e+00	1.5662026370e-01	5.7225557382e-11                 	1.2348095231e-12                 	5.5990747859e-11                 	2.1577937894e-02                 	8.7096020295e-03                 
6.5254740000e+00	1.5260435581e-01	5.4606033683e-11                 	1.1142796156e-12                 	5.3491754067e-11                 	2.0405796584e-02                 	8.1831544254e-03                 
6.7018380000e+00	1.4858845531e-01	5.1980623452e-11                 	1.0025312883e-12                 	5.0978092164e-11                 	1.9286634552e-02                 	7.7190556480e-03                 
6.9110370000e+00	1.4409064170e-01	4.9095304752e-11                 	8.8751505911e-13                 	4.8207789693e-11                 	1.8077391791e-02                 	7.2231686100e-03                 
7.0848000000e+00	1.4055665031e-01	4.6897204518e-11                 	8.0429406667e-13                 	4.6092910451e-11                 	1.7150149459e-02                 	6.8382025675e-03                 
7.2931770000e+00	1.3654073611e-01	4.4450687252e-11                 	7.1696905069e-13                 	4.3733718201e-11                 	1.6129538034e-02                 	6.4111852468e-03                 
7.5141820000e+00	1.3252483852e-01	4.2081091560e-11                 	6.3696039129e-13                 	4.1444131169e-11                 	1.5136498785e-02                 	5.9833811959e-03                 
7.7490010000e+00	1.2850892085e-01	3.9791671149e-11                 	5.6386659365e-13                 	3.9227804555e-11                 	1.4170467773e-02                 	5.5491574256e-03                 
7.9989680000e+00	1.2449302912e-01	3.7556522819e-11                 	4.9740961764e-13                 	3.7059113201e-11                 	1.3244293675e-02                 	5.0847984890e-03                 
8.2656000000e+00	1.2047712884e-01	3.5335697736e-11                 	4.3692370392e-13                 	3.4898774033e-11                 	1.2364937780e-02                 	4.6584912291e-03                 
8.3772970000e+00	1.1887077134e-01	3.4461603464e-11                 	4.1432264503e-13                 	3.4047280819e-11                 	1.2022732647e-02                 	4.4950182944e-03                 
8.4920550000e+00	1.1726440257e-01	3.3595318408e-11                 	3.9260503845e-13                 	3.3202713370e-11                 	1.1686302052e-02                 	4.3336673784e-03                 
8.6100010000e+00	1.1565803025e-01	3.2736838989e-11                 	3.7173126848e-13                 	3.2365107720e-11                 	1.1355136292e-02                 	4.1796985369e-03                 
8.7312680000e+00	1.1405167682e-01	3.1890921667e-11                 	3.5170368916e-13                 	3.1539217978e-11                 	1.1028332540e-02                 	4.0242783787e-03                 
8.8560000000e+00	1.1244532025e-01	3.1052893917e-11                 	3.3249050720e-13                 	3.0720403410e-11                 	1.0707230962e-02                 	3.8715744132e-03                 
8.9843480000e+00	1.1083895639e-01	3.0224491661e-11                 	3.1406015485e-13                 	2.9910431506e-11                 	1.0390916028e-02                 	3.7246755974e-03                 
9.1164700000e+00	1.0923260386e-01	2.9408667467e-11                 	2.9640676965e-13                 	2.9112260697e-11                 	1.0078891537e-02                 	3.5771909921e-03                 
9.2525380000e+00	1.0762622711e-01	2.8602680315e-11                 	2.7949476794e-13                 	2.8323185547e-11                 	9.7716285630e-03                 	3.4353556346e-03                 
9.3927280000e+00	1.0601986517e-01	2.7809689979e-11                 	2.6331785478e-13                 	2.7546372124e-11                 	9.4685649131e-03                 	3.2924934050e-03                 
9.5372310000e+00	1.0441350914e-01	2.7025016617e-11                 	2.4784793155e-13                 	2.6777168685e-11                 	9.1710556579e-03                 	3.1527980779e-03                 
9.6636020000e+00	1.0304809285e-01	2.6368577835e-11                 	2.3524140657e-13                 	2.6133336428e-11                 	8.9212777437e-03                 	3.0342720970e-03                 
9.6862500000e+00	1.0280714994e-01	2.6253187883e-11                 	2.3306882301e-13                 	2.6020119060e-11                 	8.8777341648e-03                 	3.0129036854e-03                 
9.8400000000e+00	1.0120078823e-01	2.5495125461e-11                 	2.1895396924e-13                 	2.5276171492e-11                 	8.5880718485e-03                 	2.8756892414e-03                 
9.9987100000e+00	9.9594423296e-02	2.4748086027e-11                 	2.0549433207e-13                 	2.4542591695e-11                 	8.3034434196e-03                 	2.7358579348e-03                 
1.0162620000e+01	9.7988093243e-02	2.4012023121e-11                 	1.9266910985e-13                 	2.3819354011e-11                 	8.0238599173e-03                 	2.5933678493e-03                 
1.0332000000e+01	9.6381703073e-02	2.3286505408e-11                 	1.8045489357e-13                 	2.3106050515e-11                 	7.7493333762e-03                 	2.4495081755e-03                 
1.0507120000e+01	9.4775329124e-02	2.2566036801e-11                 	1.6882765099e-13                 	2.2397209150e-11                 	7.4814932049e-03                 	2.3086350026e-03                 
1.0688280000e+01	9.3168943567e-02	2.1856671803e-11                 	1.5777227205e-13                 	2.1698899531e-11                 	7.2184948133e-03                 	2.1664644626e-03                 
1.0875790000e+01	9.1562613488e-02	2.1157021830e-11                 	1.4726458420e-13                 	2.1009757246e-11                 	6.9605535872e-03                 	2.0275213970e-03                 
1.1070000000e+01	8.9956256201e-02	2.0468644624e-11                 	1.3729100288e-13                 	2.0331353622e-11                 	6.7073812360e-03                 	1.8873595127e-03                 
1.1271270000e+01	8.8349915861e-02	1.9790978453e-11                 	1.2783062898e-13                 	1.9663147824e-11                 	6.4590353267e-03                 	1.7484654406e-03                 
1.1353850000e+01	8.7707320085e-02	1.9522210663e-11                 	1.2418866126e-13                 	1.9398022001e-11                 	6.3614036038e-03                 	1.6907083482e-03                 
1.1395590000e+01	8.7386063920e-02	1.9388635405e-11                 	1.2239919238e-13                 	1.9266236213e-11                 	6.3129348621e-03                 	1.6600084619e-03                 
1.1416580000e+01	8.7225399914e-02	1.9322274718e-11                 	1.2151298605e-13                 	1.9200761732e-11                 	6.2887516002e-03                 	1.6432081594e-03                 
1.1427100000e+01	8.7145098595e-02	1.9289132969e-11                 	1.2107203796e-13                 	1.9168060931e-11                 	6.2766967368e-03                 	1.6346352001e-03                 
1.1437640000e+01	8.7064792750e-02	1.9256145152e-11                 	1.2063298549e-13                 	1.9135512166e-11                 	6.2646487414e-03                 	1.6253412084e-03                 
1.1448200000e+01	8.6984482814e-02	1.9223267352e-11                 	1.2019582115e-13                 	1.9103071531e-11                 	6.2526218329e-03                 	1.6153332561e-03                 
1.1458780000e+01	8.6904169218e-02	1.9190413309e-11                 	1.1976054262e-13                 	1.9070652767e-11                 	6.2406442579e-03                 	1.6046194375e-03                 
1.1469380000e+01	8.6823852392e-02	1.9157695837e-11                 	1.1932821026e-13                 	1.9038367626e-11                 	6.2287349836e-03                 	1.5921376873e-03                 
1.1480000000e+01	8.6743532766e-02	1.9124987834e-11                 	1.1889985320e-13                 	1.9006087980e-11                 	6.2169897433e-03                 	1.5768758486e-03                 
1.1490640000e+01	8.6663210765e-02	1.9091790690e-11                 	1.1847793387e-13                 	1.8973312756e-11                 	6.2057004395e-03                 	1.5564411310e-03                 
1.1501300000e+01	8.6582886817e-02	1.9055711728e-11                 	1.1806936729e-13                 	1.8937642361e-11                 	6.1960093108e-03                 	1.5242273630e-03                 
1.1511980000e+01	8.6502561345e-02	1.8997333900e-11                 	1.1769510319e-13                 	1.8879638796e-11                 	6.1953484533e-03                 	1.4615025311e-03                 
1.1517330000e+01	8.6462379401e-02	1.8914382301e-11                 	1.1752525513e-13                 	1.8796857046e-11                 	6.2135391609e-03                 	1.4190764422e-03                 
1.1522680000e+01	8.6422234771e-02	1.8731852286e-11                 	1.1722221058e-13                 	1.8614630075e-11                 	6.2579081230e-03                 	1.5274805570e-03                 
1.1523750000e+01	8.6414210318e-02	1.8710427942e-11                 	1.1712390188e-13                 	1.8593304040e-11                 	6.2598195101e-03                 	1.5872284734e-03                 
1.1524820000e+01	8.6406187355e-02	1.8706328741e-11                 	1.1702502776e-13                 	1.8589303713e-11                 	6.2559056554e-03                 	1.6449437592e-03                 
1.1533400000e+01	8.6341907516e-02	1.8844470776e-11                 	1.1657174120e-13                 	1.8727899035e-11                 	6.1859917738e-03                 	1.7230983784e-03                 
1.1544130000e+01	8.6261654724e-02	1.8876207666e-11                 	1.1618518048e-13                 	1.8760022486e-11                 	6.1551124324e-03                 	1.6626748504e-03                 
1.1554890000e+01	8.6181327226e-02	1.8861475054e-11                 	1.1577949176e-13                 	1.8745695562e-11                 	6.1384113082e-03                 	1.6302273310e-03                 
1.1565670000e+01	8.6101000301e-02	1.8836497941e-11                 	1.1536532580e-13                 	1.8721132616e-11                 	6.1245633958e-03                 	1.6090940080e-03                 
1.1576470000e+01	8.6020674364e-02	1.8807826681e-11                 	1.1494725306e-13                 	1.8692879428e-11                 	6.1116712210e-03                 	1.5936301354e-03                 
1.1587290000e+01	8.5940349827e-02	1.8777602356e-11                 	1.1452798409e-13                 	1.8663074372e-11                 	6.0991803914e-03                 	1.5807830118e-03                 
1.1598130000e+01	8.5860027103e-02	1.8746490261e-11                 	1.1410817568e-13                 	1.8632382085e-11                 	6.0869087540e-03                 	1.5697998865e-03                 
1.1608990000e+01	8.5779706602e-02	1.8714880204e-11                 	1.1368851178e-13                 	1.8601191692e-11                 	6.0747656703e-03                 	1.5599370226e-03                 
1.1619870000e+01	8.5699388732e-02	1.8683074912e-11                 	1.1326969214e-13                 	1.8569805220e-11                 	6.0626900375e-03                 	1.5504399044e-03                 
1.1630770000e+01	8.5619073900e-02	1.8651018525e-11                 	1.1285136084e-13                 	1.8538167164e-11                 	6.0506808621e-03                 	1.5416866581e-03                 
1.1652630000e+01	8.5458454971e-02	1.8586743636e-11                 	1.1201788523e-13                 	1.8474725751e-11                 	6.0267622683e-03                 	1.5245640652e-03                 
1.1696600000e+01	8.5137198515e-02	1.8457345300e-11                 	1.1036162409e-13                 	1.8346983676e-11                 	5.9792793762e-03                 	1.4936718227e-03                 
1.1921540000e+01	8.3530798550e-02	1.7813030710e-11                 	1.0234380624e-13                 	1.7710686904e-11                 	5.7454460111e-03                 	1.3498828013e-03                 
1.2155290000e+01	8.1924475364e-02	1.7179579711e-11                 	9.4772598792e-14                 	1.7084807112e-11                 	5.5165842464e-03                 	1.2033942816e-03                 
1.2275640000e+01	8.1121290307e-02	1.6868669721e-11                 	9.1146950929e-14                 	1.6777522770e-11                 	5.4033277333e-03                 	1.1313850095e-03                 
1.2398400000e+01	8.0318085894e-02	1.6559440897e-11                 	8.7633417176e-14                 	1.6471807480e-11                 	5.2920516894e-03                 	1.0497663277e-03                 
1.2651430000e+01	7.8711715288e-02	1.5921954104e-11                 	8.0910100869e-14                 	1.5841044003e-11                 	5.0816690175e-03                 	8.8972727848e-04                 
1.2915000000e+01	7.7105362458e-02	1.5291166217e-11                 	7.4569428586e-14                 	1.5216596788e-11                 	4.8766344914e-03                 	7.4504056221e-04                 
1.3189790000e+01	7.5498984908e-02	1.4667763487e-11                 	6.8603478384e-14                 	1.4599160009e-11                 	4.6771601167e-03                 	6.0649421441e-04                 
1.3476520000e+01	7.3892648558e-02	1.4052887308e-11                 	6.2998358824e-14                 	1.3989888949e-11                 	4.4829476993e-03                 	4.7344221436e-04                 
1.3776000000e+01	7.2286277305e-02	1.3448490463e-11                 	5.7738486311e-14                 	1.3390751977e-11                 	4.2933061127e-03                 	3.4795936494e-04                 
1.4089090000e+01	7.0679920147e-02	1.2855474533e-11                 	5.2812053703e-14                 	1.2802662479e-11                 	4.1081372429e-03                 	2.2620699168e-04                 
1.4416740000e+01	6.9073573925e-02	1.2274335946e-11                 	4.8204816366e-14                 	1.2226131129e-11                 	3.9272850751e-03                 	1.0876996925e-04                 
1.4760000000e+01	6.7467192151e-02	1.1701980881e-11                 	4.3903485781e-14                 	1.1658077395e-11                 	3.7517994798e-03                 	-6.0792869398e-06                
1.4999280000e+01	6.6390903840e-02	1.1329555915e-11                 	4.1186327903e-14                 	1.1288369587e-11                 	3.6352994073e-03                 	-8.1772715052e-05                
1.5120000000e+01	6.5860830433e-02	1.1149139936e-11                 	3.9895362292e-14                 	1.1109244574e-11                 	3.5783354161e-03                 	-1.1903644229e-04                
1.5498000000e+01	6.4254468715e-02	1.0608166049e-11                 	3.6166670601e-14                 	1.0571999378e-11                 	3.4093235753e-03                 	-2.3005104178e-04                
1.5895380000e+01	6.2648125188e-02	1.0078599463e-11                 	3.2706025291e-14                 	1.0045893437e-11                 	3.2450962469e-03                 	-3.4512863530e-04                
1.6313680000e+01	6.1041761034e-02	9.5574976893e-12                 	2.9499589635e-14                 	9.5279980996e-12                 	3.0865390288e-03                 	-4.6334172449e-04                
1.6754590000e+01	5.9435399861e-02	9.0431703979e-12                 	2.6535813991e-14                 	9.0166345839e-12                 	2.9343485552e-03                 	-5.9080471634e-04                
1.7220000000e+01	5.7829021844e-02	8.5350245722e-12                 	2.3798897745e-14                 	8.5112256745e-12                 	2.7883806946e-03                 	-7.1461800489e-04                
1.7712000000e+01	5.6222660126e-02	8.0415548581e-12                 	2.1278072273e-14                 	8.0202767858e-12                 	2.6460146885e-03                 	-8.3581388856e-04                
1.8232940000e+01	5.4616301932e-02	7.5565980365e-12                 	1.8962264822e-14                 	7.5376357717e-12                 	2.5093652899e-03                 	-9.5978824996e-04                
1.8785460000e+01	5.3009921298e-02	7.0830841009e-12                 	1.6840204567e-14                 	7.0662438963e-12                 	2.3775242997e-03                 	-1.0864554849e-03                
1.9372500000e+01	5.1403574972e-02	6.6177375345e-12                 	1.4901962143e-14                 	6.6028355724e-12                 	2.2518212705e-03                 	-1.2261739138e-03                
2.0000650000e+01	4.9789169659e-02	6.1386685116e-12                 	1.3128674244e-14                 	6.1255398373e-12                 	2.1386843448e-03                 	-1.4027706898e-03                
2.0325250000e+01	4.8994022516e-02	5.9030740546e-12                 	1.2313216304e-14                 	5.8907608383e-12                 	2.0858990061e-03                 	-1.4759676398e-03                
2.0664000000e+01	4.8190851536e-02	5.6723213336e-12                 	1.1527808187e-14                 	5.6607935255e-12                 	2.0322911042e-03                 	-1.5419769096e-03                
2.1014240000e+01	4.7387664562e-02	5.4439895763e-12                 	1.0779774899e-14                 	5.4332098014e-12                 	1.9801240887e-03                 	-1.6047025762e-03                
2.1376550000e+01	4.6584493576e-02	5.2221547224e-12                 	1.0068246864e-14                 	5.2120864756e-12                 	1.9279870857e-03                 	-1.6624194154e-03                
2.1751580000e+01	4.5781306744e-02	5.0067431246e-12                 	9.3922369327e-15                 	4.9973508876e-12                 	1.8759174775e-03                 	-1.7169304533e-03                
2.2140000000e+01	4.4978128101e-02	4.7962217996e-12                 	8.7504385410e-15                 	4.7874713611e-12                 	1.8244440951e-03                 	-1.7678724620e-03                
2.2542550000e+01	4.4174938334e-02	4.5917117589e-12                 	8.1420318949e-15                 	4.5835697270e-12                 	1.7732018738e-03                 	-1.8178202446e-03                
2.2960000000e+01	4.3371766383e-02	4.3916957893e-12                 	7.5657631796e-15                 	4.3841300261e-12                 	1.7227430001e-03                 	-1.8671975629e-03                
2.3393210000e+01	4.2568581060e-02	4.1970963332e-12                 	7.0206696719e-15                 	4.1900756635e-12                 	1.6727444678e-03                 	-1.9174983029e-03                
2.3843080000e+01	4.1765399275e-02	4.0072279146e-12                 	6.5055511760e-15                 	4.0007223634e-12                 	1.6234542468e-03                 	-1.9686665959e-03                
2.4310590000e+01	4.0962220833e-02	3.8170656162e-12                 	6.0196281148e-15                 	3.8110459881e-12                 	1.5770302950e-03                 	-2.0352663185e-03                
2.4996770000e+01	3.9837777287e-02	3.5466583768e-12                 	5.3861966943e-15                 	3.5412721801e-12                 	1.5186680312e-03                 	-2.1659313235e-03                
2.7552000000e+01	3.6143138652e-02	2.7594442396e-12                 	3.6430205569e-15                 	2.7558012191e-12                 	1.3202008232e-03                 	-2.3675766402e-03                
2.9998550000e+01	3.3195462986e-02	2.2408194863e-12                 	2.5871584223e-15                 	2.2382323279e-12                 	1.1545590522e-03                 	-2.4222897481e-03                
3.3509190000e+01	2.9717691062e-02	1.7378211039e-12                 	1.6571865427e-15                 	1.7361639173e-12                 	9.5360019449e-04                 	-2.3401353592e-03                
3.7570910000e+01	2.6504967704e-02	1.3657610293e-12                 	1.0457691874e-15                 	1.3647152601e-12                 	7.6570436918e-04                 	-2.0518151659e-03                
4.1328000000e+01	2.4095425768e-02	1.1298757526e-12                 	7.1285780220e-16                 	1.1291628948e-12                 	6.3091698408e-04                 	-1.7035115766e-03                
4.5085090000e+01	2.2087474066e-02	9.5716964486e-13                 	5.0246666937e-16                 	9.5666717819e-13                 	5.2495048507e-04                 	-1.2700240287e-03                
4.9993550000e+01	1.9918884659e-02	7.9161201996e-13                 	3.3161567971e-16                 	7.9128040428e-13                 	4.1891188025e-04                 	-3.6875196849e-04                
5.1660000000e+01	1.9276340615e-02	7.4291181683e-13                 	2.9066736336e-16                 	7.4262114947e-13                 	3.9125419299e-04                 	-4.0808325076e-05                
5.3906090000e+01	1.8473158713e-02	6.8146297562e-13                 	2.4498745141e-16                 	6.8121798817e-13                 	3.5950221827e-04                 	3.4789080062e-04                 
5.6356370000e+01	1.7669976901e-02	6.1981373916e-13                 	2.0493500112e-16                 	6.1960880416e-13                 	3.3063965540e-04                 	7.2183593910e-04                 
5.9040000000e+01	1.6866798038e-02	5.5832013299e-13                 	1.7002177069e-16                 	5.5815011122e-13                 	3.0452380390e-04                 	1.0632207211e-03                 
6.1992000000e+01	1.6063617179e-02	4.9798521020e-13                 	1.3978656448e-16                 	4.9784542364e-13                 	2.8070424908e-04                 	1.3509128979e-03                 
6.3581540000e+01	1.5662026370e-02	4.6833363979e-13                 	1.2628190834e-16                 	4.6820735788e-13                 	2.6964090899e-04                 	1.4757818623e-03                 
6.5254740000e+01	1.5260435581e-02	4.3927523458e-13                 	1.1378280098e-16                 	4.3916145178e-13                 	2.5902393766e-04                 	1.5836368406e-03                 
6.7018380000e+01	1.4858845531e-02	4.1105814417e-13                 	1.0223797013e-16                 	4.1095590620e-13                 	2.4871899896e-04                 	1.6687851464e-03                 
6.8880000000e+01	1.4457255461e-02	3.8348707674e-13                 	9.1595798115e-17                 	3.8339548094e-13                 	2.3884976488e-04                 	1.7407889845e-03                 
7.0007900000e+01	1.4224334056e-02	3.6799728183e-13                 	8.5818197794e-17                 	3.6791146364e-13                 	2.3320334696e-04                 	1.7710164703e-03                 
7.0848000000e+01	1.4055665031e-02	3.5687866225e-13                 	8.1808576249e-17                 	3.5679685367e-13                 	2.2923358806e-04                 	1.7926338400e-03                 
7.2931760000e+01	1.3654075483e-02	3.3115796712e-13                 	7.2827912772e-17                 	3.3108513921e-13                 	2.1991895108e-04                 	1.8270652933e-03                 
7.5141820000e+01	1.3252483852e-02	3.0648545247e-13                 	6.4608423694e-17                 	3.0642084404e-13                 	2.1080421003e-04                 	1.8428814737e-03                 
7.7490000000e+01	1.2850893743e-02	2.8292852467e-13                 	5.7105690971e-17                 	2.8287141898e-13                 	2.0183787067e-04                 	1.8405542370e-03                 
7.9989680000e+01	1.2449302912e-02	2.6042307848e-13                 	5.0275172550e-17                 	2.6037280331e-13                 	1.9305190939e-04                 	1.8195954072e-03                 
8.2656010000e+01	1.2047711427e-02	2.3972300680e-13                 	4.4076308767e-17                 	2.3967893049e-13                 	1.8386349043e-04                 	1.7700275222e-03                 
8.5506210000e+01	1.1646122032e-02	2.2123105155e-13                 	3.8469525643e-17                 	2.2119258202e-13                 	1.7388845451e-04                 	1.6925587439e-03                 
8.8560000000e+01	1.1244532025e-02	2.0546497692e-13                 	3.3415788960e-17                 	2.0543156113e-13                 	1.6263496320e-04                 	1.5866226985e-03                 
9.1840000000e+01	1.0842941596e-02	1.9189034605e-13                 	2.8878749823e-17                 	1.9186146730e-13                 	1.5049610581e-04                 	1.4698794157e-03                 
9.5372310000e+01	1.0441350914e-02	1.8006584653e-13                 	2.4819910863e-17                 	1.8004102661e-13                 	1.3783797062e-04                 	1.3464327649e-03                 
9.9987100000e+01	9.9594423296e-03	1.6781308239e-13                 	2.0530320341e-17                 	1.6779255207e-13                 	1.2234040427e-04                 	1.1941807580e-03                 
1.0332000000e+02	9.6381703073e-03	1.6266121128e-13                 	1.7995364879e-17                 	1.6264321591e-13                 	1.1063095336e-04                 	1.0762730114e-03                 
1.1271270000e+02	8.8349915861e-03	1.6880498957e-13                 	1.2681906329e-17                 	1.6879230767e-13                 	7.5127556126e-05                 	7.3403995395e-04                 
1.1808000000e+02	8.4333990189e-03	1.8655243221e-13                 	1.0521730632e-17                 	1.8654191048e-13                 	5.6400929793e-05                 	5.5679384646e-04                 
1.2398400000e+02	8.0318085894e-03	2.1538997450e-13                 	8.6575834703e-18                 	2.1538131691e-13                 	4.0194923141e-05                 	3.8794464498e-04                 
1.3500000000e+02	7.3764130085e-03	2.6438758858e-13                 	6.1909587747e-18                 	2.6438139762e-13                 	2.3416223159e-05                 	1.3867446681e-04                 
1.4999270000e+02	6.6390948103e-03	2.1476256944e-13                 	4.1060847389e-18                 	2.1475846336e-13                 	1.9119182405e-05                 	-8.9599179381e-05                
1.7499510000e+02	5.6905350844e-03	9.8061606752e-14                 	2.2222241859e-18                 	9.8059384528e-14                 	2.2661511059e-05                 	-3.0070076782e-04                
2.0000650000e+02	4.9789169659e-03	5.4711977874e-14                 	1.3002383434e-18                 	5.4710677635e-14                 	2.3765149678e-05                 	-4.0577193596e-04                
2.5001820000e+02	3.9829730642e-03	2.6999986834e-14                 	5.3131369860e-19                 	2.6999455520e-14                 	1.9678294729e-05                 	-4.7813853074e-04                
2.9998550000e+02	3.3195462986e-03	1.7500324660e-14                 	2.5607016103e-19                 	1.7500068590e-14                 	1.4632309171e-05                 	-4.7537635925e-04                
3.5424000000e+02	2.8111330063e-03	1.2481246278e-14                 	1.3160898665e-19                 	1.2481114669e-14                 	1.0544538880e-05                 	-4.4228772791e-04                
4.1328000000e+02	2.4095425768e-03	9.3604113051e-15                 	7.1009643698e-20                 	9.3603402954e-15                 	7.5861670373e-06                 	-3.9577720680e-04                
4.9993550000e+02	1.9918884659e-03	6.6592933536e-15                 	3.3150237790e-20                 	6.6592602034e-15                 	4.9780413671e-06                 	-3.2856896795e-04                
7.0007910000e+02	1.4224332024e-03	3.6582912561e-15                 	8.6178548067e-21                 	3.6582826383e-15                 	2.3557049462e-06                 	-2.1253363134e-04                
9.9987100000e+02	9.9594423296e-04	1.9004912449e-15                 	2.0707707914e-21                 	1.9004891741e-15                 	1.0895976485e-06                 	-1.2046381385e-04                
1.2002320000e+03	8.2968605749e-04	1.3458726089e-15                 	9.9729577006e-22                 	1.3458716116e-15                 	7.4100309604e-07                 	-8.7528566711e-05                
1.2398400000e+03	8.0318085894e-04	1.2650730641e-15                 	8.7582818492e-22                 	1.2650721882e-15                 	6.9231430958e-07                 	-8.2568594219e-05                
1.4999270000e+03	6.6390948103e-04	8.7718135949e-16                 	4.0887026076e-22                 	8.7718095062e-16                 	4.6611827342e-07                 	-5.8263825177e-05                
2.0000650000e+03	4.9789169659e-04	5.0060310578e-16                 	1.2932277609e-22                 	5.0060297646e-16                 	2.5833394679e-07                 	-3.3800744718e-05                
1.2398400000e+04	8.0318085894e-05	1.3282099816e-17                 	8.7573101168e-26                 	1.3282099729e-17                 	6.5933175010e-09                 	-9.1543363626e-07                
1.2398400000e+05	8.0318085894e-06	1.3289139737e-19                 	8.7572496008e-30                 	1.3289139736e-19                 	6.5897791536e-11                 	-9.1640090417e-09                
