#wavelengths (mu)	size parameter  	extinction cross section (cm^2)  	scattering cross section (cm^2)  	absorption cross section (cm^2)  	single scattering albedo         	asymmetry parameter              
1.2398400000e-04	8.0318248062e+05	1.2541610685e-05                 	1.2416806799e-05                 	1.2480388589e-07                 	9.9004881518e-01                 	9.9999999964e-01                 
1.5498000000e-04	6.4254598449e+05	1.5076943424e-05                 	1.4935910422e-05                 	1.4103300142e-07                 	9.9064578294e-01                 	9.9999999929e-01                 
2.0664000000e-04	4.8190948837e+05	1.7305601636e-05                 	1.6930721430e-05                 	3.7488020503e-07                 	9.7833763813e-01                 	9.9999999809e-01                 
2.4796800000e-04	4.0159124031e+05	1.3965569449e-05                 	1.3321792596e-05                 	6.4377685257e-07                 	9.5390257054e-01                 	9.9999999507e-01                 
3.0996000000e-04	3.2127299225e+05	1.6924959639e-05                 	1.5701400379e-05                 	1.2235592593e-06                 	9.2770681376e-01                 	9.9999999008e-01                 
4.1328000000e-04	2.4095474419e+05	1.6565008196e-05                 	1.3971387983e-05                 	2.5936202133e-06                 	8.4342777362e-01                 	9.9999996696e-01                 
4.9593600000e-04	2.0079562015e+05	1.6331343116e-05                 	1.2457741898e-05                 	3.8736012184e-06                 	7.6281184035e-01                 	9.9999992819e-01                 
6.1992000000e-04	1.6063649612e+05	1.6045981061e-05                 	1.0418294304e-05                 	5.6276867571e-06                 	6.4927748976e-01                 	9.9999981307e-01                 
6.5254740000e-04	1.5260466393e+05	1.5578096262e-05                 	9.5800404307e-06                 	5.9980558317e-06                 	6.1496862449e-01                 	9.9999975783e-01                 
6.8880000000e-04	1.4457284651e+05	1.5837372843e-05                 	9.4825370769e-06                 	6.3548357661e-06                 	5.9874432274e-01                 	9.9999970796e-01                 
7.2931770000e-04	1.3654101179e+05	1.5854518573e-05                 	9.1668472627e-06                 	6.6876713099e-06                 	5.7818515401e-01                 	9.9999963641e-01                 
7.7490000000e-04	1.2850919690e+05	1.5729790752e-05                 	8.7459456480e-06                 	6.9838451038e-06                 	5.5601156976e-01                 	9.9999953729e-01                 
8.2656000000e-04	1.2047737209e+05	1.5826272093e-05                 	8.5906360641e-06                 	7.2356360286e-06                 	5.4280856627e-01                 	9.9999942241e-01                 
8.8560000000e-04	1.1244554729e+05	1.5786034537e-05                 	8.3494116792e-06                 	7.4366228581e-06                 	5.2891127658e-01                 	9.9999926334e-01                 
9.5372310000e-04	1.0441371995e+05	1.5773229090e-05                 	8.1849007000e-06                 	7.5883283896e-06                 	5.1891091250e-01                 	9.9999905850e-01                 
1.0332000000e-03	9.6381897674e+04	1.5784168491e-05                 	8.0876460721e-06                 	7.6965224189e-06                 	5.1238974525e-01                 	9.9999878652e-01                 
1.1271270000e-03	8.8350094246e+04	1.5781022699e-05                 	8.0116937914e-06                 	7.7693289081e-06                 	5.0767899799e-01                 	9.9999841131e-01                 
1.2398400000e-03	8.0318248062e+04	1.5777675891e-05                 	7.9615384185e-06                 	7.8161374721e-06                 	5.0460780623e-01                 	9.9999787840e-01                 
1.3050950000e-03	7.6302320273e+04	1.5776717429e-05                 	7.9444870508e-06                 	7.8322303784e-06                 	5.0355766885e-01                 	9.9999752312e-01                 
1.3776000000e-03	7.2286423256e+04	1.5775896018e-05                 	7.9313972870e-06                 	7.8444987309e-06                 	5.0275415596e-01                 	9.9999708251e-01                 
1.4586350000e-03	6.8270524618e+04	1.5775627360e-05                 	7.9219972364e-06                 	7.8536301235e-06                 	5.0216685877e-01                 	9.9999652769e-01                 
1.5498000000e-03	6.4254598449e+04	1.5776024878e-05                 	7.9158686216e-06                 	7.8601562569e-06                 	5.0176572886e-01                 	9.9999582273e-01                 
1.6531200000e-03	6.0238686046e+04	1.5777202827e-05                 	7.9126170906e-06                 	7.8645857364e-06                 	5.0152217585e-01                 	9.9999490445e-01                 
1.7712000000e-03	5.6222773643e+04	1.5779068137e-05                 	7.9117994268e-06                 	7.8672687105e-06                 	5.0141106927e-01                 	9.9999368263e-01                 
1.9074460000e-03	5.2206865451e+04	1.5781179120e-05                 	7.9126227907e-06                 	7.8685563295e-06                 	5.0139617138e-01                 	9.9999202163e-01                 
2.0664000000e-03	4.8190948837e+04	1.5782795586e-05                 	7.9140259515e-06                 	7.8687696349e-06                 	5.0143372308e-01                 	9.9998973899e-01                 
2.2542550000e-03	4.4175027527e+04	1.5783525489e-05                 	7.9153870630e-06                 	7.8681384257e-06                 	5.0149677071e-01                 	9.9998650927e-01                 
2.4796800000e-03	4.0159124031e+04	1.5783857052e-05                 	7.9169168418e-06                 	7.8669402107e-06                 	5.0158315648e-01                 	9.9998192240e-01                 
2.7552000000e-03	3.6143211628e+04	1.5784563168e-05                 	7.9192121842e-06                 	7.8653509835e-06                 	5.0170613530e-01                 	9.9997524372e-01                 
3.0996000000e-03	3.2127299225e+04	1.5785604000e-05                 	7.9216395541e-06                 	7.8639644463e-06                 	5.0182682613e-01                 	9.9996606181e-01                 
3.2627370000e-03	3.0520932786e+04	1.5786083156e-05                 	7.9225466576e-06                 	7.8635364981e-06                 	5.0186905640e-01                 	9.9996144357e-01                 
3.4440000000e-03	2.8914569302e+04	1.5786596005e-05                 	7.9232524845e-06                 	7.8633435203e-06                 	5.0189746302e-01                 	9.9995639642e-01                 
3.6465880000e-03	2.7308206103e+04	1.5787141909e-05                 	7.9234958967e-06                 	7.8636460121e-06                 	5.0189552628e-01                 	9.9995131191e-01                 
3.7570910000e-03	2.6505021219e+04	1.5787444252e-05                 	7.9240225712e-06                 	7.8634216806e-06                 	5.0191927489e-01                 	9.9994796159e-01                 
3.8745000000e-03	2.5701839380e+04	1.5787988956e-05                 	7.9261550439e-06                 	7.8618339123e-06                 	5.0203702738e-01                 	9.9994014328e-01                 
3.9360000000e-03	2.5300248139e+04	1.5788800088e-05                 	7.9275032202e-06                 	7.8612968681e-06                 	5.0209662393e-01                 	9.9993009664e-01                 
3.9994840000e-03	2.4898656096e+04	1.5789544353e-05                 	7.9248133862e-06                 	7.8647309670e-06                 	5.0190260142e-01                 	9.9992795082e-01                 
4.0124270000e-03	2.4818339792e+04	1.5789686380e-05                 	7.9235914161e-06                 	7.8660949639e-06                 	5.0182069646e-01                 	9.9992932946e-01                 
4.0254550000e-03	2.4738017610e+04	1.5789765512e-05                 	7.9214499772e-06                 	7.8683155343e-06                 	5.0168255959e-01                 	9.9993353374e-01                 
4.0385670000e-03	2.4657700783e+04	1.5789536601e-05                 	7.9186839043e-06                 	7.8708526964e-06                 	5.0151464888e-01                 	9.9994140949e-01                 
4.0517650000e-03	2.4577382123e+04	1.5789155126e-05                 	7.9169754268e-06                 	7.8721796991e-06                 	5.0141856000e-01                 	9.9994733064e-01                 
4.0650490000e-03	2.4497066746e+04	1.5789006495e-05                 	7.9165072093e-06                 	7.8724992855e-06                 	5.0139362549e-01                 	9.9994907485e-01                 
4.0784210000e-03	2.4416747726e+04	1.5788933214e-05                 	7.9156983248e-06                 	7.8732348889e-06                 	5.0134472150e-01                 	9.9995105099e-01                 
4.0918810000e-03	2.4336430282e+04	1.5788670999e-05                 	7.9141640486e-06                 	7.8745069508e-06                 	5.0125587194e-01                 	9.9995523117e-01                 
4.1054310000e-03	2.4256107745e+04	1.5788083915e-05                 	7.9132034614e-06                 	7.8748804540e-06                 	5.0121366873e-01                 	9.9995936192e-01                 
4.1190700000e-03	2.4175791302e+04	1.5787937358e-05                 	7.9141426464e-06                 	7.8737947119e-06                 	5.0127780892e-01                 	9.9995836365e-01                 
4.1328000000e-03	2.4095474419e+04	1.5787946926e-05                 	7.9157847083e-06                 	7.8721622179e-06                 	5.0138151245e-01                 	9.9995561984e-01                 
4.1466220000e-03	2.4015156597e+04	1.5788422001e-05                 	7.9177180667e-06                 	7.8707039341e-06                 	5.0148888004e-01                 	9.9994985770e-01                 
4.1605370000e-03	2.3934837420e+04	1.5788717501e-05                 	7.9183272756e-06                 	7.8703902255e-06                 	5.0151807929e-01                 	9.9994702986e-01                 
4.1745450000e-03	2.3854522272e+04	1.5789038838e-05                 	7.9198633425e-06                 	7.8691754954e-06                 	5.0160515937e-01                 	9.9994206976e-01                 
4.1886490000e-03	2.3774199432e+04	1.5789892479e-05                 	7.9208340833e-06                 	7.8690583954e-06                 	5.0163951996e-01                 	9.9993408909e-01                 
4.2028470000e-03	2.3693885758e+04	1.5790219526e-05                 	7.9190177344e-06                 	7.8712017912e-06                 	5.0151410001e-01                 	9.9993630315e-01                 
4.2171430000e-03	2.3613564130e+04	1.5790560128e-05                 	7.9176041337e-06                 	7.8729559946e-06                 	5.0141376046e-01                 	9.9993798003e-01                 
4.2315360000e-03	2.3533245771e+04	1.5791010857e-05                 	7.9156564308e-06                 	7.8753544266e-06                 	5.0127610590e-01                 	9.9994118734e-01                 
4.2445740000e-03	2.3460959021e+04	1.5790977106e-05                 	7.9125871888e-06                 	7.8783899173e-06                 	5.0108281049e-01                 	9.9995013239e-01                 
4.2460280000e-03	2.3452925105e+04	1.5791393121e-05                 	7.9132883243e-06                 	7.8781047966e-06                 	5.0111400962e-01                 	9.9994676308e-01                 
4.2503940000e-03	2.3428834286e+04	1.5792493277e-05                 	7.9129444945e-06                 	7.8795487824e-06                 	5.0105732868e-01                 	9.9994466966e-01                 
4.2518520000e-03	2.3420800319e+04	1.5792518651e-05                 	7.9109543316e-06                 	7.8815643195e-06                 	5.0093050427e-01                 	9.9995147969e-01                 
4.2533110000e-03	2.3412766355e+04	1.5792355087e-05                 	7.9083557633e-06                 	7.8839993235e-06                 	5.0077114653e-01                 	9.9996020089e-01                 
4.2591550000e-03	2.3380641624e+04	1.5789313464e-05                 	7.9005566120e-06                 	7.8887568524e-06                 	5.0037366285e-01                 	9.9998092542e-01                 
4.2606190000e-03	2.3372607754e+04	1.5788056630e-05                 	7.8994520073e-06                 	7.8886046224e-06                 	5.0034353135e-01                 	9.9998293255e-01                 
4.2753100000e-03	2.3292293817e+04	1.5786260868e-05                 	7.9047873082e-06                 	7.8814735603e-06                 	5.0073841894e-01                 	9.9997621786e-01                 
4.2901040000e-03	2.3211972641e+04	1.5787640267e-05                 	7.9098641548e-06                 	7.8777761122e-06                 	5.0101623935e-01                 	9.9996586614e-01                 
4.3050000000e-03	2.3131655442e+04	1.5788409745e-05                 	7.9122217076e-06                 	7.8761880377e-06                 	5.0114114311e-01                 	9.9995939636e-01                 
4.3200000000e-03	2.3051337194e+04	1.5789177839e-05                 	7.9170398606e-06                 	7.8721379780e-06                 	5.0142191959e-01                 	9.9994672528e-01                 
4.3275390000e-03	2.3011179490e+04	1.5790443482e-05                 	7.9234171707e-06                 	7.8670263108e-06                 	5.0178560089e-01                 	9.9992358809e-01                 
4.3351050000e-03	2.2971018390e+04	1.5792149599e-05                 	7.9332916314e-06                 	7.8588579674e-06                 	5.0235666663e-01                 	9.9987394642e-01                 
4.3381390000e-03	2.2954952960e+04	1.5793861279e-05                 	7.9388040525e-06                 	7.8550572269e-06                 	5.0265124608e-01                 	9.9981900637e-01                 
4.3396570000e-03	2.2946923381e+04	1.5794397397e-05                 	7.9398888390e-06                 	7.8545085579e-06                 	5.0270286605e-01                 	9.9980132432e-01                 
4.3411770000e-03	2.2938888849e+04	1.5794907806e-05                 	7.9391571488e-06                 	7.8557506571e-06                 	5.0264029688e-01                 	9.9979427861e-01                 
4.3426970000e-03	2.2930859942e+04	1.5795430471e-05                 	7.9378480700e-06                 	7.8575824015e-06                 	5.0254078762e-01                 	9.9979188867e-01                 
4.3442190000e-03	2.2922826100e+04	1.5795918925e-05                 	7.9371111787e-06                 	7.8588077465e-06                 	5.0247859693e-01                 	9.9978771453e-01                 
4.3457420000e-03	2.2914792612e+04	1.5796289764e-05                 	7.9350870282e-06                 	7.8612027359e-06                 	5.0233865969e-01                 	9.9979657649e-01                 
4.3472650000e-03	2.2906764754e+04	1.5796662249e-05                 	7.9327272961e-06                 	7.8639349533e-06                 	5.0217743286e-01                 	9.9980959394e-01                 
4.3487900000e-03	2.2898731987e+04	1.5797066411e-05                 	7.9308285027e-06                 	7.8662379080e-06                 	5.0204438574e-01                 	9.9982009791e-01                 
4.3503160000e-03	2.2890699590e+04	1.5797436927e-05                 	7.9291947887e-06                 	7.8682421384e-06                 	5.0192919429e-01                 	9.9982997648e-01                 
4.3518430000e-03	2.2882667568e+04	1.5797788910e-05                 	7.9273980333e-06                 	7.8703908766e-06                 	5.0180427644e-01                 	9.9984212696e-01                 
4.3549000000e-03	2.2866604670e+04	1.5798534999e-05                 	7.9243090735e-06                 	7.8742259259e-06                 	5.0158505670e-01                 	9.9986388897e-01                 
4.3579610000e-03	2.2850543334e+04	1.5799347209e-05                 	7.9213533714e-06                 	7.8779938372e-06                 	5.0137219385e-01                 	9.9988587343e-01                 
4.3610270000e-03	2.2834478364e+04	1.5800244982e-05                 	7.9182283494e-06                 	7.8820166324e-06                 	5.0114592264e-01                 	9.9990933786e-01                 
4.3640970000e-03	2.2818415053e+04	1.5801505740e-05                 	7.9145009882e-06                 	7.8870047516e-06                 	5.0087005115e-01                 	9.9993603616e-01                 
4.3656340000e-03	2.2810381419e+04	1.5801942307e-05                 	7.9130720871e-06                 	7.8888702197e-06                 	5.0076578774e-01                 	9.9994583758e-01                 
4.3733330000e-03	2.2770225061e+04	1.5802415445e-05                 	7.9136154811e-06                 	7.8887999642e-06                 	5.0078518113e-01                 	9.9997327264e-01                 
4.3810600000e-03	2.2730064568e+04	1.5802860574e-05                 	7.9204546820e-06                 	7.8824058922e-06                 	5.0120385767e-01                 	9.9998034131e-01                 
4.3965960000e-03	2.2649744638e+04	1.5805331198e-05                 	7.9473438689e-06                 	7.8579873295e-06                 	5.0282678478e-01                 	9.9998832549e-01                 
4.4280000000e-03	2.2489109457e+04	1.5822762277e-05                 	7.9769632513e-06                 	7.8457990261e-06                 	5.0414479542e-01                 	9.9999925931e-01                 
4.5085090000e-03	2.2087518662e+04	1.5779329983e-05                 	7.9477017913e-06                 	7.8316281920e-06                 	5.0367802687e-01                 	9.9999297213e-01                 
4.5920000000e-03	2.1685926977e+04	1.5770148929e-05                 	7.9451908139e-06                 	7.8249581155e-06                 	5.0381203434e-01                 	9.9998071948e-01                 
4.7686160000e-03	2.0882741801e+04	1.5788689982e-05                 	7.9711369560e-06                 	7.8175530263e-06                 	5.0486373252e-01                 	9.9995594750e-01                 
5.1660000000e-03	1.9276379535e+04	1.5785958855e-05                 	7.9788921945e-06                 	7.8070666606e-06                 	5.0544235341e-01                 	9.9990361021e-01                 
5.6356360000e-03	1.7670015714e+04	1.5786583711e-05                 	7.9923296001e-06                 	7.7942541105e-06                 	5.0627353876e-01                 	9.9983646870e-01                 
6.1992000000e-03	1.6063649612e+04	1.5790827743e-05                 	8.0143048645e-06                 	7.7765228789e-06                 	5.0752911720e-01                 	9.9973949860e-01                 
6.5254740000e-03	1.5260466393e+04	1.5791743862e-05                 	8.0265162237e-06                 	7.7652276379e-06                 	5.0827294908e-01                 	9.9967240970e-01                 
6.8880000000e-03	1.4457284651e+04	1.5792940909e-05                 	8.0408585566e-06                 	7.7520823520e-06                 	5.0914257219e-01                 	9.9958748674e-01                 
7.0848000000e-03	1.4055693411e+04	1.5793252190e-05                 	8.0485795748e-06                 	7.7446726152e-06                 	5.0962141793e-01                 	9.9953615159e-01                 
7.2931770000e-03	1.3654101179e+04	1.5794329092e-05                 	8.0576836381e-06                 	7.7366454535e-06                 	5.1016308394e-01                 	9.9947756050e-01                 
7.7490000000e-03	1.2850919690e+04	1.5795353419e-05                 	8.0766443186e-06                 	7.7187090999e-06                 	5.1133039601e-01                 	9.9933484174e-01                 
8.2656010000e-03	1.2047735752e+04	1.5796767705e-05                 	8.0990789260e-06                 	7.6976887789e-06                 	5.1270481894e-01                 	9.9914619889e-01                 
8.8560000000e-03	1.1244554729e+04	1.5798305692e-05                 	8.1255837239e-06                 	7.6727219683e-06                 	5.1433260517e-01                 	9.9889155802e-01                 
9.5372310000e-03	1.0441371995e+04	1.5799999406e-05                 	8.1569657531e-06                 	7.6430336527e-06                 	5.1626367467e-01                 	9.9854418741e-01                 
1.0332000000e-02	9.6381897674e+03	1.5801906112e-05                 	8.1946019561e-06                 	7.6073041561e-06                 	5.1858313155e-01                 	9.9806024694e-01                 
1.1271270000e-02	8.8350094246e+03	1.5804092269e-05                 	8.2406489309e-06                 	7.5634433382e-06                 	5.2142500756e-01                 	9.9736723789e-01                 
1.2398400000e-02	8.0318248062e+03	1.5806621997e-05                 	8.2969416118e-06                 	7.5096803848e-06                 	5.2490289282e-01                 	9.9636228083e-01                 
1.3050950000e-02	7.6302320273e+03	1.5808054567e-05                 	8.3302459803e-06                 	7.4778085869e-06                 	5.2696212205e-01                 	9.9568435947e-01                 
1.3776000000e-02	7.2286423256e+03	1.5809618316e-05                 	8.3676184883e-06                 	7.4419998282e-06                 	5.2927390914e-01                 	9.9484847902e-01                 
1.4586350000e-02	6.8270524618e+03	1.5811332776e-05                 	8.4095951008e-06                 	7.4017376754e-06                 	5.3187136213e-01                 	9.9381249404e-01                 
1.5498000000e-02	6.4254598449e+03	1.5813227268e-05                 	8.4569411508e-06                 	7.3562861171e-06                 	5.3480172058e-01                 	9.9251574709e-01                 
1.6531200000e-02	6.0238686046e+03	1.5815336553e-05                 	8.5107519278e-06                 	7.3045846249e-06                 	5.3813283704e-01                 	9.9087402811e-01                 
1.7712000000e-02	5.6222773643e+03	1.5817693612e-05                 	8.5713010069e-06                 	7.2463926050e-06                 	5.4188058115e-01                 	9.8880051630e-01                 
1.9074460000e-02	5.2206865451e+03	1.5820363216e-05                 	8.6407553482e-06                 	7.1796078682e-06                 	5.4617932787e-01                 	9.8612419066e-01                 
2.0664000000e-02	4.8190948837e+03	1.5823401399e-05                 	8.7182066281e-06                 	7.1051947709e-06                 	5.5096918850e-01                 	9.8271345156e-01                 
2.1562430000e-02	4.6183002879e+03	1.5825095957e-05                 	8.7615513379e-06                 	7.0635446187e-06                 	5.5364917609e-01                 	9.8061704588e-01                 
2.2140000000e-02	4.4978218915e+03	1.5826173714e-05                 	8.7885267214e-06                 	7.0376469927e-06                 	5.5531595192e-01                 	9.7923045047e-01                 
2.2960000000e-02	4.3371853953e+03	1.5827689132e-05                 	8.8257715636e-06                 	7.0019175687e-06                 	5.5761592800e-01                 	9.7721207289e-01                 
2.3616000000e-02	4.2167080232e+03	1.5828890710e-05                 	8.8546588636e-06                 	6.9742318461e-06                 	5.5939857227e-01                 	9.7555810972e-01                 
2.4796800000e-02	4.0159124031e+03	1.5831032652e-05                 	8.9050542463e-06                 	6.9259784055e-06                 	5.6250621436e-01                 	9.7248858500e-01                 
2.5830000000e-02	3.8552759070e+03	1.5832877806e-05                 	8.9459989545e-06                 	6.8868788519e-06                 	5.6502671617e-01                 	9.6978096978e-01                 
2.6953040000e-02	3.6946398876e+03	1.5834865928e-05                 	8.9881337428e-06                 	6.8467321852e-06                 	5.6761666210e-01                 	9.6678073680e-01                 
2.8178180000e-02	3.5340031427e+03	1.5836998236e-05                 	9.0295286567e-06                 	6.8074695791e-06                 	5.7015404828e-01                 	9.6356400542e-01                 
2.9520000000e-02	3.3733664186e+03	1.5839303506e-05                 	9.0695618653e-06                 	6.7697416406e-06                 	5.7259852757e-01                 	9.6011517363e-01                 
3.0996000000e-02	3.2127299225e+03	1.5841785230e-05                 	9.1045301744e-06                 	6.7372550553e-06                 	5.7471617260e-01                 	9.5662187615e-01                 
3.1790770000e-02	3.1324115986e+03	1.5843094129e-05                 	9.1175483353e-06                 	6.7255457933e-06                 	5.7549038472e-01                 	9.5498871879e-01                 
3.2627370000e-02	3.0520932786e+03	1.5844441423e-05                 	9.1253318066e-06                 	6.7191096159e-06                 	5.7593269231e-01                 	9.5357376028e-01                 
3.3509190000e-02	2.9717751064e+03	1.5845829292e-05                 	9.1254667378e-06                 	6.7203625544e-06                 	5.7589076403e-01                 	9.5250663287e-01                 
3.4440000000e-02	2.8914569302e+03	1.5846951210e-05                 	9.0483264963e-06                 	6.7986247132e-06                 	5.7098216412e-01                 	9.5572589426e-01                 
3.5424000000e-02	2.8111386822e+03	1.5847586624e-05                 	9.1403284384e-06                 	6.7072581855e-06                 	5.7676469328e-01                 	9.5294898310e-01                 
3.6465880000e-02	2.7308206103e+03	1.5849605363e-05                 	9.2903709553e-06                 	6.5592344081e-06                 	5.8615787222e-01                 	9.4393861122e-01                 
3.7570910000e-02	2.6505021219e+03	1.5851498480e-05                 	9.3816518405e-06                 	6.4698466391e-06                 	5.9184637040e-01                 	9.3763747612e-01                 
3.8745000000e-02	2.5701839380e+03	1.5853492235e-05                 	9.4794576724e-06                 	6.3740345625e-06                 	5.9794129470e-01                 	9.3060120955e-01                 
3.9994840000e-02	2.4898656096e+03	1.5855633055e-05                 	9.5759805832e-06                 	6.2796524721e-06                 	6.0394817096e-01                 	9.2301188066e-01                 
4.1328000000e-02	2.4095474419e+03	1.5857877031e-05                 	9.6763759700e-06                 	6.1815010612e-06                 	6.1019365650e-01                 	9.1478670405e-01                 
4.2753100000e-02	2.3292293817e+03	1.5860378671e-05                 	9.8216932352e-06                 	6.0386854362e-06                 	6.1925969352e-01                 	9.0300103948e-01                 
4.4280000000e-02	2.2489109457e+03	1.5863148005e-05                 	9.9093923136e-06                 	5.9537556912e-06                 	6.2468006417e-01                 	8.9308544033e-01                 
4.5920000000e-02	2.1685926977e+03	1.5865923841e-05                 	1.0006057212e-05                 	5.8598666284e-06                 	6.3066338353e-01                 	8.8289740376e-01                 
4.7686160000e-02	2.0882741801e+03	1.5868976600e-05                 	1.0085499545e-05                 	5.7834770548e-06                 	6.3554820196e-01                 	8.7287497667e-01                 
4.9593600000e-02	2.0079562015e+03	1.5872141956e-05                 	1.0158759361e-05                 	5.7133825956e-06                 	6.4003707809e-01                 	8.6347795195e-01                 
5.1660000000e-02	1.9276379535e+03	1.5875562799e-05                 	1.0232969300e-05                 	5.6425934992e-06                 	6.4457363997e-01                 	8.5381049924e-01                 
5.3906090000e-02	1.8473196011e+03	1.5879252993e-05                 	1.0307277341e-05                 	5.5719756521e-06                 	6.4910341472e-01                 	8.4412855443e-01                 
5.6356370000e-02	1.7670012578e+03	1.5883182521e-05                 	1.0338326221e-05                 	5.5448563000e-06                 	6.5089765275e-01                 	8.3784224947e-01                 
5.9040000000e-02	1.6866832093e+03	1.5887230250e-05                 	1.0407042464e-05                 	5.4801877852e-06                 	6.5505706790e-01                 	8.2978711414e-01                 
6.1992000000e-02	1.6063649612e+03	1.5891919539e-05                 	1.0597912065e-05                 	5.2940074736e-06                 	6.6687425891e-01                 	8.1221683719e-01                 
6.5254740000e-02	1.5260466393e+03	1.5897675585e-05                 	1.0857942516e-05                 	5.0397330687e-06                 	6.8298931238e-01                 	7.8835045412e-01                 
6.8880000000e-02	1.4457284651e+03	1.5904870359e-05                 	1.1042053509e-05                 	4.8628168504e-06                 	6.9425611522e-01                 	7.6877166483e-01                 
7.2931770000e-02	1.3654101179e+03	1.5912541250e-05                 	1.0950678267e-05                 	4.9618629830e-06                 	6.8817909690e-01                 	7.6987720875e-01                 
7.7490000000e-02	1.2850919690e+03	1.5920185269e-05                 	1.0861440085e-05                 	5.0587451840e-06                 	6.8224332202e-01                 	7.7269784001e-01                 
8.2656000000e-02	1.2047737209e+03	1.5928767261e-05                 	1.0724252319e-05                 	5.2045149420e-06                 	6.7326316866e-01                 	7.7888313772e-01                 
8.8560000000e-02	1.1244554729e+03	1.5937725533e-05                 	1.0609616073e-05                 	5.3281094602e-06                 	6.6569198039e-01                 	7.8436997019e-01                 
9.1164710000e-02	1.0923281243e+03	1.5941881841e-05                 	1.0591583257e-05                 	5.3502985840e-06                 	6.6438726385e-01                 	7.8414427411e-01                 
9.3221050000e-02	1.0682327294e+03	1.5945133468e-05                 	1.0570904823e-05                 	5.3742286451e-06                 	6.6295492880e-01                 	7.8437680932e-01                 
9.5372310000e-02	1.0441371995e+03	1.5948249274e-05                 	1.0525705125e-05                 	5.4225441491e-06                 	6.5999125949e-01                 	7.8650844394e-01                 
9.7625200000e-02	1.0200417175e+03	1.5951269028e-05                 	1.0469179500e-05                 	5.4820895280e-06                 	6.5632267135e-01                 	7.8946609772e-01                 
9.9995160000e-02	9.9586596668e+02	1.5953556497e-05                 	1.0361901138e-05                 	5.5916553585e-06                 	6.4950414914e-01                 	7.9677481652e-01                 
1.0246610000e-01	9.7185095048e+02	1.5955446691e-05                 	1.0255375376e-05                 	5.7000713155e-06                 	6.4275075303e-01                 	8.0476313070e-01                 
1.0500000000e-01	9.4839787311e+02	1.5957048765e-05                 	1.0146527196e-05                 	5.8105215687e-06                 	6.3586489868e-01                 	8.1357069320e-01                 
1.0781220000e-01	9.2365962922e+02	1.5959885200e-05                 	1.0124162726e-05                 	5.8357224746e-06                 	6.3435059831e-01                 	8.1482579704e-01                 
1.1099730000e-01	8.9715494590e+02	1.5961736103e-05                 	1.0073545513e-05                 	5.8881905894e-06                 	6.3110588024e-01                 	8.1676666340e-01                 
1.1480000000e-01	8.6743707907e+02	1.5961296995e-05                 	9.7723696851e-06                 	6.1889273094e-06                 	6.1225410995e-01                 	8.4474106979e-01                 
1.1800130000e-01	8.4390406442e+02	1.5962697505e-05                 	9.6261535563e-06                 	6.3365439489e-06                 	6.0304052953e-01                 	8.5919410650e-01                 
1.2155290000e-01	8.1924640775e+02	1.5964672971e-05                 	9.4859212539e-06                 	6.4787517169e-06                 	5.9418199616e-01                 	8.7351489579e-01                 
1.2499650000e-01	7.9667652036e+02	1.5966960179e-05                 	9.3643384616e-06                 	6.6026217178e-06                 	5.8648223309e-01                 	8.8632867198e-01                 
1.2781860000e-01	7.7908674228e+02	1.5969034475e-05                 	9.2779698803e-06                 	6.6910645950e-06                 	5.8099754839e-01                 	8.9561174153e-01                 
1.3050950000e-01	7.6302320273e+02	1.5971105895e-05                 	9.2048290509e-06                 	6.7662768444e-06                 	5.7634262219e-01                 	9.0357166220e-01                 
1.3331610000e-01	7.4695986964e+02	1.5973315746e-05                 	9.1390235265e-06                 	6.8342922199e-06                 	5.7214317125e-01                 	9.1078957168e-01                 
1.3624610000e-01	7.3089634622e+02	1.5975617389e-05                 	9.0777023426e-06                 	6.8979150460e-06                 	5.6822231791e-01                 	9.1754876243e-01                 
1.3899550000e-01	7.1643885361e+02	1.5977753380e-05                 	9.0270670855e-06                 	6.9506862948e-06                 	5.6497724496e-01                 	9.2313947880e-01                 
1.4089090000e-01	7.0680062855e+02	1.5979179265e-05                 	8.9927421631e-06                 	6.9864371020e-06                 	5.6277872686e-01                 	9.2691721437e-01                 
1.4251040000e-01	6.9876848761e+02	1.5980365125e-05                 	8.9646345130e-06                 	7.0157306125e-06                 	5.6097807795e-01                 	9.3000936066e-01                 
1.4416740000e-01	6.9073713389e+02	1.5981532618e-05                 	8.9364645145e-06                 	7.0450681039e-06                 	5.5917443764e-01                 	9.3310459497e-01                 
1.4586350000e-01	6.8270524618e+02	1.5982672974e-05                 	8.9087599353e-06                 	7.0739130389e-06                 	5.5740112744e-01                 	9.3614778783e-01                 
1.4900130000e-01	6.6832824061e+02	1.5984624530e-05                 	8.8633169938e-06                 	7.1213075360e-06                 	5.5449015880e-01                 	9.4116526731e-01                 
1.5498000000e-01	6.4254598449e+02	1.5987627657e-05                 	8.7963261360e-06                 	7.1913015207e-06                 	5.5019583423e-01                 	9.4871652941e-01                 
1.6000000000e-01	6.2238610423e+02	1.5989389516e-05                 	8.7647506497e-06                 	7.2246388661e-06                 	5.4816043108e-01                 	9.5270481265e-01                 
1.6531200000e-01	6.0238686046e+02	1.5990711320e-05                 	8.7599854597e-06                 	7.2307258604e-06                 	5.4781712235e-01                 	9.5441942394e-01                 
1.7000410000e-01	5.8576102975e+02	1.5991777502e-05                 	8.7813582334e-06                 	7.2104192681e-06                 	5.4911708424e-01                 	9.5383299450e-01                 
1.8000000000e-01	5.5323209265e+02	1.5995335010e-05                 	8.9160626301e-06                 	7.0792723798e-06                 	5.5741643577e-01                 	9.4552739959e-01                 
1.8998470000e-01	5.2415682251e+02	1.6003406999e-05                 	9.2395104725e-06                 	6.7638965269e-06                 	5.7734646584e-01                 	9.2166544741e-01                 
2.0000650000e-01	4.9789270187e+02	1.6018906040e-05                 	9.7859640193e-06                 	6.2329420211e-06                 	6.1090089389e-01                 	8.7632845189e-01                 
2.1000000000e-01	4.7419893656e+02	1.6037684068e-05                 	1.0392478810e-05                 	5.6452052576e-06                 	6.4800371215e-01                 	8.2427073788e-01                 
2.1376550000e-01	4.6584587633e+02	1.6045225166e-05                 	1.0610918600e-05                 	5.4343065659e-06                 	6.6131316266e-01                 	8.0570793021e-01                 
2.1751580000e-01	4.5781399180e+02	1.6053110496e-05                 	1.0827374748e-05                 	5.2257357484e-06                 	6.7447207507e-01                 	7.8759963454e-01                 
2.1901430000e-01	4.5468161977e+02	1.6056347631e-05                 	1.0905444615e-05                 	5.1509030163e-06                 	6.7919833734e-01                 	7.8106485467e-01                 
2.2140000000e-01	4.4978218915e+02	1.6061509096e-05                 	1.1018472398e-05                 	5.0430366988e-06                 	6.8601725601e-01                 	7.7161686190e-01                 
2.2542550000e-01	4.4175027527e+02	1.6070130267e-05                 	1.1175487529e-05                 	4.8946427380e-06                 	6.9541984683e-01                 	7.5845475601e-01                 
2.2998330000e-01	4.3299568567e+02	1.6079940366e-05                 	1.1336233038e-05                 	4.7437073271e-06                 	7.0499223136e-01                 	7.4523907890e-01                 
2.3393210000e-01	4.2568667009e+02	1.6088638899e-05                 	1.1450461818e-05                 	4.6381770811e-06                 	7.1171103346e-01                 	7.3574805427e-01                 
2.3843080000e-01	4.1765483602e+02	1.6098900357e-05                 	1.1554426662e-05                 	4.5444736955e-06                 	7.1771527281e-01                 	7.2683777695e-01                 
2.4000000000e-01	4.1492406949e+02	1.6102380432e-05                 	1.1574038203e-05                 	4.5283422290e-06                 	7.1877808699e-01                 	7.2488003685e-01                 
2.5001810000e-01	3.9829826991e+02	1.6123135678e-05                 	1.1609106019e-05                 	4.5140296585e-06                 	7.2002780671e-01                 	7.1880794389e-01                 
2.5830000000e-01	3.8552759070e+02	1.6137409553e-05                 	1.1555898501e-05                 	4.5815110523e-06                 	7.1609377346e-01                 	7.1976668282e-01                 
2.7399780000e-01	3.6344005929e+02	1.6156052381e-05                 	1.1351001756e-05                 	4.8050506248e-06                 	7.0258510486e-01                 	7.2950084372e-01                 
2.8502070000e-01	3.4938436639e+02	1.6161197885e-05                 	1.1149828545e-05                 	5.0113693396e-06                 	6.8991349681e-01                 	7.4200448054e-01                 
2.9172710000e-01	3.4135250608e+02	1.6163940838e-05                 	1.1055678612e-05                 	5.1082622256e-06                 	6.8397173209e-01                 	7.4826363850e-01                 
3.0996000000e-01	3.2127299225e+02	1.6172161842e-05                 	1.0876811091e-05                 	5.2953507512e-06                 	6.7256382896e-01                 	7.6068537864e-01                 
3.2627370000e-01	3.0520932786e+02	1.6179834764e-05                 	1.0755985159e-05                 	5.4238496052e-06                 	6.6477719431e-01                 	7.6979278351e-01                 
3.4401770000e-01	2.8946701486e+02	1.6189695976e-05                 	1.0670948121e-05                 	5.5187478550e-06                 	6.5911973497e-01                 	7.7665919742e-01                 
3.6498090000e-01	2.7284106285e+02	1.6203109224e-05                 	1.0619553382e-05                 	5.5835558421e-06                 	6.5540219689e-01                 	7.8115662908e-01                 
3.8148920000e-01	2.6103432725e+02	1.6214082987e-05                 	1.0599320973e-05                 	5.6147620142e-06                 	6.5371078841e-01                 	7.8302763779e-01                 
3.9994840000e-01	2.4898656096e+02	1.6226305956e-05                 	1.0583723471e-05                 	5.6425824850e-06                 	6.5225711259e-01                 	7.8455690822e-01                 
4.3396570000e-01	2.2946923381e+02	1.6248204697e-05                 	1.0559400634e-05                 	5.6888040627e-06                 	6.4988106877e-01                 	7.8706164967e-01                 
4.3997160000e-01	2.2633682873e+02	1.6252052215e-05                 	1.0555682294e-05                 	5.6963699216e-06                 	6.4949842357e-01                 	7.8747996108e-01                 
4.8602120000e-01	2.0489183739e+02	1.6281846606e-05                 	1.0541676372e-05                 	5.7401702347e-06                 	6.4744967979e-01                 	7.8960506862e-01                 
5.5006210000e-01	1.8103733502e+02	1.6324209838e-05                 	1.0558954338e-05                 	5.7652555003e-06                 	6.4682789811e-01                 	7.8969085055e-01                 
6.5634730000e-01	1.5172116451e+02	1.6395033907e-05                 	1.0645840662e-05                 	5.7491932447e-06                 	6.4933325071e-01                 	7.8496040569e-01                 
7.0007910000e-01	1.4224360744e+02	1.6423933944e-05                 	1.0693252344e-05                 	5.7306816003e-06                 	6.5107740815e-01                 	7.8201273353e-01                 
7.9989680000e-01	1.2449328048e+02	1.6488203187e-05                 	1.0807859612e-05                 	5.6803435749e-06                 	6.5549044304e-01                 	7.7468041219e-01                 
8.9973880000e-01	1.1067853990e+02	1.6549652076e-05                 	1.0920063249e-05                 	5.6295888270e-06                 	6.5983642428e-01                 	7.6750156009e-01                 
9.9987100000e-01	9.9594624383e+01	1.6607876570e-05                 	1.1023603848e-05                 	5.5842727227e-06                 	6.6375757316e-01                 	7.6097275976e-01                 
1.1271270000e+00	8.8350094246e+01	1.6677304321e-05                 	1.1140632467e-05                 	5.5366718532e-06                 	6.6801158348e-01                 	7.5380432534e-01                 
1.2499650000e+00	7.9667652036e+01	1.6740774053e-05                 	1.1240170924e-05                 	5.5006031288e-06                 	6.7142480322e-01                 	7.4799734242e-01                 
1.3050950000e+00	7.6302320273e+01	1.6768536666e-05                 	1.1285693686e-05                 	5.4828429809e-06                 	6.7302793977e-01                 	7.4535275097e-01                 
1.3776000000e+00	7.2286423256e+01	1.6803724685e-05                 	1.1341287392e-05                 	5.4624372924e-06                 	6.7492699417e-01                 	7.4217849320e-01                 
1.4586350000e+00	6.8270524618e+01	1.6841589841e-05                 	1.1399225029e-05                 	5.4423648120e-06                 	6.7684969985e-01                 	7.3893514840e-01                 
1.5498000000e+00	6.4254598449e+01	1.6882962959e-05                 	1.1459817678e-05                 	5.4231452813e-06                 	6.7878000477e-01                 	7.3565437150e-01                 
1.6500400000e+00	6.0351128868e+01	1.6927810515e-05                 	1.1528274743e-05                 	5.3995357722e-06                 	6.8102574356e-01                 	7.3198572037e-01                 
1.7712000000e+00	5.6222773643e+01	1.6979446068e-05                 	1.1608197863e-05                 	5.3712482058e-06                 	6.8366175291e-01                 	7.2772713404e-01                 
1.9074460000e+00	5.2206865451e+01	1.7034635359e-05                 	1.1691788649e-05                 	5.3428467097e-06                 	6.8635391383e-01                 	7.2337929867e-01                 
2.0664000000e+00	4.8190948837e+01	1.7096377676e-05                 	1.1784876074e-05                 	5.3115016012e-06                 	6.8932005937e-01                 	7.1866572748e-01                 
2.1219240000e+00	4.6929945030e+01	1.7117304907e-05                 	1.1817060391e-05                 	5.3002445158e-06                 	6.9035753324e-01                 	7.1705213598e-01                 
2.1998580000e+00	4.5267365747e+01	1.7145834944e-05                 	1.1861067598e-05                 	5.2847673467e-06                 	6.9177544495e-01                 	7.1485475331e-01                 
2.2542550000e+00	4.4175027527e+01	1.7165320253e-05                 	1.1890989653e-05                 	5.2743305997e-06                 	6.9273334129e-01                 	7.1337578586e-01                 
2.4239300000e+00	4.1082777422e+01	1.7224041208e-05                 	1.1979802479e-05                 	5.2442387295e-06                 	6.9552797360e-01                 	7.0907175134e-01                 
2.4796800000e+00	4.0159124031e+01	1.7242934380e-05                 	1.2007572908e-05                 	5.2353614717e-06                 	6.9637641967e-01                 	7.0776711432e-01                 
2.7552000000e+00	3.6143211628e+01	1.7331596661e-05                 	1.2149208180e-05                 	5.1823884807e-06                 	7.0098609019e-01                 	7.0103661533e-01                 
3.0996000000e+00	3.2127299225e+01	1.7431055217e-05                 	1.2308184947e-05                 	5.1228702702e-06                 	7.0610670402e-01                 	6.9367403305e-01                 
3.2627370000e+00	3.0520932786e+01	1.7475535516e-05                 	1.2380386769e-05                 	5.0951487467e-06                 	7.0844105223e-01                 	6.9041830262e-01                 
3.4014820000e+00	2.9275996956e+01	1.7511365590e-05                 	1.2439353310e-05                 	5.0720122804e-06                 	7.1035883785e-01                 	6.8776875673e-01                 
3.6465880000e+00	2.7308206103e+01	1.7571462619e-05                 	1.2538846196e-05                 	5.0326164230e-06                 	7.1359149025e-01                 	6.8335751000e-01                 
3.8745000000e+00	2.5701839380e+01	1.7624293625e-05                 	1.2624793653e-05                 	4.9994999721e-06                 	7.1632905815e-01                 	6.7963333359e-01                 
4.1328000000e+00	2.4095474419e+01	1.7681858028e-05                 	1.2721974116e-05                 	4.9598839119e-06                 	7.1949305870e-01                 	6.7548648569e-01                 
4.4280000000e+00	2.2489109457e+01	1.7742656868e-05                 	1.2827591983e-05                 	4.9150648846e-06                 	7.2298033372e-01                 	6.7099390924e-01                 
4.7686160000e+00	2.0882741801e+01	1.7807968194e-05                 	1.2941949078e-05                 	4.8660191166e-06                 	7.2675046005e-01                 	6.6619555743e-01                 
4.9993550000e+00	1.9918924877e+01	1.7851126125e-05                 	1.3017595218e-05                 	4.8335309073e-06                 	7.2923103711e-01                 	6.6310860898e-01                 
5.1660000000e+00	1.9276379535e+01	1.7880239842e-05                 	1.3072635672e-05                 	4.8076041701e-06                 	7.3112194174e-01                 	6.6082640000e-01                 
5.5104000000e+00	1.8071605814e+01	1.7936067474e-05                 	1.3180832510e-05                 	4.7552349647e-06                 	7.3487861977e-01                 	6.5631696002e-01                 
5.6356360000e+00	1.7670015714e+01	1.7955433941e-05                 	1.3218332412e-05                 	4.7371015290e-06                 	7.3617448932e-01                 	6.5476113673e-01                 
5.9040000000e+00	1.6866832093e+01	1.7995263534e-05                 	1.3296147498e-05                 	4.6991160362e-06                 	7.3886928484e-01                 	6.5154124286e-01                 
6.1992000000e+00	1.6063649612e+01	1.8038273413e-05                 	1.3379329832e-05                 	4.6589435812e-06                 	7.4171898416e-01                 	6.4817123829e-01                 
6.3581540000e+00	1.5662057993e+01	1.8056171790e-05                 	1.3417099928e-05                 	4.6390718626e-06                 	7.4307555796e-01                 	6.4646549434e-01                 
6.5254740000e+00	1.5260466393e+01	1.8080633781e-05                 	1.3463769895e-05                 	4.6168638862e-06                 	7.4465143523e-01                 	6.4464974404e-01                 
6.7018380000e+00	1.4858875532e+01	1.8103622847e-05                 	1.3510174976e-05                 	4.5934478716e-06                 	7.4626913572e-01                 	6.4275205753e-01                 
6.9110370000e+00	1.4409093263e+01	1.8129736152e-05                 	1.3564037823e-05                 	4.5656983287e-06                 	7.4816520823e-01                 	6.4055300345e-01                 
7.0848000000e+00	1.4055693411e+01	1.8151149761e-05                 	1.3607022603e-05                 	4.5441271577e-06                 	7.4965072639e-01                 	6.3879838407e-01                 
7.2931770000e+00	1.3654101179e+01	1.8175380191e-05                 	1.3657665577e-05                 	4.5177146142e-06                 	7.5143768292e-01                 	6.3671213705e-01                 
7.5141820000e+00	1.3252510610e+01	1.8201638726e-05                 	1.3710441834e-05                 	4.4911968926e-06                 	7.5325315703e-01                 	6.3459057598e-01                 
7.7490010000e+00	1.2850918031e+01	1.8228154116e-05                 	1.3765005386e-05                 	4.4631487300e-06                 	7.5515081223e-01                 	6.3236135974e-01                 
7.9989680000e+00	1.2449328048e+01	1.8256743689e-05                 	1.3826891461e-05                 	4.4298522278e-06                 	7.5735803146e-01                 	6.2992357495e-01                 
8.2656000000e+00	1.2047737209e+01	1.8283415759e-05                 	1.3889793620e-05                 	4.3936221383e-06                 	7.5969358263e-01                 	6.2729994989e-01                 
8.3772970000e+00	1.1887101135e+01	1.8293884695e-05                 	1.3915476554e-05                 	4.3784081413e-06                 	7.6066274527e-01                 	6.2621673869e-01                 
8.4920550000e+00	1.1726463933e+01	1.8304908057e-05                 	1.3941989363e-05                 	4.3629186943e-06                 	7.6165306699e-01                 	6.2512608714e-01                 
8.6100010000e+00	1.1565826378e+01	1.8316398782e-05                 	1.3968529268e-05                 	4.3478695141e-06                 	7.6262421637e-01                 	6.2404452068e-01                 
8.7312680000e+00	1.1405190710e+01	1.8328021205e-05                 	1.3995337779e-05                 	4.3326834263e-06                 	7.6360331659e-01                 	6.2293986278e-01                 
8.8560000000e+00	1.1244554729e+01	1.8339006944e-05                 	1.4022116676e-05                 	4.3168902683e-06                 	7.6460610537e-01                 	6.2179076863e-01                 
8.9843480000e+00	1.1083918018e+01	1.8349521833e-05                 	1.4048784044e-05                 	4.3007377881e-06                 	7.6562126101e-01                 	6.2061506817e-01                 
9.1164700000e+00	1.0923282441e+01	1.8360505432e-05                 	1.4076394635e-05                 	4.2841107973e-06                 	7.6666705538e-01                 	6.1942388655e-01                 
9.2525380000e+00	1.0762644442e+01	1.8372428013e-05                 	1.4104582363e-05                 	4.2678456497e-06                 	7.6770377619e-01                 	6.1824948537e-01                 
9.3927280000e+00	1.0602007923e+01	1.8385276318e-05                 	1.4133446141e-05                 	4.2518301776e-06                 	7.6873721646e-01                 	6.1707615606e-01                 
9.5372310000e+00	1.0441371995e+01	1.8397837902e-05                 	1.4162173564e-05                 	4.2356643374e-06                 	7.6977379842e-01                 	6.1586971789e-01                 
9.6636020000e+00	1.0304830091e+01	1.8407947804e-05                 	1.4186381089e-05                 	4.2215667145e-06                 	7.7066608622e-01                 	6.1480462530e-01                 
9.6862500000e+00	1.0280735752e+01	1.8409654241e-05                 	1.4190745892e-05                 	4.2189083487e-06                 	7.7083174439e-01                 	6.1460873374e-01                 
9.8400000000e+00	1.0120099256e+01	1.8421142830e-05                 	1.4219403275e-05                 	4.2017395553e-06                 	7.7190668386e-01                 	6.1331275033e-01                 
9.9987100000e+00	9.9594624383e+00	1.8433439755e-05                 	1.4249755167e-05                 	4.1836845878e-06                 	7.7303831279e-01                 	6.1198955009e-01                 
1.0162620000e+01	9.7988291087e+00	1.8447370641e-05                 	1.4281962429e-05                 	4.1654082112e-06                 	7.7420043797e-01                 	6.1066965801e-01                 
1.0332000000e+01	9.6381897674e+00	1.8462337898e-05                 	1.4315120820e-05                 	4.1472170779e-06                 	7.7536880211e-01                 	6.0934373011e-01                 
1.0507120000e+01	9.4775520482e+00	1.8476422291e-05                 	1.4348109214e-05                 	4.1283130772e-06                 	7.7656317809e-01                 	6.0795233185e-01                 
1.0688280000e+01	9.3169131682e+00	1.8489132908e-05                 	1.4381015720e-05                 	4.1081171882e-06                 	7.7780909421e-01                 	6.0646510542e-01                 
1.0875790000e+01	9.1562798359e+00	1.8501217518e-05                 	1.4414495386e-05                 	4.0867221328e-06                 	7.7911063806e-01                 	6.0490630946e-01                 
1.1070000000e+01	8.9956437829e+00	1.8514803980e-05                 	1.4450258098e-05                 	4.0645458819e-06                 	7.8047048803e-01                 	6.0332984874e-01                 
1.1271270000e+01	8.8350094246e+00	1.8530818942e-05                 	1.4488054878e-05                 	4.0427640634e-06                 	7.8183565032e-01                 	6.0178766885e-01                 
1.1353850000e+01	8.7707497172e+00	1.8537667175e-05                 	1.4503827071e-05                 	4.0338401040e-06                 	7.8239764119e-01                 	6.0116495173e-01                 
1.1395590000e+01	8.7386240359e+00	1.8541148714e-05                 	1.4511951269e-05                 	4.0291974456e-06                 	7.8268889875e-01                 	6.0084685779e-01                 
1.1416580000e+01	8.7225576028e+00	1.8542925852e-05                 	1.4516181857e-05                 	4.0267439957e-06                 	7.8284203756e-01                 	6.0068348962e-01                 
1.1427100000e+01	8.7145274546e+00	1.8543813281e-05                 	1.4518319113e-05                 	4.0254941685e-06                 	7.8291982844e-01                 	6.0060097066e-01                 
1.1437640000e+01	8.7064968540e+00	1.8544718036e-05                 	1.4520541318e-05                 	4.0241767181e-06                 	7.8300146110e-01                 	6.0051643004e-01                 
1.1448200000e+01	8.6984658441e+00	1.8545636527e-05                 	1.4522850532e-05                 	4.0227859949e-06                 	7.8308719741e-01                 	6.0042967996e-01                 
1.1458780000e+01	8.6904344683e+00	1.8546561935e-05                 	1.4525251518e-05                 	4.0213104178e-06                 	7.8317758128e-01                 	6.0034034022e-01                 
1.1469380000e+01	8.6824027695e+00	1.8547516569e-05                 	1.4527876361e-05                 	4.0196402080e-06                 	7.8327879137e-01                 	6.0024529917e-01                 
1.1480000000e+01	8.6743707907e+00	1.8548504281e-05                 	1.4530866939e-05                 	4.0176373422e-06                 	7.8339831173e-01                 	6.0014052185e-01                 
1.1490640000e+01	8.6663385744e+00	1.8549519458e-05                 	1.4534571495e-05                 	4.0149479626e-06                 	7.8355514967e-01                 	6.0001558556e-01                 
1.1501300000e+01	8.6583061634e+00	1.8550469789e-05                 	1.4540016647e-05                 	4.0104531424e-06                 	7.8380854027e-01                 	5.9983714775e-01                 
1.1511980000e+01	8.6502735999e+00	1.8550123831e-05                 	1.4550921761e-05                 	3.9992020706e-06                 	7.8441103105e-01                 	5.9945330857e-01                 
1.1517330000e+01	8.6462553975e+00	1.8545928335e-05                 	1.4561300329e-05                 	3.9846280061e-06                 	7.8514809644e-01                 	5.9897699835e-01                 
1.1522680000e+01	8.6422409263e+00	1.8531794030e-05                 	1.4558969459e-05                 	3.9728245714e-06                 	7.8562115654e-01                 	5.9852494679e-01                 
1.1523750000e+01	8.6414384794e+00	1.8529683461e-05                 	1.4552693481e-05                 	3.9769899801e-06                 	7.8537194181e-01                 	5.9862927842e-01                 
1.1524820000e+01	8.6406361815e+00	1.8528994544e-05                 	1.4545469880e-05                 	3.9835246645e-06                 	7.8501128839e-01                 	5.9881130558e-01                 
1.1533400000e+01	8.6342081847e+00	1.8541500175e-05                 	1.4524540784e-05                 	4.0169593909e-06                 	7.8335305380e-01                 	5.9982203066e-01                 
1.1544130000e+01	8.6261828892e+00	1.8547945584e-05                 	1.4528967874e-05                 	4.0189777098e-06                 	7.8331952228e-01                 	5.9986507882e-01                 
1.1554890000e+01	8.6181501232e+00	1.8550475676e-05                 	1.4532983838e-05                 	4.0174918383e-06                 	7.8342917409e-01                 	5.9978286181e-01                 
1.1565670000e+01	8.6101174145e+00	1.8552072421e-05                 	1.4536215937e-05                 	4.0158564839e-06                 	7.8353596338e-01                 	5.9969087343e-01                 
1.1576470000e+01	8.6020848045e+00	1.8553306720e-05                 	1.4538952444e-05                 	4.0143542764e-06                 	7.8363133123e-01                 	5.9960060006e-01                 
1.1587290000e+01	8.5940523347e+00	1.8554380910e-05                 	1.4541448995e-05                 	4.0129319143e-06                 	7.8372051680e-01                 	5.9951159686e-01                 
1.1598130000e+01	8.5860200461e+00	1.8555355030e-05                 	1.4543759012e-05                 	4.0115960176e-06                 	7.8380386626e-01                 	5.9942438442e-01                 
1.1608990000e+01	8.5779879797e+00	1.8556268289e-05                 	1.4545954132e-05                 	4.0103141574e-06                 	7.8388358613e-01                 	5.9933822431e-01                 
1.1619870000e+01	8.5699561765e+00	1.8557153724e-05                 	1.4548113790e-05                 	4.0090399344e-06                 	7.8396256268e-01                 	5.9925193871e-01                 
1.1630770000e+01	8.5619246771e+00	1.8558001650e-05                 	1.4550191371e-05                 	4.0078102795e-06                 	7.8403869366e-01                 	5.9916654950e-01                 
1.1652630000e+01	8.5458627517e+00	1.8559654788e-05                 	1.4554305878e-05                 	4.0053489096e-06                 	7.8419054905e-01                 	5.9899487152e-01                 
1.1696600000e+01	8.5137370413e+00	1.8562749594e-05                 	1.4562143714e-05                 	4.0006058794e-06                 	7.8448204242e-01                 	5.9865307348e-01                 
1.1921540000e+01	8.3530967205e+00	1.8576469336e-05                 	1.4600071984e-05                 	3.9763973526e-06                 	7.8594439661e-01                 	5.9687187958e-01                 
1.2155290000e+01	8.1924640775e+00	1.8589864649e-05                 	1.4639909518e-05                 	3.9499551314e-06                 	7.8752103870e-01                 	5.9497194953e-01                 
1.2275640000e+01	8.1121454097e+00	1.8597601853e-05                 	1.4660800082e-05                 	3.9368017713e-06                 	7.8831669791e-01                 	5.9402745821e-01                 
1.2398400000e+01	8.0318248062e+00	1.8606405945e-05                 	1.4684075955e-05                 	3.9223299900e-06                 	7.8919464610e-01                 	5.9305805588e-01                 
1.2651430000e+01	7.8711874213e+00	1.8624296067e-05                 	1.4734282003e-05                 	3.8900140641e-06                 	7.9113229031e-01                 	5.9104756249e-01                 
1.2915000000e+01	7.7105518139e+00	1.8642474748e-05                 	1.4783195978e-05                 	3.8592787701e-06                 	7.9298463202e-01                 	5.8907020771e-01                 
1.3189790000e+01	7.5499137346e+00	1.8657077850e-05                 	1.4829723811e-05                 	3.8273540390e-06                 	7.9485779769e-01                 	5.8694404160e-01                 
1.3476520000e+01	7.3892797753e+00	1.8667324533e-05                 	1.4874665141e-05                 	3.7926593916e-06                 	7.9682897863e-01                 	5.8457741897e-01                 
1.3776000000e+01	7.2286423256e+00	1.8677313012e-05                 	1.4921278401e-05                 	3.7560346119e-06                 	7.9889855627e-01                 	5.8206702604e-01                 
1.4089090000e+01	7.0680062855e+00	1.8692264576e-05                 	1.4973025843e-05                 	3.7192387338e-06                 	8.0102792155e-01                 	5.7959820964e-01                 
1.4416740000e+01	6.9073713389e+00	1.8712618937e-05                 	1.5028419361e-05                 	3.6841995755e-06                 	8.0311683854e-01                 	5.7727572397e-01                 
1.4760000000e+01	6.7467328372e+00	1.8732340257e-05                 	1.5082973486e-05                 	3.6493667710e-06                 	8.0518361716e-01                 	5.7493988592e-01                 
1.4999280000e+01	6.6391037888e+00	1.8742675280e-05                 	1.5116735369e-05                 	3.6259399112e-06                 	8.0654096296e-01                 	5.7326406684e-01                 
1.5120000000e+01	6.5860963411e+00	1.8746612921e-05                 	1.5132642334e-05                 	3.6139705864e-06                 	8.0722007748e-01                 	5.7237807269e-01                 
1.5498000000e+01	6.4254598449e+00	1.8754840042e-05                 	1.5180379405e-05                 	3.5744606374e-06                 	8.0941129707e-01                 	5.6940822652e-01                 
1.5895380000e+01	6.2648251679e+00	1.8765165478e-05                 	1.5234196842e-05                 	3.5309686366e-06                 	8.1183386628e-01                 	5.6618961687e-01                 
1.6313680000e+01	6.1041884282e+00	1.8784883764e-05                 	1.5298541913e-05                 	3.4863418514e-06                 	8.1440705755e-01                 	5.6305866081e-01                 
1.6754590000e+01	5.9435519865e+00	1.8812027686e-05                 	1.5370772040e-05                 	3.4412556455e-06                 	8.1707151919e-01                 	5.6012455547e-01                 
1.7220000000e+01	5.7829138604e+00	1.8834541135e-05                 	1.5439269673e-05                 	3.3952714614e-06                 	8.1973166019e-01                 	5.5712362025e-01                 
1.7712000000e+01	5.6222773643e+00	1.8844309238e-05                 	1.5498664630e-05                 	3.3456446083e-06                 	8.2245862313e-01                 	5.5359524974e-01                 
1.8232940000e+01	5.4616412206e+00	1.8844361048e-05                 	1.5556784578e-05                 	3.2875764701e-06                 	8.2554057090e-01                 	5.4927115923e-01                 
1.8785460000e+01	5.3010028329e+00	1.8851590058e-05                 	1.5627059269e-05                 	3.2245307884e-06                 	8.2895178717e-01                 	5.4458297438e-01                 
1.9372500000e+01	5.1403678760e+00	1.8877155304e-05                 	1.5717852022e-05                 	3.1593032819e-06                 	8.3263880436e-01                 	5.4015359431e-01                 
2.0000650000e+01	4.9789270187e+00	1.8908165955e-05                 	1.5824372678e-05                 	3.0837932764e-06                 	8.3690680081e-01                 	5.3591874591e-01                 
2.0325250000e+01	4.8994121439e+00	1.8917399956e-05                 	1.5870395161e-05                 	3.0470047949e-06                 	8.3893110036e-01                 	5.3383409311e-01                 
2.0664000000e+01	4.8190948837e+00	1.8920851040e-05                 	1.5910168628e-05                 	3.0106824121e-06                 	8.4088017998e-01                 	5.3159923933e-01                 
2.1014240000e+01	4.7387760241e+00	1.8915954030e-05                 	1.5943865853e-05                 	2.9720881765e-06                 	8.4287928741e-01                 	5.2904304109e-01                 
2.1376550000e+01	4.6584587633e+00	1.8905001543e-05                 	1.5972749872e-05                 	2.9322516716e-06                 	8.4489545452e-01                 	5.2612429438e-01                 
2.1751580000e+01	4.5781399180e+00	1.8891343462e-05                 	1.6000371345e-05                 	2.8909721173e-06                 	8.4696842111e-01                 	5.2283984630e-01                 
2.2140000000e+01	4.4978218915e+00	1.8878947449e-05                 	1.6030471810e-05                 	2.8484756391e-06                 	8.4911893808e-01                 	5.1927039367e-01                 
2.2542550000e+01	4.4175027527e+00	1.8873103319e-05                 	1.6067244047e-05                 	2.8058592723e-06                 	8.5133026483e-01                 	5.1559386931e-01                 
2.2960000000e+01	4.3371853953e+00	1.8876427221e-05                 	1.6112683675e-05                 	2.7637435457e-06                 	8.5358757177e-01                 	5.1199545502e-01                 
2.3393210000e+01	4.2568667009e+00	1.8890106826e-05                 	1.6166904040e-05                 	2.7232027869e-06                 	8.5583973601e-01                 	5.0865583131e-01                 
2.3843080000e+01	4.1765483602e+00	1.8911434151e-05                 	1.6227031134e-05                 	2.6844030171e-06                 	8.5805396906e-01                 	5.0565487677e-01                 
2.4310590000e+01	4.0962303538e+00	1.8933872761e-05                 	1.6291222733e-05                 	2.6426500279e-06                 	8.6042739056e-01                 	5.0286375368e-01                 
2.4996770000e+01	3.9837857722e+00	1.8952778840e-05                 	1.6379337523e-05                 	2.5734413167e-06                 	8.6421825852e-01                 	4.9889742766e-01                 
2.7552000000e+01	3.6143211628e+00	1.8837197506e-05                 	1.6478348991e-05                 	2.3588485150e-06                 	8.7477709918e-01                 	4.7938060345e-01                 
2.9998550000e+01	3.3195530010e+00	1.8829995283e-05                 	1.6632787744e-05                 	2.1972075382e-06                 	8.8331343130e-01                 	4.5725707344e-01                 
3.3509190000e+01	2.9717751064e+00	1.8936327005e-05                 	1.6861305659e-05                 	2.0750213460e-06                 	8.9042112837e-01                 	4.3948664150e-01                 
3.7570910000e+01	2.6505021219e+00	1.8692297884e-05                 	1.6734351416e-05                 	1.9579464673e-06                 	8.9525383773e-01                 	4.0636344273e-01                 
4.1328000000e+01	2.4095474419e+00	1.8741587780e-05                 	1.6860571266e-05                 	1.8810165143e-06                 	8.9963408990e-01                 	3.6705664635e-01                 
4.5085090000e+01	2.2087518662e+00	1.9006559607e-05                 	1.7140520986e-05                 	1.8660386205e-06                 	9.0182133647e-01                 	3.4218513074e-01                 
4.9993550000e+01	1.9918924877e+00	1.8995957244e-05                 	1.7078103832e-05                 	1.9178534111e-06                 	8.9903886461e-01                 	3.2100898345e-01                 
5.1660000000e+01	1.9276379535e+00	1.8873827910e-05                 	1.6933001158e-05                 	1.9408267521e-06                 	8.9716835603e-01                 	3.1122913246e-01                 
5.3906090000e+01	1.8473196011e+00	1.8660787833e-05                 	1.6697780651e-05                 	1.9630071818e-06                 	8.9480577136e-01                 	2.9324924018e-01                 
5.6356370000e+01	1.7670012578e+00	1.8429351239e-05                 	1.6449791072e-05                 	1.9795601668e-06                 	8.9258655169e-01                 	2.6685960633e-01                 
5.9040000000e+01	1.6866832093e+00	1.8253016535e-05                 	1.6254741147e-05                 	1.9982753875e-06                 	8.9052355353e-01                 	2.3123913810e-01                 
6.1992000000e+01	1.6063649612e+00	1.8197124569e-05                 	1.6174697280e-05                 	2.0224272884e-06                 	8.8886006244e-01                 	1.8728681515e-01                 
6.3581540000e+01	1.5662057993e+00	1.8230334686e-05                 	1.6188608390e-05                 	2.0417262958e-06                 	8.8800390498e-01                 	1.6304136294e-01                 
6.5254740000e+01	1.5260466393e+00	1.8306943969e-05                 	1.6240990917e-05                 	2.0659530516e-06                 	8.8714921206e-01                 	1.3783966757e-01                 
6.7018380000e+01	1.4858875532e+00	1.8426607202e-05                 	1.6330057465e-05                 	2.0965497371e-06                 	8.8622160802e-01                 	1.1216305596e-01                 
6.8880000000e+01	1.4457284651e+00	1.8584580767e-05                 	1.6450079262e-05                 	2.1345015045e-06                 	8.8514664219e-01                 	8.6440317133e-02                 
7.0007900000e+01	1.4224362776e+00	1.8691670869e-05                 	1.6531233705e-05                 	2.1604371646e-06                 	8.8441711928e-01                 	7.1668338340e-02                 
7.0848000000e+01	1.4055693411e+00	1.8774116139e-05                 	1.6593953851e-05                 	2.1801622877e-06                 	8.8387403851e-01                 	6.1059383740e-02                 
7.2931760000e+01	1.3654103052e+00	1.8985285487e-05                 	1.6749717000e-05                 	2.2355684875e-06                 	8.8224730732e-01                 	3.6359288777e-02                 
7.5141820000e+01	1.3252510610e+00	1.9203992597e-05                 	1.6903796126e-05                 	2.3001964710e-06                 	8.8022300783e-01                 	1.2553295709e-02                 
7.7490000000e+01	1.2850919690e+00	1.9412795277e-05                 	1.7038842487e-05                 	2.3739527891e-06                 	8.7771195465e-01                 	-1.0212123702e-02                
7.9989680000e+01	1.2449328048e+00	1.9592299810e-05                 	1.7131789580e-05                 	2.4605102309e-06                 	8.7441442533e-01                 	-3.1789336511e-02                
8.2656010000e+01	1.2047735752e+00	1.9719676988e-05                 	1.7160729290e-05                 	2.5589476986e-06                 	8.7023379236e-01                 	-5.2145672929e-02                
8.5506210000e+01	1.1646145546e+00	1.9767706759e-05                 	1.7101497471e-05                 	2.6662092885e-06                 	8.6512298462e-01                 	-7.1327617381e-02                
8.8560000000e+01	1.1244554729e+00	1.9709147197e-05                 	1.6928008805e-05                 	2.7811383917e-06                 	8.5889098275e-01                 	-8.9351047618e-02                
9.1840000000e+01	1.0842963488e+00	1.9508337065e-05                 	1.6616716937e-05                 	2.8916201285e-06                 	8.5177516060e-01                 	-1.0644913593e-01                
9.5372310000e+01	1.0441371995e+00	1.9140482194e-05                 	1.6138437869e-05                 	3.0020443247e-06                 	8.4315733040e-01                 	-1.2258968560e-01                
9.9987100000e+01	9.9594624383e-01	1.8452534549e-05                 	1.5316504255e-05                 	3.1360302944e-06                 	8.3004880516e-01                 	-1.4073736998e-01                
1.0332000000e+02	9.6381897674e-01	1.7851158957e-05                 	1.4615642386e-05                 	3.2355165718e-06                 	8.1875033551e-01                 	-1.5187668107e-01                
1.1271270000e+02	8.8350094246e-01	1.5909454986e-05                 	1.2411518398e-05                 	3.4979365878e-06                 	7.8013473177e-01                 	-1.7587687079e-01                
1.1808000000e+02	8.4334160465e-01	1.4740993044e-05                 	1.1146988498e-05                 	3.5940045463e-06                 	7.5618979430e-01                 	-1.8558264896e-01                
1.2398400000e+02	8.0318248062e-01	1.3462024455e-05                 	9.8357581695e-06                 	3.6262662853e-06                 	7.3062994370e-01                 	-1.9353119050e-01                
1.3500000000e+02	7.3764279020e-01	1.1016199022e-05                 	7.7120817380e-06                 	3.3041172843e-06                 	7.0006739370e-01                 	-2.0444946473e-01                
1.4999270000e+02	6.6391082151e-01	7.6429602898e-06                 	5.4067594975e-06                 	2.2362007923e-06                 	7.0741692911e-01                 	-2.2342673677e-01                
1.7499510000e+02	5.6905465740e-01	4.0749847203e-06                 	2.9368453702e-06                 	1.1381393501e-06                 	7.2070095272e-01                 	-2.5685049629e-01                
2.0000650000e+02	4.9789270187e-01	2.4427217542e-06                 	1.6886142924e-06                 	7.5410746176e-07                 	6.9128392930e-01                 	-2.7976945515e-01                
2.5001820000e+02	3.9829811061e-01	1.1667332868e-06                 	6.6880833602e-07                 	4.9792495079e-07                 	5.7323155479e-01                 	-3.0610657886e-01                
2.9998550000e+02	3.3195530010e-01	7.2283190237e-07                 	3.1584515028e-07                 	4.0698675210e-07                 	4.3695518867e-01                 	-3.1993508311e-01                
3.5424000000e+02	2.8111386822e-01	5.1801501675e-07                 	1.6002878494e-07                 	3.5798623181e-07                 	3.0892692250e-01                 	-3.2836600811e-01                
4.1328000000e+02	2.4095474419e-01	4.1193177986e-07                 	8.5454168685e-08                 	3.2647761117e-07                 	2.0744738052e-01                 	-3.3350795939e-01                
4.9993550000e+02	1.9918924877e-01	3.3661376698e-07                 	3.9495696223e-08                 	2.9711807076e-07                 	1.1733238535e-01                 	-3.3713301822e-01                
7.0007910000e+02	1.4224360744e-01	2.6707830813e-07                 	1.0132488415e-08                 	2.5694581971e-07                 	3.7938267943e-02                 	-3.3811455875e-01                
9.9987100000e+02	9.9594624383e-02	2.2311733348e-07                 	2.4075991496e-09                 	2.2070973433e-07                 	1.0790731101e-02                 	-3.3362035092e-01                
1.2002320000e+03	8.2968773268e-02	2.0446608283e-07                 	1.1532366697e-09                 	2.0331284616e-07                 	5.6402345743e-03                 	-3.2952524502e-01                
1.2398400000e+03	8.0318248062e-02	2.0130159122e-07                 	1.0117995753e-09                 	2.0028979165e-07                 	5.0262870213e-03                 	-3.2867965662e-01                
1.4999270000e+03	6.6391082151e-02	1.8340216124e-07                 	4.6964958508e-10                 	1.8293251166e-07                 	2.5607636350e-03                 	-3.2300972518e-01                
2.0000650000e+03	4.9789270187e-02	1.5824000281e-07                 	1.4721105922e-10                 	1.5809279175e-07                 	9.3030243051e-04                 	-3.1212175056e-01                
1.2398400000e+04	8.0318248062e-03	4.3412190726e-08                 	9.2289672215e-14                 	4.3412098436e-08                 	2.1258929962e-06                 	-1.4840553487e-01                
1.2398400000e+05	8.0318248062e-04	8.2050819503e-10                 	8.7666697062e-18                 	8.2050818626e-10                 	1.0684438936e-08                 	-3.1066138319e-03                
