Layer	  Height	  log(P)	Temp_bound.	     Rflux	 isequil	dt
0	0.000000	7.301030	2930.359082	  0.000821	0	1.226646e-04
1	5.681417	7.198020	2830.464277	  0.001969	0	1.073673e+00
2	11.179063	7.095009	2757.548812	  0.002508	0	1.073673e+00
3	16.508977	6.991999	2674.404836	  0.003183	0	1.073673e+00
4	21.651629	6.888989	2584.271041	  0.004020	0	1.073673e+00
5	26.595020	6.785978	2489.372315	  0.005047	0	1.073673e+00
6	31.338642	6.682968	2394.849356	  0.006291	0	1.073673e+00
7	35.892830	6.579958	2306.114400	  0.007778	0	1.073673e+00
8	40.278170	6.476948	2229.897893	  0.009525	0	1.073673e+00
9	44.526956	6.373937	2171.471897	  0.011538	0	1.073673e+00
10	48.679797	6.270927	2133.881572	  0.013808	0	1.073673e+00
11	52.778390	6.167917	2116.257491	  0.016310	0	1.073673e+00
12	56.859395	6.064906	2115.015424	  0.018998	0	1.073673e+00
13	60.951414	5.961896	2124.936138	  0.021808	0	1.073673e+00
14	65.073642	5.858886	2141.297583	  0.024658	0	1.073673e+00
15	69.237484	5.755875	2160.659750	  0.027455	0	1.073673e+00
16	73.448376	5.652865	2180.433065	  0.030106	0	1.073673e+00
17	77.706762	5.549855	2198.669768	  0.032543	0	1.073673e+00
18	82.009425	5.446845	2214.295031	  0.034742	0	1.073673e+00
19	86.350846	5.343834	2226.634875	  0.036740	0	1.073673e+00
20	90.724125	5.240824	2235.438803	  0.038629	0	1.073673e+00
21	95.121709	5.137814	2240.636352	  0.040547	0	1.073673e+00
22	99.535645	5.034803	2242.216573	  0.042641	0	1.073673e+00
23	103.957766	4.931793	2240.237789	  0.045036	0	1.073673e+00
24	108.379598	4.828783	2234.537630	  0.047819	0	1.073673e+00
25	112.792334	4.725772	2225.112656	  0.051049	0	1.073673e+00
26	117.187483	4.622762	2212.336600	  0.054760	0	1.073673e+00
27	121.557650	4.519752	2196.831446	  0.058961	0	1.073673e+00
28	125.896981	4.416742	2179.299813	  0.063623	0	1.073673e+00
29	130.201199	4.313731	2160.397785	  0.068656	0	1.073673e+00
30	134.467606	4.210721	2140.753944	  0.073898	0	1.073673e+00
31	138.695209	4.107711	2121.096472	  0.079101	0	1.073673e+00
32	142.885487	4.004700	2102.837066	  0.083953	0	1.073673e+00
33	147.041005	3.901690	2085.546174	  0.088125	0	1.073673e+00
34	151.162571	3.798680	2068.034797	  0.091336	0	1.073673e+00
35	155.249918	3.695669	2050.605585	  0.093426	0	1.073673e+00
36	159.302796	3.592659	2033.099180	  0.094397	0	1.073673e+00
37	163.320616	3.489649	2015.361148	  0.094423	0	1.073673e+00
38	167.302499	3.386639	1997.284447	  0.093805	0	1.073673e+00
39	171.247621	3.283628	1978.973865	  0.092986	0	1.073673e+00
40	175.155837	3.180618	1960.839699	  0.092376	0	1.073673e+00
41	179.028157	3.077608	1943.462353	  0.092199	0	1.073673e+00
42	182.865968	2.974597	1926.594944	  0.092623	0	1.073673e+00
43	186.669374	2.871587	1909.305487	  0.093784	0	1.073673e+00
44	190.437853	2.768577	1892.018067	  0.095749	0	1.073673e+00
45	194.171735	2.665566	1875.119980	  0.098513	0	1.073673e+00
46	197.871898	2.562556	1858.699728	  0.101991	0	1.073673e+00
47	201.539255	2.459546	1842.706051	  0.106017	0	1.073673e+00
48	205.174499	2.356536	1827.024069	  0.110337	0	1.073673e+00
49	208.778143	2.253525	1811.657395	  0.116738	0	1.073673e+00
50	212.350801	2.150515	1796.721911	  0.123644	0	1.073673e+00
51	215.893000	2.047505	1782.095346	  0.127525	0	1.073673e+00
52	219.403888	1.944494	1766.729140	  0.128530	0	1.073673e+00
53	222.880554	1.841484	1749.878970	  0.127626	0	1.073673e+00
54	226.319563	1.738474	1731.859328	  0.125252	0	1.073673e+00
55	229.717953	1.635463	1712.741466	  0.121100	0	1.073673e+00
56	233.073241	1.532453	1692.733072	  0.114752	0	1.073673e+00
57	236.383681	1.429443	1672.153997	  0.106058	0	1.073673e+00
58	239.648432	1.326433	1651.397557	  0.096987	0	1.073673e+00
59	242.867692	1.223422	1630.874543	  0.091381	0	1.073673e+00
60	246.042539	1.120412	1610.962229	  0.082376	0	1.073673e+00
61	249.174865	1.017402	1591.957798	  0.064790	0	1.073673e+00
62	252.267060	0.914391	1574.055177	  0.042131	0	1.073673e+00
63	255.321813	0.811381	1557.367275	  0.017247	0	1.073673e+00
64	258.341929	0.708371	1541.912092	 -0.008845	0	1.073673e+00
65	261.330050	0.605360	1527.585140	 -0.035902	0	1.073673e+00
66	264.288455	0.502350	1514.181044	 -0.063466	0	1.073673e+00
67	267.218829	0.399340	1501.404234	 -0.091235	0	1.073673e+00
68	270.122160	0.296330	1488.897366	 -0.115372	0	1.073673e+00
69	272.998666	0.193319	1476.289889	 -0.144908	0	1.073673e+00
70	275.847774	0.090309	1463.259097	 -0.183502	0	1.073673e+00
71	278.668325	-0.012701	1449.581891	 -0.219907	0	1.073673e+00
72	281.458731	-0.115712	1435.163646	 -0.252308	0	1.073673e+00
73	284.217310	-0.218722	1420.037955	 -0.281529	0	1.073673e+00
74	286.942579	-0.321732	1404.341246	 -0.308006	0	1.073673e+00
75	289.633439	-0.424743	1388.279794	 -0.330183	0	1.073673e+00
76	292.289308	-0.527753	1372.096742	 -0.344885	0	1.073673e+00
77	294.910211	-0.630763	1356.043572	 -0.348648	0	1.073673e+00
78	297.496762	-0.733773	1340.361977	 -0.342679	0	1.073673e+00
79	300.050146	-0.836784	1325.272255	 -0.326393	0	1.073673e+00
80	302.572061	-0.939794	1310.965345	 -0.295570	0	1.073673e+00
81	305.064612	-1.042804	1297.595766	 -0.250082	0	1.073673e+00
82	307.530257	-1.145815	1285.275117	 -0.193416	0	1.073673e+00
83	309.971629	-1.248825	1274.069559	 -0.130481	0	1.073673e+00
84	312.391461	-1.351835	1264.002877	 -0.066236	0	1.073673e+00
85	314.792471	-1.454846	1255.062365	 -0.001805	0	1.073673e+00
86	317.177327	-1.557856	1247.206210	  0.059488	0	1.073673e+00
87	319.548544	-1.660866	1240.371708	  0.117348	0	1.073673e+00
88	321.908457	-1.763876	1234.482858	  0.171925	0	1.073673e+00
89	324.259239	-1.866887	1229.456507	  0.218255	0	1.073673e+00
90	326.602827	-1.969897	1225.206430	  0.249527	0	1.073673e+00
91	328.940973	-2.072907	1221.645525	  0.260298	0	1.073673e+00
92	331.275249	-2.175918	1218.687419	  0.241642	0	1.073673e+00
93	333.607011	-2.278928	1216.248444	  0.188436	0	1.073673e+00
94	335.937429	-2.381938	1214.249517	  0.097975	0	1.073673e+00
95	338.267506	-2.484949	1212.617870	 -0.021339	0	1.073673e+00
96	340.598101	-2.587959	1211.288521	 -0.157039	0	1.073673e+00
97	342.929915	-2.690969	1210.204638	 -0.290031	0	1.073673e+00
98	345.263547	-2.793979	1209.318932	 -0.402691	0	1.073673e+00
99	347.599506	-2.896990	1208.583673	 -0.479972	0	1.073673e+00
100	349.938097	-3.000000	1208.025624	 -0.906496	0	1.073673e+00
