#wavelengths (mu)	size parameter  	extinction cross section (cm^2)  	scattering cross section (cm^2)  	absorption cross section (cm^2)  	single scattering albedo         	asymmetry parameter              
1.0000000000e-01	1.2536588316e+01	2.9028002083e-09                 	1.5778550881e-09                 	1.3249451201e-09                 	5.4356310284e-01                 	8.7589716683e-01                 
1.1100000000e-01	1.1294223708e+01	2.9311986394e-09                 	1.5919475311e-09                 	1.3392511083e-09                 	5.4310462271e-01                 	8.6833803411e-01                 
1.2500000000e-01	1.0029270653e+01	2.9685232212e-09                 	1.6075276356e-09                 	1.3609955856e-09                 	5.4152435936e-01                 	8.5952652197e-01                 
1.3700000000e-01	9.1507943912e+00	3.0019011185e-09                 	1.6172144642e-09                 	1.3846866544e-09                 	5.3873009147e-01                 	8.5320304605e-01                 
1.4350000000e-01	8.7362984781e+00	3.0199768529e-09                 	1.6211158497e-09                 	1.3988610032e-09                 	5.3679744205e-01                 	8.5020342215e-01                 
1.5500000000e-01	8.0881214942e+00	3.0495772478e-09                 	1.6264933491e-09                 	1.4230838986e-09                 	5.3335043418e-01                 	8.4530130904e-01                 
1.6500000000e-01	7.5979323127e+00	3.0720207742e-09                 	1.6304083787e-09                 	1.4416123955e-09                 	5.3072830510e-01                 	8.4112769432e-01                 
2.0000000000e-01	6.2682941580e+00	3.1463564681e-09                 	1.6520415971e-09                 	1.4943148710e-09                 	5.2506498036e-01                 	8.2357991879e-01                 
2.2700000000e-01	5.5227261304e+00	3.2069393793e-09                 	1.6736190529e-09                 	1.5333203264e-09                 	5.2187424051e-01                 	8.0877796890e-01                 
2.5000000000e-01	5.0146353264e+00	3.2539087333e-09                 	1.6859202898e-09                 	1.5679884435e-09                 	5.1812156640e-01                 	7.9741532955e-01                 
2.6300000000e-01	4.7667636183e+00	3.2783608235e-09                 	1.6910632525e-09                 	1.5872975710e-09                 	5.1582584821e-01                 	7.9151573812e-01                 
2.7800000000e-01	4.5095641424e+00	3.3055727613e-09                 	1.6958339443e-09                 	1.6097388170e-09                 	5.1302272458e-01                 	7.8475582844e-01                 
2.9700000000e-01	4.2210735071e+00	3.3365559769e-09                 	1.7014100916e-09                 	1.6351458853e-09                 	5.0993003065e-01                 	7.7553363910e-01                 
3.0000000000e-01	4.1788627720e+00	3.3411746277e-09                 	1.7024130720e-09                 	1.6387615557e-09                 	5.0952532020e-01                 	7.7402919285e-01                 
4.6000000000e-01	2.7253452861e+00	3.6435145565e-09                 	1.8435865704e-09                 	1.7999279861e-09                 	5.0599127348e-01                 	6.7706590618e-01                 
6.1000000000e-01	2.0551784125e+00	3.8126119810e-09                 	1.8958563221e-09                 	1.9167556590e-09                 	4.9725918386e-01                 	5.8464272811e-01                 
1.0000000000e+00	1.2536588316e+00	4.0197663539e-09                 	2.1906266460e-09                 	1.8291397079e-09                 	5.4496367528e-01                 	2.1798482969e-01                 
1.5040000000e+00	8.3354975505e-01	3.6292040984e-09                 	1.8204532112e-09                 	1.8087508871e-09                 	5.0161224386e-01                 	1.4228711868e-02                 
1.8500000000e+00	6.7765342249e-01	2.2934129336e-09                 	9.6688221005e-10                 	1.3265307235e-09                 	4.2159098167e-01                 	-3.2092508110e-02                
2.0000000000e+00	6.2682941580e-01	1.8515669357e-09                 	7.1273332646e-10                 	1.1388336093e-09                 	3.8493522039e-01                 	-4.4155999238e-02                
2.2450000000e+00	5.5842264214e-01	1.3431370468e-09                 	4.3957470197e-10                 	9.0356234480e-10                 	3.2727464634e-01                 	-5.7939584840e-02                
2.7330000000e+00	4.5871161054e-01	8.1766838545e-10                 	1.8738384625e-10                 	6.3028453920e-10                 	2.2916851084e-01                 	-7.3549732231e-02                
2.8720000000e+00	4.3651073524e-01	7.3398609369e-10                 	1.5109770789e-10                 	5.8288838580e-10                 	2.0585908805e-01                 	-7.6645335753e-02                
3.0270000000e+00	4.1415884757e-01	6.6118059396e-10                 	1.2042150959e-10                 	5.4075908437e-10                 	1.8213104058e-01                 	-7.9955262939e-02                
3.1440000000e+00	3.9874644771e-01	6.1770298940e-10                 	1.0233910111e-10                 	5.1536388828e-10                 	1.6567687525e-01                 	-8.2578256525e-02                
3.7330000000e+00	3.3583145770e-01	5.2506716449e-10                 	5.0422722626e-11                 	4.7464444186e-10                 	9.6030995721e-02                 	-1.2124010277e-01                
4.5610000000e+00	2.7486490498e-01	5.4448611302e-10                 	2.3166002786e-11                 	5.2132011023e-10                 	4.2546544774e-02                 	2.0429157624e-01                 
5.3500000000e+00	2.3432875357e-01	4.6783906769e-11                 	1.0129214695e-11                 	3.6654692074e-11                 	2.1651066349e-01                 	1.7637836744e-01                 
6.0000000000e+00	2.0894313860e-01	1.3309327041e-11                 	6.0756374513e-12                 	7.2336895896e-12                 	4.5649471477e-01                 	1.0672345664e-01                 
7.0000000000e+00	1.7909411880e-01	5.5187882580e-12                 	3.1603660022e-12                 	2.3584222557e-12                 	5.7265578140e-01                 	6.3364063555e-02                 
8.0000000000e+00	1.5670735395e-01	3.8766192158e-12                 	1.8162168831e-12                 	2.0604023328e-12                 	4.6850536045e-01                 	4.3587582353e-02                 
8.5000000000e+00	1.4748927431e-01	3.3770717510e-12                 	1.4155759428e-12                 	1.9614958082e-12                 	4.1917259898e-01                 	3.7310849046e-02                 
8.7500000000e+00	1.4327529504e-01	3.1736844138e-12                 	1.2570114528e-12                 	1.9166729610e-12                 	3.9607323505e-01                 	3.4712798237e-02                 
9.0000000000e+00	1.3929542573e-01	2.9950446078e-12                 	1.1201653076e-12                 	1.8748793002e-12                 	3.7400621835e-01                 	3.2397163152e-02                 
1.0000000000e+01	1.2536588316e-01	2.4699690279e-12                 	7.2885911284e-13                 	1.7411099150e-12                 	2.9508836128e-01                 	2.5207989775e-02                 
1.0500000000e+01	1.1939607920e-01	2.2922787341e-12                 	5.9769687401e-13                 	1.6945818601e-12                 	2.6074354096e-01                 	2.2516263601e-02                 
1.1000000000e+01	1.1396898469e-01	2.1544606342e-12                 	4.9482192332e-13                 	1.6596387109e-12                 	2.2967322562e-01                 	2.0246392454e-02                 
1.1500000000e+01	1.0901381144e-01	2.0454533527e-12                 	4.1322298459e-13                 	1.6322303681e-12                 	2.0202024360e-01                 	1.8318258886e-02                 
1.2500000000e+01	1.0029270653e-01	1.8867567176e-12                 	2.9485577768e-13                 	1.5919009399e-12                 	1.5627652199e-01                 	1.5222264171e-02                 
1.3000000000e+01	9.6435294738e-02	1.8294792455e-12                 	2.5157783294e-13                 	1.5779014125e-12                 	1.3751335718e-01                 	1.3949177841e-02                 
1.3500000000e+01	9.2863617156e-02	1.7765215642e-12                 	2.1604898680e-13                 	1.5604725774e-12                 	1.2161348961e-01                 	1.2863577487e-02                 
1.4000000000e+01	8.9547059400e-02	1.7328552388e-12                 	1.8654900045e-13                 	1.5463062384e-12                 	1.0765411690e-01                 	1.1887437871e-02                 
1.5000000000e+01	8.3577255440e-02	1.6641531099e-12                 	1.4122841780e-13                 	1.5229246921e-12                 	8.4865038534e-02                 	1.0243158356e-02                 
1.5500000000e+01	8.0881214942e-02	1.6381672662e-12                 	1.2374034871e-13                 	1.5144269175e-12                 	7.5535845001e-02                 	9.5465588241e-03                 
1.6500000000e+01	7.5979323127e-02	1.6015186302e-12                 	9.6180672759e-14                 	1.5053379574e-12                 	6.0055918769e-02                 	8.3494167022e-03                 
1.7000000000e+01	7.3744637153e-02	1.5903585357e-12                 	8.5281364327e-14                 	1.5050771713e-12                 	5.3623986299e-02                 	7.8326236609e-03                 
1.8500000000e+01	6.7765342249e-02	1.5779216810e-12                 	6.0669822037e-14                 	1.5172518590e-12                 	3.8449197300e-02                 	6.5395061525e-03                 
1.9500000000e+01	6.4290196492e-02	1.5805272702e-12                 	4.9085955818e-14                 	1.5314413144e-12                 	3.1056696550e-02                 	5.8472347255e-03                 
2.0029400000e+01	6.2590932909e-02	1.5367636796e-12                 	4.4058678382e-14                 	1.4927050012e-12                 	2.8669781155e-02                 	5.5163621492e-03                 
2.0108100000e+01	6.2345961657e-02	1.5418320930e-12                 	4.3364020317e-14                 	1.4984680727e-12                 	2.8124995265e-02                 	5.4667688177e-03                 
2.0187400000e+01	6.2101054698e-02	1.5500341281e-12                 	4.2678523882e-14                 	1.5073556042e-12                 	2.7533925291e-02                 	5.4178928048e-03                 
2.0267300000e+01	6.1856233026e-02	1.5614866221e-12                 	4.2002147273e-14                 	1.5194844748e-12                 	2.6898819804e-02                 	5.3697223589e-03                 
2.0347900000e+01	6.1611214504e-02	1.5742220072e-12                 	4.1333808741e-14                 	1.5328881985e-12                 	2.6256657924e-02                 	5.3220768700e-03                 
2.0429100000e+01	6.1366327034e-02	1.5896299429e-12                 	4.0674464531e-14                 	1.5489554784e-12                 	2.5587379448e-02                 	5.2750834701e-03                 
2.0511000000e+01	6.1121292555e-02	1.6056785558e-12                 	4.0023555525e-14                 	1.5656550002e-12                 	2.4926256492e-02                 	5.2289516365e-03                 
2.0593600000e+01	6.0876137810e-02	1.6233891902e-12                 	3.9380657146e-14                 	1.5840085330e-12                 	2.4258297015e-02                 	5.1833203303e-03                 
2.0676800000e+01	6.0631182369e-02	1.6403899318e-12                 	3.8747231738e-14                 	1.6016427001e-12                 	2.3620744669e-02                 	5.1388711445e-03                 
2.0760600000e+01	6.0386445074e-02	1.6550761601e-12                 	3.8122816482e-14                 	1.6169533436e-12                 	2.3033874453e-02                 	5.0953305180e-03                 
2.0845200000e+01	6.0141367394e-02	1.6689594124e-12                 	3.7505423675e-14                 	1.6314539887e-12                 	2.2472340188e-02                 	5.0521639941e-03                 
2.0930500000e+01	5.9896267724e-02	1.6792264098e-12                 	3.6896401175e-14                 	1.6423300086e-12                 	2.1972261131e-02                 	5.0099956759e-03                 
2.1016400000e+01	5.9651454654e-02	1.6875570832e-12                 	3.6295013654e-14                 	1.6512620696e-12                 	2.1507428705e-02                 	4.9676788214e-03                 
2.1103100000e+01	5.9406382550e-02	1.6934888984e-12                 	3.5700728519e-14                 	1.6577881699e-12                 	2.1081170684e-02                 	4.9258419297e-03                 
2.1190500000e+01	5.9161361535e-02	1.6975084725e-12                 	3.5113463240e-14                 	1.6623950092e-12                 	2.0685294836e-02                 	4.8838805415e-03                 
2.1278600000e+01	5.8916415159e-02	1.7008667758e-12                 	3.4533279290e-14                 	1.6663334965e-12                 	2.0303341674e-02                 	4.8418132108e-03                 
2.1367400000e+01	5.8671566573e-02	1.7044696459e-12                 	3.3960131150e-14                 	1.6705095148e-12                 	1.9924163056e-02                 	4.7995825654e-03                 
2.1457000000e+01	5.8426566230e-02	1.7105277930e-12                 	3.3393809424e-14                 	1.6771339836e-12                 	1.9522517881e-02                 	4.7574392275e-03                 
2.1547400000e+01	5.8181443311e-02	1.7179185593e-12                 	3.2835027364e-14                 	1.6850835320e-12                 	1.9113261910e-02                 	4.7160157191e-03                 
2.1638500000e+01	5.7936494286e-02	1.7261273118e-12                 	3.2283533321e-14                 	1.6938437785e-12                 	1.8702869192e-02                 	4.6746442967e-03                 
2.1730400000e+01	5.7691475150e-02	1.7335369829e-12                 	3.1739892640e-14                 	1.7017970903e-12                 	1.8309325358e-02                 	4.6343545757e-03                 
2.1823000000e+01	5.7446676974e-02	1.7382444065e-12                 	3.1203675553e-14                 	1.7070407310e-12                 	1.7951259003e-02                 	4.5943888338e-03                 
2.1916500000e+01	5.7201598412e-02	1.7391757403e-12                 	3.0671816012e-14                 	1.7085039243e-12                 	1.7635834782e-02                 	4.5530112060e-03                 
2.2010800000e+01	5.6956531866e-02	1.7346690973e-12                 	3.0150724703e-14                 	1.7045183726e-12                 	1.7381254298e-02                 	4.5154699089e-03                 
2.2105800000e+01	5.6711760334e-02	1.7249144451e-12                 	2.9636995215e-14                 	1.6952774499e-12                 	1.7181718954e-02                 	4.4783542533e-03                 
2.2201700000e+01	5.6466794507e-02	1.7174748245e-12                 	2.9122019043e-14                 	1.6883528055e-12                 	1.6956300394e-02                 	4.4345402835e-03                 
2.2298500000e+01	5.6221666552e-02	1.7105717972e-12                 	2.8616514384e-14                 	1.6819552829e-12                 	1.6729209747e-02                 	4.3936958961e-03                 
2.2396100000e+01	5.5976658061e-02	1.7112600223e-12                 	2.8113838542e-14                 	1.6831461838e-12                 	1.6428735654e-02                 	4.3491342010e-03                 
2.2494500000e+01	5.5731793621e-02	1.7203532251e-12                 	2.7619106633e-14                 	1.6927341185e-12                 	1.6054323164e-02                 	4.3055067829e-03                 
2.2593800000e+01	5.5486851774e-02	1.7414854829e-12                 	2.7130964400e-14                 	1.7143545185e-12                 	1.5579207904e-02                 	4.2618933775e-03                 
2.2694000000e+01	5.5241862677e-02	1.7734956050e-12                 	2.6651188765e-14                 	1.7468444163e-12                 	1.5027490730e-02                 	4.2199819935e-03                 
2.2795100000e+01	5.4996855973e-02	1.8093610971e-12                 	2.6180260995e-14                 	1.7831808361e-12                 	1.4469340054e-02                 	4.1804702007e-03                 
2.2897100000e+01	5.4751860786e-02	1.8436809814e-12                 	2.5718618407e-14                 	1.8179623630e-12                 	1.3949603357e-02                 	4.1440001004e-03                 
2.3000000000e+01	5.4506905722e-02	1.8677403695e-12                 	2.5265663707e-14                 	1.8424747058e-12                 	1.3527396055e-02                 	4.1103732889e-03                 
2.3103800000e+01	5.4262018871e-02	1.8749223617e-12                 	2.4822827250e-14                 	1.8500995345e-12                 	1.3239389404e-02                 	4.0813022884e-03                 
2.3208600000e+01	5.4016995062e-02	1.8706988563e-12                 	2.4380001076e-14                 	1.8463188552e-12                 	1.3032563202e-02                 	4.0472067742e-03                 
2.3314400000e+01	5.3771867670e-02	1.8494908063e-12                 	2.3947129486e-14                 	1.8255436768e-12                 	1.2947958111e-02                 	4.0179622170e-03                 
2.3421100000e+01	5.3526898036e-02	1.8236475972e-12                 	2.3513315331e-14                 	1.8001342819e-12                 	1.2893563080e-02                 	3.9819583475e-03                 
2.3528700000e+01	5.3282112127e-02	1.7905729091e-12                 	2.3086285342e-14                 	1.7674866238e-12                 	1.2893239490e-02                 	3.9469199035e-03                 
2.3637400000e+01	5.3037086634e-02	1.7602006412e-12                 	2.2662657724e-14                 	1.7375379835e-12                 	1.2875042307e-02                 	3.9098208419e-03                 
2.3747100000e+01	5.2792081206e-02	1.7348743174e-12                 	2.2243021498e-14                 	1.7126312959e-12                 	1.2821114057e-02                 	3.8707692309e-03                 
2.3857800000e+01	5.2547126374e-02	1.7186812691e-12                 	2.1828680764e-14                 	1.6968525884e-12                 	1.2700831245e-02                 	3.8309661830e-03                 
2.3969600000e+01	5.2302033893e-02	1.7126227504e-12                 	2.1419270828e-14                 	1.6912034796e-12                 	1.2506706934e-02                 	3.7903508294e-03                 
2.4082400000e+01	5.2057055426e-02	1.7167006000e-12                 	2.1016644472e-14                 	1.6956839555e-12                 	1.2242463522e-02                 	3.7505230464e-03                 
2.4196200000e+01	5.1812219754e-02	1.7261343126e-12                 	2.0621274878e-14                 	1.7055130377e-12                 	1.1946506554e-02                 	3.7121716671e-03                 
2.4311200000e+01	5.1567130853e-02	1.7367667896e-12                 	2.0232276618e-14                 	1.7165345130e-12                 	1.1649391697e-02                 	3.6751844685e-03                 
2.4427200000e+01	5.1322248624e-02	1.7431030778e-12                 	1.9850711559e-14                 	1.7232523662e-12                 	1.1388145550e-02                 	3.6402462051e-03                 
2.4544400000e+01	5.1077183863e-02	1.7412080690e-12                 	1.9475221726e-14                 	1.7217328473e-12                 	1.1184890578e-02                 	3.6067118499e-03                 
2.4662600000e+01	5.0832387161e-02	1.7292590932e-12                 	1.9105526681e-14                 	1.7101535665e-12                 	1.1048388732e-02                 	3.5737198844e-03                 
2.4782100000e+01	5.0587271926e-02	1.7063311172e-12                 	1.8740230503e-14                 	1.6875908867e-12                 	1.0982763143e-02                 	3.5407019717e-03                 
2.4902700000e+01	5.0342285439e-02	1.6741704074e-12                 	1.8379108609e-14                 	1.6557912988e-12                 	1.0978039349e-02                 	3.5066871526e-03                 
2.5024500000e+01	5.0097257951e-02	1.6376578467e-12                 	1.8021093477e-14                 	1.6196367532e-12                 	1.1004187177e-02                 	3.4705812794e-03                 
2.5147400000e+01	4.9852423376e-02	1.6037707055e-12                 	1.7666920294e-14                 	1.5861037852e-12                 	1.1015864196e-02                 	3.4326635402e-03                 
2.5271600000e+01	4.9607418272e-02	1.5754453782e-12                 	1.7315812617e-14                 	1.5581295656e-12                 	1.0991058692e-02                 	3.3925264884e-03                 
2.5397000000e+01	4.9362477127e-02	1.5608622001e-12                 	1.6968426170e-14                 	1.5438937739e-12                 	1.0871187840e-02                 	3.3503806144e-03                 
2.5523700000e+01	4.9117441108e-02	1.5628145102e-12                 	1.6626083361e-14                 	1.5461884268e-12                 	1.0638551954e-02                 	3.3079723906e-03                 
2.5651600000e+01	4.8872539397e-02	1.5834784852e-12                 	1.6289437323e-14                 	1.5671890478e-12                 	1.0287122608e-02                 	3.2657402503e-03                 
2.5780900000e+01	4.8627426956e-02	1.6198962163e-12                 	1.5959673499e-14                 	1.6039365428e-12                 	9.8522814845e-03                 	3.2257097077e-03                 
2.5911400000e+01	4.8382520111e-02	1.6612066144e-12                 	1.5638108597e-14                 	1.6455685058e-12                 	9.4137047501e-03                 	3.1892295522e-03                 
2.6043300000e+01	4.8137479951e-02	1.6955555965e-12                 	1.5324003468e-14                 	1.6802315931e-12                 	9.0377475672e-03                 	3.1563773383e-03                 
2.6176500000e+01	4.7892530766e-02	1.7128809067e-12                 	1.5016844941e-14                 	1.6978640618e-12                 	8.7670105271e-03                 	3.1266805312e-03                 
2.6311100000e+01	4.7647526390e-02	1.7059227999e-12                 	1.4714742774e-14                 	1.6912080571e-12                 	8.6256791778e-03                 	3.0984185665e-03                 
2.6447000000e+01	4.7402685809e-02	1.6783307152e-12                 	1.4416452903e-14                 	1.6639142623e-12                 	8.5897569368e-03                 	3.0697198125e-03                 
2.6584400000e+01	4.7157687651e-02	1.6349090870e-12                 	1.4120933297e-14                 	1.6207881537e-12                 	8.6371367123e-03                 	3.0395832491e-03                 
2.6723200000e+01	4.6912751153e-02	1.5829472493e-12                 	1.3827473967e-14                 	1.5691197754e-12                 	8.7352714834e-03                 	3.0065541073e-03                 
2.6863500000e+01	4.6667739930e-02	1.5324263835e-12                 	1.3535958877e-14                 	1.5188904247e-12                 	8.8330239041e-03                 	2.9703474667e-03                 
2.7005300000e+01	4.6422695975e-02	1.4908490991e-12                 	1.3246893781e-14                 	1.4776022053e-12                 	8.8854692196e-03                 	2.9313492816e-03                 
2.7148500000e+01	4.6177830510e-02	1.4648479462e-12                 	1.2960837978e-14                 	1.4518871082e-12                 	8.8479067139e-03                 	2.8898753272e-03                 
2.7293300000e+01	4.5932841818e-02	1.4597399190e-12                 	1.2678594858e-14                 	1.4470613242e-12                 	8.6855162986e-03                 	2.8473063940e-03                 
2.7439700000e+01	4.5687774706e-02	1.4756061040e-12                 	1.2401250706e-14                 	1.4632048532e-12                 	8.4041741713e-03                 	2.8050585963e-03                 
2.7587600000e+01	4.5442837782e-02	1.5086163277e-12                 	1.2129659640e-14                 	1.4964866681e-12                 	8.0402547797e-03                 	2.7641333782e-03                 
2.7737100000e+01	4.5197905751e-02	1.5521394066e-12                 	1.1864489736e-14                 	1.5402749168e-12                 	7.6439588386e-03                 	2.7257928521e-03                 
2.7888300000e+01	4.4952859500e-02	1.5928281234e-12                 	1.1605864367e-14                 	1.5812222590e-12                 	7.2863256224e-03                 	2.6907738499e-03                 
2.8041100000e+01	4.4707904882e-02	1.6214852981e-12                 	1.1353153486e-14                 	1.6101321446e-12                 	7.0016999227e-03                 	2.6583569535e-03                 
2.8195600000e+01	4.4462924414e-02	1.6297108133e-12                 	1.1105477067e-14                 	1.6186053362e-12                 	6.8143850898e-03                 	2.6278713402e-03                 
2.8351800000e+01	4.4217962584e-02	1.6153777966e-12                 	1.0861305734e-14                 	1.6045164909e-12                 	6.7236938357e-03                 	2.5973640710e-03                 
2.8509800000e+01	4.3972908670e-02	1.5826662171e-12                 	1.0619379710e-14                 	1.5720468374e-12                 	6.7098037447e-03                 	2.5651706716e-03                 
2.8669500000e+01	4.3727962873e-02	1.5407472788e-12                 	1.0379181242e-14                 	1.5303680975e-12                 	6.7364592399e-03                 	2.5300807937e-03                 
2.8831000000e+01	4.3483015907e-02	1.5047544764e-12                 	1.0140037182e-14                 	1.4946144392e-12                 	6.7386655703e-03                 	2.4909215768e-03                 
2.8994300000e+01	4.3238113409e-02	1.4880237252e-12                 	9.9027327595e-15                 	1.4781209924e-12                 	6.6549562293e-03                 	2.4484516873e-03                 
2.9159500000e+01	4.2993152544e-02	1.5012122616e-12                 	9.6682203399e-15                 	1.4915440413e-12                 	6.4402753609e-03                 	2.4039504218e-03                 
2.9326600000e+01	4.2748181910e-02	1.5481568497e-12                 	9.4376529347e-15                 	1.5387191968e-12                 	6.0960573449e-03                 	2.3589407035e-03                 
2.9495700000e+01	4.2503104914e-02	1.6249429710e-12                 	9.2127505843e-15                 	1.6157302204e-12                 	5.6695839477e-03                 	2.3159927887e-03                 
2.9666700000e+01	4.2258115382e-02	1.7175043214e-12                 	8.9944341344e-15                 	1.7085098873e-12                 	5.2369208172e-03                 	2.2764806657e-03                 
2.9839700000e+01	4.2013117813e-02	1.8052708292e-12                 	8.7824126797e-15                 	1.7964884165e-12                 	4.8648726484e-03                 	2.2406635500e-03                 
3.0014700000e+01	4.1768161321e-02	1.8685541234e-12                 	8.5765006158e-15                 	1.8599776227e-12                 	4.5899128683e-03                 	2.2088683065e-03                 
3.0191700000e+01	4.1523293872e-02	1.8938869463e-12                 	8.3742516228e-15                 	1.8855126947e-12                 	4.4217273049e-03                 	2.1782185479e-03                 
3.0370900000e+01	4.1278290456e-02	1.8811435014e-12                 	8.1732421919e-15                 	1.8729702592e-12                 	4.3448265301e-03                 	2.1456740585e-03                 
3.0552200000e+01	4.1033340696e-02	1.8447855720e-12                 	7.9716487192e-15                 	1.8368139233e-12                 	4.3211790250e-03                 	2.1081066642e-03                 
3.0735700000e+01	4.0788361144e-02	1.8152072783e-12                 	7.7677127249e-15                 	1.8074395656e-12                 	4.2792428267e-03                 	2.0624228657e-03                 
3.0921500000e+01	4.0543273502e-02	1.8344691388e-12                 	7.5614436410e-15                 	1.8269076952e-12                 	4.1218701808e-03                 	2.0079948917e-03                 
3.1109400000e+01	4.0298393142e-02	1.9446026124e-12                 	7.3549966215e-15                 	1.9372476157e-12                 	3.7822620286e-03                 	1.9469914129e-03                 
3.1299700000e+01	4.0053381713e-02	2.1856193233e-12                 	7.1506404456e-15                 	2.1784686828e-12                 	3.2716769885e-03                 	1.8820620337e-03                 
3.1492300000e+01	3.9808424015e-02	2.5762026911e-12                 	6.9527498234e-15                 	2.5692499413e-12                 	2.6988364880e-03                 	1.8177067101e-03                 
3.1687300000e+01	3.9563447552e-02	3.1057022853e-12                 	6.7660567702e-15                 	3.0989362285e-12                 	2.1785915547e-03                 	1.7585675788e-03                 
3.1884700000e+01	3.9318507987e-02	3.7341782978e-12                 	6.5947212901e-15                 	3.7275835765e-12                 	1.7660434945e-03                 	1.7085369839e-03                 
3.2084600000e+01	3.9073537822e-02	4.3912953037e-12                 	6.4406651719e-15                 	4.3848546386e-12                 	1.4666891490e-03                 	1.6703055651e-03                 
3.2287100000e+01	3.8828474270e-02	4.9988145935e-12                 	6.3029790128e-15                 	4.9925116145e-12                 	1.2608947371e-03                 	1.6451938521e-03                 
3.2492100000e+01	3.8583496653e-02	5.4839304373e-12                 	6.1787905286e-15                 	5.4777516467e-12                 	1.1267084073e-03                 	1.6341419947e-03                 
3.2699700000e+01	3.8338542299e-02	5.7969841487e-12                 	6.0633988277e-15                 	5.7909207498e-12                 	1.0459574621e-03                 	1.6371704579e-03                 
3.2910000000e+01	3.8093553072e-02	5.9184625717e-12                 	5.9516045202e-15                 	5.9125109672e-12                 	1.0055997564e-03                 	1.6532710543e-03                 
3.3123000000e+01	3.7848589548e-02	5.8593551723e-12                 	5.8390778444e-15                 	5.8535160945e-12                 	9.9653932433e-04                 	1.6802798236e-03                 
3.3338800000e+01	3.7603597958e-02	5.6564356250e-12                 	5.7227506338e-15                 	5.6507128744e-12                 	1.0117238157e-03                 	1.7142395886e-03                 
3.3557400000e+01	3.7358640169e-02	5.3529462920e-12                 	5.6013109315e-15                 	5.3473449811e-12                 	1.0463977455e-03                 	1.7505113164e-03                 
3.3778900000e+01	3.7113666567e-02	4.9886570637e-12                 	5.4748179158e-15                 	4.9831822458e-12                 	1.0974532516e-03                 	1.7846345854e-03                 
3.4003300000e+01	3.6868740140e-02	4.5987744921e-12                 	5.3440667408e-15                 	4.5934304254e-12                 	1.1620632301e-03                 	1.8123713049e-03                 
3.4230800000e+01	3.6623708228e-02	4.2033704446e-12                 	5.2101293511e-15                 	4.1981603153e-12                 	1.2395122961e-03                 	1.8312498105e-03                 
3.4461300000e+01	3.6378744609e-02	3.8147673625e-12                 	5.0738683785e-15                 	3.8096934941e-12                 	1.3300597117e-03                 	1.8392510553e-03                 
3.4694900000e+01	3.6133807320e-02	3.4367535028e-12                 	4.9357869763e-15                 	3.4318177158e-12                 	1.4361771865e-03                 	1.8351953961e-03                 
3.4931700000e+01	3.5888858303e-02	3.0745166089e-12                 	4.7956673432e-15                 	3.0697209415e-12                 	1.5598118187e-03                 	1.8169286963e-03                 
3.5171800000e+01	3.5643863311e-02	2.7432090436e-12                 	4.6530806138e-15                 	2.7385559630e-12                 	1.6962180205e-03                 	1.7819997069e-03                 
3.5415200000e+01	3.5398891764e-02	2.4718165352e-12                 	4.5076351102e-15                 	2.4673089001e-12                 	1.8236123296e-03                 	1.7286409932e-03                 
3.5662000000e+01	3.5153912613e-02	2.3079450051e-12                 	4.3594960172e-15                 	2.3035855091e-12                 	1.8889081011e-03                 	1.6575966992e-03                 
3.5912300000e+01	3.4908898389e-02	2.3119168943e-12                 	4.2098236078e-15                 	2.3077070707e-12                 	1.8209234156e-03                 	1.5728682476e-03                 
3.6166100000e+01	3.4663920954e-02	2.5479157947e-12                 	4.0615081989e-15                 	2.5438542865e-12                 	1.5940511878e-03                 	1.4813473703e-03                 
3.6423500000e+01	3.4418955663e-02	3.0616639196e-12                 	3.9190384610e-15                 	3.0577448812e-12                 	1.2800354852e-03                 	1.3904665790e-03                 
3.6684600000e+01	3.4173981224e-02	3.8547461578e-12                 	3.7882554983e-15                 	3.8509579023e-12                 	9.8275096291e-04                 	1.3066760746e-03                 
3.6949500000e+01	3.3928979596e-02	4.8641393412e-12                 	3.6747009135e-15                 	4.8604646403e-12                 	7.5546785480e-04                 	1.2341471313e-03                 
3.7218200000e+01	3.3684026406e-02	5.9578013334e-12                 	3.5819897434e-15                 	5.9542193437e-12                 	6.0122678534e-04                 	1.1756194268e-03                 
3.7490800000e+01	3.3439105903e-02	6.9503956858e-12                 	3.5101269550e-15                 	6.9468855588e-12                 	5.0502548542e-04                 	1.1338270087e-03                 
3.7767500000e+01	3.3194117471e-02	7.6582693923e-12                 	3.4545483270e-15                 	7.6548148440e-12                 	4.5108733450e-04                 	1.1118274749e-03                 
3.8048300000e+01	3.2949141791e-02	7.9516160677e-12                 	3.4072660913e-15                 	7.9482088016e-12                 	4.2849982473e-04                 	1.1142206646e-03                 
3.8333300000e+01	3.2704171871e-02	7.7953200867e-12                 	3.3592785965e-15                 	7.7919608081e-12                 	4.3093529953e-04                 	1.1474408060e-03                 
3.8622600000e+01	3.2459203461e-02	7.2516063239e-12                 	3.3032410092e-15                 	7.2483030829e-12                 	4.5551852398e-04                 	1.2182911870e-03                 
3.8916400000e+01	3.2214152172e-02	6.4421218341e-12                 	3.2352917813e-15                 	6.4388865423e-12                 	5.0220903371e-04                 	1.3299148736e-03                 
3.9214600000e+01	3.1969185752e-02	5.5065837588e-12                 	3.1550930988e-15                 	5.5034286657e-12                 	5.7296742173e-04                 	1.4724002622e-03                 
3.9517400000e+01	3.1724223547e-02	4.5632334930e-12                 	3.0645986442e-15                 	4.5601688944e-12                 	6.7158488578e-04                 	1.6162607275e-03                 
3.9824900000e+01	3.1479271300e-02	3.6998269234e-12                 	2.9666604693e-15                 	3.6968602629e-12                 	8.0183763476e-04                 	1.7194475390e-03                 
4.0137300000e+01	3.1234259195e-02	2.9821384415e-12                 	2.8641592599e-15                 	2.9792742823e-12                 	9.6043806018e-04                 	1.7519955214e-03                 
4.0454500000e+01	3.0989354252e-02	2.4603847824e-12                 	2.7596425613e-15                 	2.4576251398e-12                 	1.1216304787e-03                 	1.7144203268e-03                 
4.0776900000e+01	3.0744338868e-02	2.1677621735e-12                 	2.6557243760e-15                 	2.1651064492e-12                 	1.2250995097e-03                 	1.6326149448e-03                 
4.1104400000e+01	3.0499382830e-02	2.1138047061e-12                 	2.5550106481e-15                 	2.1112496955e-12                 	1.2087259721e-03                 	1.5351403929e-03                 
4.1437200000e+01	3.0254429151e-02	2.2737670114e-12                 	2.4601122322e-15                 	2.2713068992e-12                 	1.0819544043e-03                 	1.4425939126e-03                 
4.1775500000e+01	3.0009427334e-02	2.5832153210e-12                 	2.3731388869e-15                 	2.5808421821e-12                 	9.1867637498e-04                 	1.3661948770e-03                 
4.2119300000e+01	2.9764474519e-02	2.9490275976e-12                 	2.2950229707e-15                 	2.9467325747e-12                 	7.7823041486e-04                 	1.3107504410e-03                 
4.2468900000e+01	2.9519456157e-02	3.2702533997e-12                 	2.2250188538e-15                 	3.2680283808e-12                 	6.8038117598e-04                 	1.2777839033e-03                 
4.2824300000e+01	2.9274473409e-02	3.4654673598e-12                 	2.1609919827e-15                 	3.4633063678e-12                 	6.2357880145e-04                 	1.2669412393e-03                 
4.3185700000e+01	2.9029489660e-02	3.4958756882e-12                 	2.1001471110e-15                 	3.4937755411e-12                 	6.0074994029e-04                 	1.2760678297e-03                 
4.3553200000e+01	2.8784540094e-02	3.3703732157e-12                 	2.0399689914e-15                 	3.3683332467e-12                 	6.0526501394e-04                 	1.3001195448e-03                 
4.3927000000e+01	2.8539595957e-02	3.1280820878e-12                 	1.9789463922e-15                 	3.1261031414e-12                 	6.3263889395e-04                 	1.3316721099e-03                 
4.4307400000e+01	2.8294570018e-02	2.8228631839e-12                 	1.9165407649e-15                 	2.8209466431e-12                 	6.7893505283e-04                 	1.3611224683e-03                 
4.4694300000e+01	2.8049635672e-02	2.5038646721e-12                 	1.8529912789e-15                 	2.5020116809e-12                 	7.4005248747e-04                 	1.3796882624e-03                 
4.5088100000e+01	2.7804649821e-02	2.2110979552e-12                 	1.7889030443e-15                 	2.2093090521e-12                 	8.0905644192e-04                 	1.3823267477e-03                 
4.5488900000e+01	2.7559664701e-02	1.9679727443e-12                 	1.7250630750e-15                 	1.9662476812e-12                 	8.7656858054e-04                 	1.3693044012e-03                 
4.5896900000e+01	2.7314673357e-02	1.7849462514e-12                 	1.6622295273e-15                 	1.7832840218e-12                 	9.3124906483e-04                 	1.3447115252e-03                 
4.6312200000e+01	2.7069731768e-02	1.6584694587e-12                 	1.6010488857e-15                 	1.6568684098e-12                 	9.6537737090e-04                 	1.3142410180e-03                 
4.6735200000e+01	2.6824723797e-02	1.5758097890e-12                 	1.5419260878e-15                 	1.5742678629e-12                 	9.7849759444e-04                 	1.2829030259e-03                 
4.7165900000e+01	2.6579771225e-02	1.5177086612e-12                 	1.4850760500e-15                 	1.5162235852e-12                 	9.7849876456e-04                 	1.2541000071e-03                 
4.7604700000e+01	2.6334770130e-02	1.4651353974e-12                 	1.4304671621e-15                 	1.4637049302e-12                 	9.7633786247e-04                 	1.2295509328e-03                 
4.8051600000e+01	2.6089845741e-02	1.3964508524e-12                 	1.3778606311e-15                 	1.3950729918e-12                 	9.8668752193e-04                 	1.2092467893e-03                 
4.8507100000e+01	2.5844852230e-02	1.3032731892e-12                 	1.3267188608e-15                 	1.3019464704e-12                 	1.0179898364e-03                 	1.1904427456e-03                 
4.8971300000e+01	2.5599868323e-02	1.1927878013e-12                 	1.2767221941e-15                 	1.1915110791e-12                 	1.0703682522e-03                 	1.1703207920e-03                 
4.9444400000e+01	2.5354920509e-02	1.0793636572e-12                 	1.2276678950e-15                 	1.0781359893e-12                 	1.1373996955e-03                 	1.1465041372e-03                 
4.9926800000e+01	2.5109937581e-02	9.7627723645e-13                 	1.1795801586e-15                 	9.7509765629e-13                 	1.2082430222e-03                 	1.1186754861e-03                 
5.0418700000e+01	2.4864957478e-02	8.9537493038e-13                 	1.1325997106e-15                 	8.9424233067e-13                 	1.2649446306e-03                 	1.0876572520e-03                 
5.0920400000e+01	2.4619972184e-02	8.4110367952e-13                 	1.0869053484e-15                 	8.4001677417e-13                 	1.2922370628e-03                 	1.0551172795e-03                 
5.1432200000e+01	2.4374979713e-02	8.1272708740e-13                 	1.0426714404e-15                 	8.1168441596e-13                 	1.2829293579e-03                 	1.0228454044e-03                 
5.1954300000e+01	2.4130030269e-02	8.0328551072e-13                 	1.0000110751e-15                 	8.0228549964e-13                 	1.2449011737e-03                 	9.9219424868e-04                 
5.2487200000e+01	2.3885039240e-02	8.0427938428e-13                 	9.5892585898e-16                 	8.0332045842e-13                 	1.1922795458e-03                 	9.6379121786e-04                 
5.3031100000e+01	2.3640068405e-02	8.0724401147e-13                 	9.1936335938e-16                 	8.0632464811e-13                 	1.1388915202e-03                 	9.3765228952e-04                 
5.3586400000e+01	2.3395093374e-02	8.0693214765e-13                 	8.8121212577e-16                 	8.0605093552e-13                 	1.0920523223e-03                 	9.1334856412e-04                 
5.4153400000e+01	2.3150140741e-02	8.0103322943e-13                 	8.4434698594e-16                 	8.0018888244e-13                 	1.0540723592e-03                 	8.9019135778e-04                 
5.4732600000e+01	2.2905157650e-02	7.9179746219e-13                 	8.0865960038e-16                 	7.9098880259e-13                 	1.0212960245e-03                 	8.6754832261e-04                 
5.5324300000e+01	2.2660184252e-02	7.8280697357e-13                 	7.7410906752e-16                 	7.8203286450e-13                 	9.8888882401e-04                 	8.4515610610e-04                 
5.5929000000e+01	2.2415184101e-02	7.7683295928e-13                 	7.4069747838e-16                 	7.7609226180e-13                 	9.5348358940e-04                 	8.2319113054e-04                 
5.6547000000e+01	2.2170209412e-02	7.6950482858e-13                 	7.0840970201e-16                 	7.6879641887e-13                 	9.2060462223e-04                 	8.0179540379e-04                 
5.7178800000e+01	2.1925238578e-02	7.6155574473e-13                 	6.7719051539e-16                 	7.6087855422e-13                 	8.8921988977e-04                 	7.8072682421e-04                 
5.7824900000e+01	2.1680259397e-02	7.5330499344e-13                 	6.4699315090e-16                 	7.5265800029e-13                 	8.5887277601e-04                 	7.5979860607e-04                 
5.8485700000e+01	2.1435305239e-02	7.4720443254e-13                 	6.1778510700e-16                 	7.4658664744e-13                 	8.2679529202e-04                 	7.3884089136e-04                 
5.9161800000e+01	2.1190342951e-02	7.4523946086e-13                 	5.8953940760e-16                 	7.4464992145e-13                 	7.9107379381e-04                 	7.1780130483e-04                 
5.9853800000e+01	2.0945350698e-02	7.5065427300e-13                 	5.6224645154e-16                 	7.5009202655e-13                 	7.4900852732e-04                 	6.9673489071e-04                 
6.0562100000e+01	2.0700385746e-02	7.6525973398e-13                 	5.3592399667e-16                 	7.6472380999e-13                 	7.0031647148e-04                 	6.7590017029e-04                 
6.1287400000e+01	2.0455408968e-02	7.8915746710e-13                 	5.1057530830e-16                 	7.8864689179e-13                 	6.4698786945e-04                 	6.5555608147e-04                 
6.2030300000e+01	2.0210426704e-02	8.2164365597e-13                 	4.8621567107e-16                 	8.2115744030e-13                 	5.9175978240e-04                 	6.3604590548e-04                 
6.2791400000e+01	1.9965454371e-02	8.5879757538e-13                 	4.6284590467e-16                 	8.5833472947e-13                 	5.3894645017e-04                 	6.1766324054e-04                 
6.3571400000e+01	1.9720484866e-02	8.9689359906e-13                 	4.4044546328e-16                 	8.9645315360e-13                 	4.9107883448e-04                 	6.0054349402e-04                 
6.4371100000e+01	1.9475491822e-02	9.3146332135e-13                 	4.1898072878e-16                 	9.3104434062e-13                 	4.4980915424e-04                 	5.8475434580e-04                 
6.5191100000e+01	1.9230521215e-02	9.5772802033e-13                 	3.9840325084e-16                 	9.5732961708e-13                 	4.1598788213e-04                 	5.7019618957e-04                 
6.6032300000e+01	1.8985539374e-02	9.7359575116e-13                 	3.7865026854e-16                 	9.7321710089e-13                 	3.8891939297e-04                 	5.5661759619e-04                 
6.6895400000e+01	1.8740583532e-02	9.7712176406e-13                 	3.5966604889e-16                 	9.7676209801e-13                 	3.6808723551e-04                 	5.4374662211e-04                 
6.7781500000e+01	1.8495589971e-02	9.6932005361e-13                 	3.4138920279e-16                 	9.6897866441e-13                 	3.5219451152e-04                 	5.3119840578e-04                 
6.8691300000e+01	1.8250620262e-02	9.5218370653e-13                 	3.2377616468e-16                 	9.5185993037e-13                 	3.4003539702e-04                 	5.1859522133e-04                 
6.9625800000e+01	1.8005665021e-02	9.2973065560e-13                 	3.0679198299e-16                 	9.2942386362e-13                 	3.2997942054e-04                 	5.0560397624e-04                 
7.0586200000e+01	1.7760678881e-02	9.0708812093e-13                 	2.9041652605e-16                 	9.0679770440e-13                 	3.2016352033e-04                 	4.9202975753e-04                 
7.1573400000e+01	1.7515708791e-02	8.8866659801e-13                 	2.7464976695e-16                 	8.8839194824e-13                 	3.0905827626e-04                 	4.7787206305e-04                 
7.2588700000e+01	1.7270716125e-02	8.7824535261e-13                 	2.5949637222e-16                 	8.7798585624e-13                 	2.9547138673e-04                 	4.6329215372e-04                 
7.3633100000e+01	1.7025751077e-02	8.7744754471e-13                 	2.4497461488e-16                 	8.7720257010e-13                 	2.7919003974e-04                 	4.4863898630e-04                 
7.4708000000e+01	1.6780784275e-02	8.8413779688e-13                 	2.3109049784e-16                 	8.8390670638e-13                 	2.6137384767e-04                 	4.3428590578e-04                 
7.5814800000e+01	1.6535806091e-02	8.9550522898e-13                 	2.1783987479e-16                 	8.9528738910e-13                 	2.4325918793e-04                 	4.2049697537e-04                 
7.6954900000e+01	1.6290825296e-02	9.0707394878e-13                 	2.0520754876e-16                 	9.0686874123e-13                 	2.2623023077e-04                 	4.0743582718e-04                 
7.8129800000e+01	1.6045847188e-02	9.1524494113e-13                 	1.9316391246e-16                 	9.1505177722e-13                 	2.1105160354e-04                 	3.9506287662e-04                 
7.9341100000e+01	1.5800875355e-02	9.1809027501e-13                 	1.8167748151e-16                 	9.1790859753e-13                 	1.9788629338e-04                 	3.8325931331e-04                 
8.0590600000e+01	1.5555894007e-02	9.1490770732e-13                 	1.7071706395e-16                 	9.1473699025e-13                 	1.8659484731e-04                 	3.7186767924e-04                 
8.1880000000e+01	1.5310928574e-02	9.0588804348e-13                 	1.6025332580e-16                 	9.0572779015e-13                 	1.7690191073e-04                 	3.6068109209e-04                 
8.3211400000e+01	1.5065950478e-02	8.9363184588e-13                 	1.5026238302e-16                 	8.9348158350e-13                 	1.6814797247e-04                 	3.4951353393e-04                 
8.4586800000e+01	1.4820974805e-02	8.8002467382e-13                 	1.4072828899e-16                 	8.7988394553e-13                 	1.5991402648e-04                 	3.3827493332e-04                 
8.6008400000e+01	1.4576004572e-02	8.6780522065e-13                 	1.3163654754e-16                 	8.6767358410e-13                 	1.5168904773e-04                 	3.2688047789e-04                 
8.7478600000e+01	1.4331034466e-02	8.5907203414e-13                 	1.2298064792e-16                 	8.5894905349e-13                 	1.4315522219e-04                 	3.1539887220e-04                 
8.9000000000e+01	1.4086054288e-02	8.5497374223e-13                 	1.1475367366e-16                 	8.5485898855e-13                 	1.3421894498e-04                 	3.0393153136e-04                 
9.0575200000e+01	1.3841082676e-02	8.5539861146e-13                 	1.0694958512e-16                 	8.5529166187e-13                 	1.2502894404e-04                 	2.9262106945e-04                 
9.2207200000e+01	1.3596105636e-02	8.5881231635e-13                 	9.9558784599e-17                 	8.5871275757e-13                 	1.1592612577e-04                 	2.8160679636e-04                 
9.3899100000e+01	1.3351127238e-02	8.6283376085e-13                 	9.2568302362e-17                 	8.6274119255e-13                 	1.0728405234e-04                 	2.7098026871e-04                 
9.5654200000e+01	1.3106155627e-02	8.6555707318e-13                 	8.5961836335e-17                 	8.6547111134e-13                 	9.9313885819e-05                 	2.6075539124e-04                 
9.7476200000e+01	1.2861178745e-02	8.6510788098e-13                 	7.9719971142e-17                 	8.6502816100e-13                 	9.2150323555e-05                 	2.5088427749e-04                 
9.9368900000e+01	1.2616209212e-02	8.6179204736e-13                 	7.3824632394e-17                 	8.6171822272e-13                 	8.5664091030e-05                 	2.4126511166e-04                 
1.0133700000e+02	1.2371185565e-02	8.5590124512e-13                 	6.8257394050e-17                 	8.5583298773e-13                 	7.9749146807e-05                 	2.3180243887e-04                 
1.0338400000e+02	1.2126236474e-02	8.4936031991e-13                 	6.3006687398e-17                 	8.4929731322e-13                 	7.4181340852e-05                 	2.2240983190e-04                 
1.0551500000e+02	1.1881332811e-02	8.4390010905e-13                 	5.8059042080e-17                 	8.4384205001e-13                 	6.8798476807e-05                 	2.1303075646e-04                 
1.0773700000e+02	1.1636288662e-02	8.4144214389e-13                 	5.3401099896e-17                 	8.4138874279e-13                 	6.3463780942e-05                 	2.0366120735e-04                 
1.1005400000e+02	1.1391306373e-02	8.4290808834e-13                 	4.9027697575e-17                 	8.4285906064e-13                 	5.8164939040e-05                 	1.9435309189e-04                 
1.1247300000e+02	1.1146309173e-02	8.4902524924e-13                 	4.4928557519e-17                 	8.4898032069e-13                 	5.2917810817e-05                 	1.8516319546e-04                 
1.1500000000e+02	1.0901381144e-02	8.5931831669e-13                 	4.1096082833e-17                 	8.5927722061e-13                 	4.7824050803e-05                 	1.7618060315e-04                 
1.1764400000e+02	1.0656377134e-02	8.7271990588e-13                 	3.7518016149e-17                 	8.7268238786e-13                 	4.2989756388e-05                 	1.6747104605e-04                 
1.2041200000e+02	1.0411411085e-02	8.8781635830e-13                 	3.4185254197e-17                 	8.8778217305e-13                 	3.8504870830e-05                 	1.5909172646e-04                 
1.2331300000e+02	1.0166477432e-02	9.0298563718e-13                 	3.1086298332e-17                 	9.0295455089e-13                 	3.4426127118e-05                 	1.5108148993e-04                 
1.2635800000e+02	9.9214836544e-03	9.1653484392e-13                 	2.8208113333e-17                 	9.1650663580e-13                 	3.0776913197e-05                 	1.4345488850e-04                 
1.2955700000e+02	9.6765040222e-03	9.2626242514e-13                 	2.5539746820e-17                 	9.2623688539e-13                 	2.7572906044e-05                 	1.3623467967e-04                 
1.3292200000e+02	9.4315375303e-03	9.3049496093e-13                 	2.3068524158e-17                 	9.3047189241e-13                 	2.4791670161e-05                 	1.2939444870e-04                 
1.3646700000e+02	9.1865347051e-03	9.2806054011e-13                 	2.0781643782e-17                 	9.2803975847e-13                 	2.2392551869e-05                 	1.2288552347e-04                 
1.4020500000e+02	8.9416128640e-03	9.1784382490e-13                 	1.8669336567e-17                 	9.1782515556e-13                 	2.0340428361e-05                 	1.1669097679e-04                 
1.4415500000e+02	8.6966031813e-03	8.9643969488e-13                 	1.6706364508e-17                 	8.9642298852e-13                 	1.8636350670e-05                 	1.1032471214e-04                 
1.4833300000e+02	8.4516515651e-03	9.0523738280e-13                 	1.4903719733e-17                 	9.0522247908e-13                 	1.6463880101e-05                 	1.0349894919e-04                 
1.5276100000e+02	8.2066681391e-03	9.0677307773e-13                 	1.3255167507e-17                 	9.0675982256e-13                 	1.4617954406e-05                 	9.7205977593e-05                 
1.5746200000e+02	7.9616595217e-03	9.0824167631e-13                 	1.1747447448e-17                 	9.0822992886e-13                 	1.2934274824e-05                 	9.1101968476e-05                 
1.6246000000e+02	7.7167230801e-03	9.0985412062e-13                 	1.0372959595e-17                 	9.0984374766e-13                 	1.1400684307e-05                 	8.5190139611e-05                 
1.6778700000e+02	7.4717280338e-03	9.1146332028e-13                 	9.1227955093e-18                 	9.1145419749e-13                 	1.0008955167e-05                 	7.9465402569e-05                 
1.7347500000e+02	7.2267406347e-03	9.1334428488e-13                 	7.9895117631e-18                 	9.1333629537e-13                 	8.7475357271e-06                 	7.3921469821e-05                 
1.7956100000e+02	6.9817991190e-03	9.1540951176e-13                 	6.9657231865e-18                 	9.1540254604e-13                 	7.6094066065e-06                 	6.8561150279e-05                 
1.8609100000e+02	6.7368052813e-03	9.1779406727e-13                 	6.0437114665e-18                 	9.1778802355e-13                 	6.5850408954e-06                 	6.3377426586e-05                 
1.9311300000e+02	6.4918406922e-03	9.2067743113e-13                 	5.2167342175e-18                 	9.2067221439e-13                 	5.6661910471e-06                 	5.8365733187e-05                 
2.0068600000e+02	6.2468674028e-03	9.2470793994e-13                 	4.4778816238e-18                 	9.2470346206e-13                 	4.8424820751e-06                 	5.3511106285e-05                 
2.0887800000e+02	6.0018710999e-03	9.3071889989e-13                 	3.8207944921e-18                 	9.3071507910e-13                 	4.1052078050e-06                 	4.8806255871e-05                 
2.1776600000e+02	5.7569080187e-03	9.3869516240e-13                 	3.2395901703e-18                 	9.3869192281e-13                 	3.4511631678e-06                 	4.4267331128e-05                 
2.2744400000e+02	5.5119450572e-03	9.4769988364e-13                 	2.7281693039e-18                 	9.4769715547e-13                 	2.8787270643e-06                 	3.9914233442e-05                 
2.3802300000e+02	5.2669650899e-03	9.5654750899e-13                 	2.2806443820e-18                 	9.5654522834e-13                 	2.3842458012e-06                 	3.5762813385e-05                 
2.4963400000e+02	5.0219875161e-03	9.6387593629e-13                 	1.8913653208e-18                 	9.6387404493e-13                 	1.9622497560e-06                 	3.1823539176e-05                 
2.6243600000e+02	4.7770078480e-03	9.6819157838e-13                 	1.5548675048e-18                 	9.6819002351e-13                 	1.6059502473e-06                 	2.8102727938e-05                 
2.7662200000e+02	4.5320286586e-03	9.6774730842e-13                 	1.2659497567e-18                 	9.6774604247e-13                 	1.3081408191e-06                 	2.4606571613e-05                 
2.9242900000e+02	4.2870537177e-03	9.6108375477e-13                 	1.0196940371e-18                 	9.6108273508e-13                 	1.0609835325e-06                 	2.1332679146e-05                 
3.1015100000e+02	4.0420918572e-03	9.4667987391e-13                 	8.1148541431e-19                 	9.4667906243e-13                 	8.5719094349e-07                 	1.8279401662e-05                 
3.3016100000e+02	3.7971136252e-03	9.2310384808e-13                 	6.3700778717e-19                 	9.2310321107e-13                 	6.9007164090e-07                 	1.5443932359e-05                 
3.5293100000e+02	3.5521357761e-03	8.8900927319e-13                 	4.9226432551e-19                 	8.8900878093e-13                 	5.5372237428e-07                 	1.2825846918e-05                 
3.7907400000e+02	3.3071612181e-03	8.4376076142e-13                 	3.7358134093e-19                 	8.4376038784e-13                 	4.4275742368e-07                 	1.0416967872e-05                 
4.0940000000e+02	3.0621857147e-03	7.8690389695e-13                 	2.7756810646e-19                 	7.8690361938e-13                 	3.5273444132e-07                 	8.2145751723e-06                 
4.4500000000e+02	2.8172108575e-03	7.1874570098e-13                 	2.0113432722e-19                 	7.1874549984e-13                 	2.7984073775e-07                 	6.2108185045e-06                 
4.8738100000e+02	2.5722357490e-03	6.4017534870e-13                 	1.4144792734e-19                 	6.4017520725e-13                 	2.2095184956e-07                 	4.3994718917e-06                 
