#wavelengths (mu)	size parameter  	extinction cross section (cm^2)  	scattering cross section (cm^2)  	absorption cross section (cm^2)  	single scattering albedo         	asymmetry parameter              
1.0000000000e-01	1.2536602767e+03	2.5227691957e-05                 	1.4962522137e-05                 	1.0265169820e-05                 	5.9309912943e-01                 	8.8729701904e-01                 
1.1100000000e-01	1.1294236727e+03	2.5243649480e-05                 	1.5075681091e-05                 	1.0167968389e-05                 	5.9720687784e-01                 	8.8162933481e-01                 
1.2500000000e-01	1.0029282214e+03	2.5263662303e-05                 	1.5194185514e-05                 	1.0069476789e-05                 	6.0142450178e-01                 	8.7540370808e-01                 
1.3700000000e-01	9.1508049397e+02	2.5280720875e-05                 	1.5259379120e-05                 	1.0021341755e-05                 	6.0359746841e-01                 	8.7154340127e-01                 
1.4350000000e-01	8.7363085487e+02	2.5289888750e-05                 	1.5282466832e-05                 	1.0007421917e-05                 	6.0429158007e-01                 	8.6998751534e-01                 
1.5500000000e-01	8.0881308176e+02	2.5305653914e-05                 	1.5316979042e-05                 	9.9886748719e-06                 	6.0527892676e-01                 	8.6777683291e-01                 
1.6500000000e-01	7.5979410711e+02	2.5318760348e-05                 	1.5351012099e-05                 	9.9677482487e-06                 	6.0630978326e-01                 	8.6603810875e-01                 
2.0000000000e-01	6.2683013837e+02	2.5363045941e-05                 	1.5537987817e-05                 	9.8250581235e-06                 	6.1262309951e-01                 	8.5707648392e-01                 
2.2700000000e-01	5.5227324966e+02	2.5397077885e-05                 	1.5688803390e-05                 	9.7082744946e-06                 	6.1774049209e-01                 	8.4925899655e-01                 
2.5000000000e-01	5.0146411069e+02	2.5425219694e-05                 	1.5776912629e-05                 	9.6483070650e-06                 	6.2052217519e-01                 	8.4467909300e-01                 
2.6300000000e-01	4.7667691131e+02	2.5440688420e-05                 	1.5816088970e-05                 	9.6245994500e-06                 	6.2168478733e-01                 	8.4271521131e-01                 
2.7800000000e-01	4.5095693408e+02	2.5458179829e-05                 	1.5859695591e-05                 	9.5984842387e-06                 	6.2297052252e-01                 	8.4063372848e-01                 
2.9700000000e-01	4.2210783728e+02	2.5479844744e-05                 	1.5920487124e-05                 	9.5593576206e-06                 	6.2482669277e-01                 	8.3790788097e-01                 
3.0000000000e-01	4.1788675891e+02	2.5483221680e-05                 	1.5931231379e-05                 	9.5519903012e-06                 	6.2516551396e-01                 	8.3744091685e-01                 
4.6000000000e-01	2.7253484277e+02	2.5665949520e-05                 	1.6924216533e-05                 	8.7417329875e-06                 	6.5940348396e-01                 	7.9309810397e-01                 
6.1000000000e-01	2.0551807815e+02	2.5834256102e-05                 	1.7229865766e-05                 	8.6043903365e-06                 	6.6693872266e-01                 	7.7879268456e-01                 
1.0000000000e+00	1.2536602767e+02	2.6307220403e-05                 	1.8558764175e-05                 	7.7484562285e-06                 	7.0546275472e-01                 	7.1901122085e-01                 
1.5040000000e+00	8.3355071591e+01	2.6788280115e-05                 	1.9749182196e-05                 	7.0390979190e-06                 	7.3723218181e-01                 	6.7743502358e-01                 
1.8500000000e+00	6.7765420364e+01	2.6993824590e-05                 	2.0332434730e-05                 	6.6613898596e-06                 	7.5322541504e-01                 	6.5883058921e-01                 
2.0000000000e+00	6.2683013837e+01	2.7052047522e-05                 	2.0541693179e-05                 	6.5103543436e-06                 	7.5933968258e-01                 	6.5218941659e-01                 
2.2450000000e+00	5.5842328585e+01	2.7113353482e-05                 	2.0838767757e-05                 	6.2745857250e-06                 	7.6857950349e-01                 	6.4261552398e-01                 
2.7330000000e+00	4.5871213931e+01	2.7136867931e-05                 	2.1304758984e-05                 	5.8321089471e-06                 	7.8508540624e-01                 	6.2666309109e-01                 
2.8720000000e+00	4.3651123842e+01	2.7124581080e-05                 	2.1415148874e-05                 	5.7094322055e-06                 	7.8951076926e-01                 	6.2259220795e-01                 
3.0270000000e+00	4.1415932499e+01	2.7102146242e-05                 	2.1529939520e-05                 	5.5722067215e-06                 	7.9439979876e-01                 	6.1818113461e-01                 
3.1440000000e+00	3.9874690736e+01	2.7079108000e-05                 	2.1612059024e-05                 	5.4670489759e-06                 	7.9810823252e-01                 	6.1489331448e-01                 
3.7330000000e+00	3.3583184483e+01	2.6809983578e-05                 	2.2039363841e-05                 	4.7706197367e-06                 	8.2205808807e-01                 	5.9491965238e-01                 
4.5610000000e+00	2.7486522182e+01	2.6738047758e-05                 	2.1236342297e-05                 	5.5017054604e-06                 	7.9423683022e-01                 	6.1043895505e-01                 
5.3500000000e+00	2.3432902369e+01	2.6877779125e-05                 	2.0695634734e-05                 	6.1821443915e-06                 	7.6999050544e-01                 	6.2657678114e-01                 
6.0000000000e+00	2.0894337946e+01	2.7048746032e-05                 	2.0449895987e-05                 	6.5988500451e-06                 	7.5603859649e-01                 	6.3597047904e-01                 
7.0000000000e+00	1.7909432525e+01	2.7280612556e-05                 	2.0291556556e-05                 	6.9890559996e-06                 	7.4380868518e-01                 	6.4230025730e-01                 
8.0000000000e+00	1.5670753459e+01	2.7534351895e-05                 	2.0270589192e-05                 	7.2637627025e-06                 	7.3619271192e-01                 	6.4623471421e-01                 
8.5000000000e+00	1.4748944432e+01	2.7608803606e-05                 	2.0234686095e-05                 	7.3741175110e-06                 	7.3290702429e-01                 	6.4646256681e-01                 
8.7500000000e+00	1.4327546020e+01	2.7703562425e-05                 	2.0284867150e-05                 	7.4186952755e-06                 	7.3221150545e-01                 	6.4710882000e-01                 
9.0000000000e+00	1.3929558630e+01	2.7783713762e-05                 	2.0314390486e-05                 	7.4693232762e-06                 	7.3116181155e-01                 	6.4776907266e-01                 
1.0000000000e+01	1.2536602767e+01	2.7946371040e-05                 	2.0278083489e-05                 	7.6682875507e-06                 	7.2560703715e-01                 	6.4925864300e-01                 
1.0500000000e+01	1.1939621683e+01	2.8090395689e-05                 	2.0370353066e-05                 	7.7200426230e-06                 	7.2517145331e-01                 	6.4810089781e-01                 
1.1000000000e+01	1.1396911607e+01	2.8170493040e-05                 	2.0346122684e-05                 	7.8243703559e-06                 	7.2224943508e-01                 	6.4935824808e-01                 
1.1500000000e+01	1.0901393711e+01	2.8251484976e-05                 	2.0377305287e-05                 	7.8741796894e-06                 	7.2128262652e-01                 	6.4741861459e-01                 
1.2500000000e+01	1.0029282214e+01	2.8235828164e-05                 	2.0213502391e-05                 	8.0223257724e-06                 	7.1588133608e-01                 	6.4363182969e-01                 
1.3000000000e+01	9.6435405903e+00	2.8348118155e-05                 	2.0248567214e-05                 	8.0995509403e-06                 	7.1428258849e-01                 	6.4436935025e-01                 
1.3500000000e+01	9.2863724202e+00	2.8625914637e-05                 	2.0485471102e-05                 	8.1404435345e-06                 	7.1562677952e-01                 	6.4487175297e-01                 
1.4000000000e+01	8.9547162624e+00	2.8460606569e-05                 	2.0258154627e-05                 	8.2024519417e-06                 	7.1179630618e-01                 	6.4078467625e-01                 
1.5000000000e+01	8.3577351782e+00	2.8638182148e-05                 	2.0318451266e-05                 	8.3197308824e-06                 	7.0948816376e-01                 	6.3771089439e-01                 
1.5500000000e+01	8.0881308176e+00	2.8900951109e-05                 	2.0524541165e-05                 	8.3764099435e-06                 	7.1016836394e-01                 	6.4012693270e-01                 
1.6500000000e+01	7.5979410711e+00	2.9100389868e-05                 	2.0632993111e-05                 	8.4673967571e-06                 	7.0902806473e-01                 	6.3808403467e-01                 
1.7000000000e+01	7.3744722161e+00	2.8896254408e-05                 	2.0332970504e-05                 	8.5632839042e-06                 	7.0365419049e-01                 	6.3369347404e-01                 
1.8500000000e+01	6.7765420364e+00	2.9010822903e-05                 	2.0263199953e-05                 	8.7476229498e-06                 	6.9847036125e-01                 	6.3212731097e-01                 
1.9500000000e+01	6.4290270602e+00	2.9492538364e-05                 	2.0684874335e-05                 	8.8076640291e-06                 	7.0135958051e-01                 	6.2996263170e-01                 
2.0029400000e+01	6.2591005059e+00	2.9282485109e-05                 	2.0360309347e-05                 	8.9221757623e-06                 	6.9530674295e-01                 	6.2656583070e-01                 
2.0108100000e+01	6.2346033525e+00	2.9290179997e-05                 	2.0363500318e-05                 	8.9266796791e-06                 	6.9523302076e-01                 	6.2563739511e-01                 
2.0187400000e+01	6.2101126283e+00	2.9305445896e-05                 	2.0378771347e-05                 	8.9266745492e-06                 	6.9539195613e-01                 	6.2537281425e-01                 
2.0267300000e+01	6.1856304329e+00	2.9324261394e-05                 	2.0394936626e-05                 	8.9293247679e-06                 	6.9549702726e-01                 	6.2595528682e-01                 
2.0347900000e+01	6.1611285525e+00	2.9346816881e-05                 	2.0407705771e-05                 	8.9391111095e-06                 	6.9539759130e-01                 	6.2721460867e-01                 
2.0429100000e+01	6.1366397772e+00	2.9377339757e-05                 	2.0420508133e-05                 	8.9568316243e-06                 	6.9511086782e-01                 	6.2876110398e-01                 
2.0511000000e+01	6.1121363012e+00	2.9418847616e-05                 	2.0440144668e-05                 	8.9787029475e-06                 	6.9479759830e-01                 	6.3010112053e-01                 
2.0593600000e+01	6.0876207984e+00	2.9472559815e-05                 	2.0472601226e-05                 	8.9999585890e-06                 	6.9463261265e-01                 	6.3091128891e-01                 
2.0676800000e+01	6.0631252260e+00	2.9534039118e-05                 	2.0518451439e-05                 	9.0155876784e-06                 	6.9473908928e-01                 	6.3107361680e-01                 
2.0760600000e+01	6.0386514683e+00	2.9598323481e-05                 	2.0574028009e-05                 	9.0242954712e-06                 	6.9510788417e-01                 	6.3074898569e-01                 
2.0845200000e+01	6.0141436721e+00	2.9660390713e-05                 	2.0632924873e-05                 	9.0274658396e-06                 	6.9563901140e-01                 	6.3019160810e-01                 
2.0930500000e+01	5.9896336768e+00	2.9714042402e-05                 	2.0686449640e-05                 	9.0275927622e-06                 	6.9618429428e-01                 	6.2964897574e-01                 
2.1016400000e+01	5.9651523417e+00	2.9756276809e-05                 	2.0727714993e-05                 	9.0285618159e-06                 	6.9658294706e-01                 	6.2929329447e-01                 
2.1103100000e+01	5.9406451030e+00	2.9783196019e-05                 	2.0750233024e-05                 	9.0329629947e-06                 	6.9670941329e-01                 	6.2915898999e-01                 
2.1190500000e+01	5.9161429732e+00	2.9793855299e-05                 	2.0751157344e-05                 	9.0426979544e-06                 	6.9649117700e-01                 	6.2917294956e-01                 
2.1278600000e+01	5.8916483074e+00	2.9788390310e-05                 	2.0730757234e-05                 	9.0576330756e-06                 	6.9593412127e-01                 	6.2915309035e-01                 
2.1367400000e+01	5.8671634206e+00	2.9769201969e-05                 	2.0693670205e-05                 	9.0755317634e-06                 	6.9513688097e-01                 	6.2887090783e-01                 
2.1457000000e+01	5.8426633580e+00	2.9740449270e-05                 	2.0648029745e-05                 	9.0924195254e-06                 	6.9427430491e-01                 	6.2813864238e-01                 
2.1547400000e+01	5.8181510379e+00	2.9707834241e-05                 	2.0603780076e-05                 	9.1040541651e-06                 	6.9354702564e-01                 	6.2693673406e-01                 
2.1638500000e+01	5.7936561071e+00	2.9674448024e-05                 	2.0565249925e-05                 	9.1091980990e-06                 	6.9302889504e-01                 	6.2539975796e-01                 
2.1730400000e+01	5.7691541653e+00	2.9643558898e-05                 	2.0535492616e-05                 	9.1080662825e-06                 	6.9274720644e-01                 	6.2378981369e-01                 
2.1823000000e+01	5.7446743194e+00	2.9615170856e-05                 	2.0511505757e-05                 	9.1036650995e-06                 	6.9260129737e-01                 	6.2232582308e-01                 
2.1916500000e+01	5.7201664350e+00	2.9588379946e-05                 	2.0488469751e-05                 	9.0999101947e-06                 	6.9244986676e-01                 	6.2117666639e-01                 
2.2010800000e+01	5.6956597522e+00	2.9568790897e-05                 	2.0470917234e-05                 	9.0978736627e-06                 	6.9231499203e-01                 	6.2046023258e-01                 
2.2105800000e+01	5.6711825708e+00	2.9554616080e-05                 	2.0453862553e-05                 	9.1007535263e-06                 	6.9206997980e-01                 	6.2013282246e-01                 
2.2201700000e+01	5.6466859598e+00	2.9550122193e-05                 	2.0432681893e-05                 	9.1174403002e-06                 	6.9145845690e-01                 	6.2047770024e-01                 
2.2298500000e+01	5.6221731360e+00	2.9564140081e-05                 	2.0424260321e-05                 	9.1398797595e-06                 	6.9084574303e-01                 	6.2108557126e-01                 
2.2396100000e+01	5.5976722587e+00	2.9604242401e-05                 	2.0432498493e-05                 	9.1717439083e-06                 	6.9018819046e-01                 	6.2202052591e-01                 
2.2494500000e+01	5.5731857864e+00	2.9666735495e-05                 	2.0465332280e-05                 	9.2014032150e-06                 	6.8984106065e-01                 	6.2283620493e-01                 
2.2593800000e+01	5.5486915735e+00	2.9743351574e-05                 	2.0518316110e-05                 	9.2250354644e-06                 	6.8984546206e-01                 	6.2350580650e-01                 
2.2694000000e+01	5.5241926356e+00	2.9817221134e-05                 	2.0576718228e-05                 	9.2405029059e-06                 	6.9009510094e-01                 	6.2403584097e-01                 
2.2795100000e+01	5.4996919370e+00	2.9876932668e-05                 	2.0626588490e-05                 	9.2503441774e-06                 	6.9038507800e-01                 	6.2447504220e-01                 
2.2897100000e+01	5.4751923900e+00	2.9919331669e-05                 	2.0662333553e-05                 	9.2569981161e-06                 	6.9060144062e-01                 	6.2478884651e-01                 
2.3000000000e+01	5.4506968554e+00	2.9948136912e-05                 	2.0686378215e-05                 	9.2617586971e-06                 	6.9074007093e-01                 	6.2494787779e-01                 
2.3103800000e+01	5.4262081421e+00	2.9966392496e-05                 	2.0703191081e-05                 	9.2632014149e-06                 	6.9088032815e-01                 	6.2487938453e-01                 
2.3208600000e+01	5.4017057329e+00	2.9984961746e-05                 	2.0715446110e-05                 	9.2695156358e-06                 	6.9086118187e-01                 	6.2494768883e-01                 
2.3314400000e+01	5.3771929654e+00	2.9997242276e-05                 	2.0725126626e-05                 	9.2721156502e-06                 	6.9090106468e-01                 	6.2476997254e-01                 
2.3421100000e+01	5.3526959739e+00	3.0009593690e-05                 	2.0728052345e-05                 	9.2815413452e-06                 	6.9071419490e-01                 	6.2458932364e-01                 
2.3528700000e+01	5.3282173547e+00	3.0018282618e-05                 	2.0728528794e-05                 	9.2897538233e-06                 	6.9053013653e-01                 	6.2404532385e-01                 
2.3637400000e+01	5.3037147771e+00	3.0023444602e-05                 	2.0726010808e-05                 	9.2974337942e-06                 	6.9032754511e-01                 	6.2299447946e-01                 
2.3747100000e+01	5.2792142061e+00	3.0024016215e-05                 	2.0722272555e-05                 	9.3017436596e-06                 	6.9018989355e-01                 	6.2135345419e-01                 
2.3857800000e+01	5.2547186947e+00	3.0018160600e-05                 	2.0717038071e-05                 	9.3011225287e-06                 	6.9015015102e-01                 	6.1931921403e-01                 
2.3969600000e+01	5.2302094183e+00	3.0004126416e-05                 	2.0705102094e-05                 	9.2990243227e-06                 	6.9007515188e-01                 	6.1730596408e-01                 
2.4082400000e+01	5.2057115434e+00	2.9983343384e-05                 	2.0682304895e-05                 	9.3010384895e-06                 	6.8979315048e-01                 	6.1576070813e-01                 
2.4196200000e+01	5.1812279479e+00	2.9960247582e-05                 	2.0649560984e-05                 	9.3106865976e-06                 	6.8923198741e-01                 	6.1478967581e-01                 
2.4311200000e+01	5.1567190296e+00	2.9939331982e-05                 	2.0611798558e-05                 	9.3275334247e-06                 	6.8845218623e-01                 	6.1423656922e-01                 
2.4427200000e+01	5.1322307785e+00	2.9924125783e-05                 	2.0576774634e-05                 	9.3473511488e-06                 	6.8763160479e-01                 	6.1385818840e-01                 
2.4544400000e+01	5.1077242741e+00	2.9914488659e-05                 	2.0547557132e-05                 	9.3669315263e-06                 	6.8687642857e-01                 	6.1346946099e-01                 
2.4662600000e+01	5.0832445757e+00	2.9909467351e-05                 	2.0525021328e-05                 	9.3844460227e-06                 	6.8623827658e-01                 	6.1297890485e-01                 
2.4782100000e+01	5.0587330240e+00	2.9908764795e-05                 	2.0510709616e-05                 	9.3980551783e-06                 	6.8577588400e-01                 	6.1233977640e-01                 
2.4902700000e+01	5.0342343470e+00	2.9913541988e-05                 	2.0507287145e-05                 	9.4062548433e-06                 	6.8555195346e-01                 	6.1157863249e-01                 
2.5024500000e+01	5.0097315700e+00	2.9927225537e-05                 	2.0519835184e-05                 	9.4073903537e-06                 	6.8565778535e-01                 	6.1085272582e-01                 
2.5147400000e+01	4.9852480842e+00	2.9952794668e-05                 	2.0551164930e-05                 	9.4016297381e-06                 	6.8611844596e-01                 	6.1051695082e-01                 
2.5271600000e+01	4.9607475456e+00	2.9991743087e-05                 	2.0595754124e-05                 	9.3959889630e-06                 	6.8671414210e-01                 	6.1106663735e-01                 
2.5397000000e+01	4.9362534029e+00	3.0048210859e-05                 	2.0643200067e-05                 	9.4050107916e-06                 	6.8700263600e-01                 	6.1290459480e-01                 
2.5523700000e+01	4.9117497727e+00	3.0124092990e-05                 	2.0685962032e-05                 	9.4381309577e-06                 	6.8669161389e-01                 	6.1556205267e-01                 
2.5651600000e+01	4.8872595734e+00	3.0217606166e-05                 	2.0727643450e-05                 	9.4899627163e-06                 	6.8594591299e-01                 	6.1799976460e-01                 
2.5780900000e+01	4.8627483010e+00	3.0310897459e-05                 	2.0771123670e-05                 	9.5397737896e-06                 	6.8526917415e-01                 	6.1919319482e-01                 
2.5911400000e+01	4.8382575883e+00	3.0386464449e-05                 	2.0812491309e-05                 	9.5739731393e-06                 	6.8492638703e-01                 	6.1917146626e-01                 
2.6043300000e+01	4.8137535440e+00	3.0440634062e-05                 	2.0847245839e-05                 	9.5933882231e-06                 	6.8484926419e-01                 	6.1852447961e-01                 
2.6176500000e+01	4.7892585973e+00	3.0478678916e-05                 	2.0875414419e-05                 	9.6032644963e-06                 	6.8491861071e-01                 	6.1769368905e-01                 
2.6311100000e+01	4.7647581315e+00	3.0508465403e-05                 	2.0900209932e-05                 	9.6082554704e-06                 	6.8506264266e-01                 	6.1687613321e-01                 
2.6447000000e+01	4.7402740452e+00	3.0530309028e-05                 	2.0919465081e-05                 	9.6108439467e-06                 	6.8520318815e-01                 	6.1609241754e-01                 
2.6584400000e+01	4.7157742012e+00	3.0537694295e-05                 	2.0925219148e-05                 	9.6124751475e-06                 	6.8522590296e-01                 	6.1532463799e-01                 
2.6723200000e+01	4.6912805230e+00	3.0516956343e-05                 	2.0899667800e-05                 	9.6172885426e-06                 	6.8485426808e-01                 	6.1452716139e-01                 
2.6863500000e+01	4.6667793725e+00	3.0452988517e-05                 	2.0820693241e-05                 	9.6322952754e-06                 	6.8369950719e-01                 	6.1349987778e-01                 
2.7005300000e+01	4.6422749487e+00	3.0346701327e-05                 	2.0685253127e-05                 	9.6614481993e-06                 	6.8163102489e-01                 	6.1168082026e-01                 
2.7148500000e+01	4.6177883741e+00	3.0224108614e-05                 	2.0530352587e-05                 	9.6937560273e-06                 	6.7927073876e-01                 	6.0824385548e-01                 
2.7293300000e+01	4.5932894767e+00	3.0128738185e-05                 	2.0425222552e-05                 	9.7035156339e-06                 	6.7793156241e-01                 	6.0326248031e-01                 
2.7439700000e+01	4.5687827372e+00	3.0084264943e-05                 	2.0400305585e-05                 	9.6839593577e-06                 	6.7810550212e-01                 	5.9855654506e-01                 
2.7587600000e+01	4.5442890166e+00	3.0086724169e-05                 	2.0425710007e-05                 	9.6610141624e-06                 	6.7889444833e-01                 	5.9615969194e-01                 
2.7737100000e+01	4.5197957852e+00	3.0126229590e-05                 	2.0464201376e-05                 	9.6620282140e-06                 	6.7928186350e-01                 	5.9648527410e-01                 
2.7888300000e+01	4.4952911319e+00	3.0190389979e-05                 	2.0502343699e-05                 	9.6880462802e-06                 	6.7910165165e-01                 	5.9832120260e-01                 
2.8041100000e+01	4.4707956419e+00	3.0269293731e-05                 	2.0541816059e-05                 	9.7274776716e-06                 	6.7863545949e-01                 	6.0056663837e-01                 
2.8195600000e+01	4.4462975668e+00	3.0355777347e-05                 	2.0585552824e-05                 	9.7702245226e-06                 	6.7814283222e-01                 	6.0267767131e-01                 
2.8351800000e+01	4.4218013556e+00	3.0454469169e-05                 	2.0639260025e-05                 	9.8152091438e-06                 	6.7770874319e-01                 	6.0474213209e-01                 
2.8509800000e+01	4.3972959359e+00	3.0576119463e-05                 	2.0713950292e-05                 	9.8621691710e-06                 	6.7745517272e-01                 	6.0690977209e-01                 
2.8669500000e+01	4.3728013280e+00	3.0725996492e-05                 	2.0822213882e-05                 	9.9037826095e-06                 	6.7767416064e-01                 	6.0908074527e-01                 
2.8831000000e+01	4.3483066031e+00	3.0885413862e-05                 	2.0959402373e-05                 	9.9260114884e-06                 	6.7861814859e-01                 	6.1103621243e-01                 
2.8994300000e+01	4.3238163250e+00	3.0993224334e-05                 	2.1066703260e-05                 	9.9265210746e-06                 	6.7971963912e-01                 	6.1282430006e-01                 
2.9159500000e+01	4.2993202103e+00	3.0995892656e-05                 	2.1055683918e-05                 	9.9402087375e-06                 	6.7930561485e-01                 	6.1460180489e-01                 
2.9326600000e+01	4.2748231187e+00	3.0910988469e-05                 	2.0910730914e-05                 	1.0000257555e-05                 	6.7648211688e-01                 	6.1514941120e-01                 
2.9495700000e+01	4.2503153908e+00	3.0809987365e-05                 	2.0732004353e-05                 	1.0077983012e-05                 	6.7289882684e-01                 	6.1280740684e-01                 
2.9666700000e+01	4.2258164094e+00	3.0742069851e-05                 	2.0612132733e-05                 	1.0129937119e-05                 	6.7048617196e-01                 	6.0845975180e-01                 
2.9839700000e+01	4.2013166243e+00	3.0710312078e-05                 	2.0556392697e-05                 	1.0153919380e-05                 	6.6936450028e-01                 	6.0419319627e-01                 
3.0014700000e+01	4.1768209468e+00	3.0700534103e-05                 	2.0535944944e-05                 	1.0164589160e-05                 	6.6891165067e-01                 	6.0093310991e-01                 
3.0191700000e+01	4.1523341737e+00	3.0695688736e-05                 	2.0522602869e-05                 	1.0173085866e-05                 	6.6858258324e-01                 	5.9830766913e-01                 
3.0370900000e+01	4.1278338038e+00	3.0685991474e-05                 	2.0501186394e-05                 	1.0184805080e-05                 	6.6809594246e-01                 	5.9601700191e-01                 
3.0552200000e+01	4.1033387996e+00	3.0671905354e-05                 	2.0461459902e-05                 	1.0210445453e-05                 	6.6710755870e-01                 	5.9450336906e-01                 
3.0735700000e+01	4.0788408162e+00	3.0686587909e-05                 	2.0412448457e-05                 	1.0274139452e-05                 	6.6519120724e-01                 	5.9519318867e-01                 
3.0921500000e+01	4.0543320238e+00	3.0813471163e-05                 	2.0440348706e-05                 	1.0373122456e-05                 	6.6335754899e-01                 	5.9873540590e-01                 
3.1109400000e+01	4.0298439595e+00	3.1043744249e-05                 	2.0596371329e-05                 	1.0447372920e-05                 	6.6346285949e-01                 	6.0372000524e-01                 
3.1299700000e+01	4.0053427884e+00	3.1214941759e-05                 	2.0680609819e-05                 	1.0534331941e-05                 	6.6252277445e-01                 	6.0926616229e-01                 
3.1492300000e+01	3.9808469903e+00	3.1278735796e-05                 	2.0608737053e-05                 	1.0669998743e-05                 	6.5887372134e-01                 	6.1169618834e-01                 
3.1687300000e+01	3.9563493158e+00	3.1308700356e-05                 	2.0528893481e-05                 	1.0779806875e-05                 	6.5569293031e-01                 	6.1068161107e-01                 
3.1884700000e+01	3.9318553310e+00	3.1355195807e-05                 	2.0510580231e-05                 	1.0844615576e-05                 	6.5413656981e-01                 	6.0946537238e-01                 
3.2084600000e+01	3.9073582863e+00	3.1416436292e-05                 	2.0546887651e-05                 	1.0869548641e-05                 	6.5401713486e-01                 	6.0841804090e-01                 
3.2287100000e+01	3.8828519029e+00	3.1472366542e-05                 	2.0617805493e-05                 	1.0854561049e-05                 	6.5510820311e-01                 	6.0686896447e-01                 
3.2492100000e+01	3.8583541129e+00	3.1510579807e-05                 	2.0709971647e-05                 	1.0800608160e-05                 	6.5723867265e-01                 	6.0455039499e-01                 
3.2699700000e+01	3.8338586493e+00	3.1527034684e-05                 	2.0813388561e-05                 	1.0713646123e-05                 	6.6017590203e-01                 	6.0153987303e-01                 
3.2910000000e+01	3.8093596984e+00	3.1522053292e-05                 	2.0918028835e-05                 	1.0604024458e-05                 	6.6359981822e-01                 	5.9806320144e-01                 
3.3123000000e+01	3.7848633177e+00	3.1498642916e-05                 	2.1014597930e-05                 	1.0484044986e-05                 	6.6715883558e-01                 	5.9438164718e-01                 
3.3338800000e+01	3.7603641305e+00	3.1462267355e-05                 	2.1095742651e-05                 	1.0366524703e-05                 	6.7050929335e-01                 	5.9075193085e-01                 
3.3557400000e+01	3.7358683233e+00	3.1418820469e-05                 	2.1157230391e-05                 	1.0261590078e-05                 	6.7339352896e-01                 	5.8736672189e-01                 
3.3778900000e+01	3.7113709349e+00	3.1373472132e-05                 	2.1198156531e-05                 	1.0175315601e-05                 	6.7567135834e-01                 	5.8433315070e-01                 
3.4003300000e+01	3.6868782640e+00	3.1330800861e-05                 	2.1219679996e-05                 	1.0111120865e-05                 	6.7727856975e-01                 	5.8170740390e-01                 
3.4230800000e+01	3.6623750445e+00	3.1293254802e-05                 	2.1224171644e-05                 	1.0069083158e-05                 	6.7823471156e-01                 	5.7947938602e-01                 
3.4461300000e+01	3.6378786544e+00	3.1262815432e-05                 	2.1213244354e-05                 	1.0049571078e-05                 	6.7854555198e-01                 	5.7764844003e-01                 
3.4694900000e+01	3.6133848973e+00	3.1241090295e-05                 	2.1188455613e-05                 	1.0052634682e-05                 	6.7822394844e-01                 	5.7621189291e-01                 
3.4931700000e+01	3.5888899674e+00	3.1233709166e-05                 	2.1152329233e-05                 	1.0081379932e-05                 	6.7722757875e-01                 	5.7527910986e-01                 
3.5171800000e+01	3.5643904399e+00	3.1257019783e-05                 	2.1115328478e-05                 	1.0141691305e-05                 	6.7553876295e-01                 	5.7524730809e-01                 
3.5415200000e+01	3.5398932569e+00	3.1336024177e-05                 	2.1089074508e-05                 	1.0246949668e-05                 	6.7299777373e-01                 	5.7703933286e-01                 
3.5662000000e+01	3.5153953136e+00	3.1428417800e-05                 	2.1023837562e-05                 	1.0404580239e-05                 	6.6894355597e-01                 	5.8016271138e-01                 
3.5912300000e+01	3.4908938629e+00	3.1382634194e-05                 	2.0802480854e-05                 	1.0580153340e-05                 	6.6286598905e-01                 	5.8037105176e-01                 
3.6166100000e+01	3.4663960912e+00	3.1378380916e-05                 	2.0619043016e-05                 	1.0759337900e-05                 	6.5710984487e-01                 	5.7848113063e-01                 
3.6423500000e+01	3.4418995339e+00	3.1615840422e-05                 	2.0671821620e-05                 	1.0944018802e-05                 	6.5384381198e-01                 	5.8177710868e-01                 
3.6684600000e+01	3.4174020617e+00	3.1832774534e-05                 	2.0699667522e-05                 	1.1133107012e-05                 	6.5026275043e-01                 	5.8613550730e-01                 
3.6949500000e+01	3.3929018708e+00	3.1968226232e-05                 	2.0711512978e-05                 	1.1256713253e-05                 	6.4787807832e-01                 	5.8706367612e-01                 
3.7218200000e+01	3.3684065235e+00	3.2086577644e-05                 	2.0796298013e-05                 	1.1290279631e-05                 	6.4813076182e-01                 	5.8573237090e-01                 
3.7490800000e+01	3.3439144450e+00	3.2180167506e-05                 	2.0959594538e-05                 	1.1220572969e-05                 	6.5132024355e-01                 	5.8241954844e-01                 
3.7767500000e+01	3.3194155735e+00	3.2228600203e-05                 	2.1184596640e-05                 	1.1044003563e-05                 	6.5732289043e-01                 	5.7704939477e-01                 
3.8048300000e+01	3.2949179772e+00	3.2220912741e-05                 	2.1447724282e-05                 	1.0773188459e-05                 	6.6564608069e-01                 	5.6993925253e-01                 
3.8333300000e+01	3.2704209571e+00	3.2154434013e-05                 	2.1717181449e-05                 	1.0437252564e-05                 	6.7540238588e-01                 	5.6173851741e-01                 
3.8622600000e+01	3.2459240878e+00	3.2036007183e-05                 	2.1957065687e-05                 	1.0078941496e-05                 	6.8538708840e-01                 	5.5328626881e-01                 
3.8916400000e+01	3.2214189307e+00	3.1881920257e-05                 	2.2135873639e-05                 	9.7460466180e-06                 	6.9430804232e-01                 	5.4542844981e-01                 
3.9214600000e+01	3.1969222604e+00	3.1717188773e-05                 	2.2233233587e-05                 	9.4839551864e-06                 	7.0098373931e-01                 	5.3891754504e-01                 
3.9517400000e+01	3.1724260117e+00	3.1569533814e-05                 	2.2244911420e-05                 	9.3246223943e-06                 	7.0463224293e-01                 	5.3426359486e-01                 
3.9824900000e+01	3.1479307587e+00	3.1463006236e-05                 	2.2181792519e-05                 	9.2812137169e-06                 	7.0501185909e-01                 	5.3167842070e-01                 
4.0137300000e+01	3.1234295200e+00	3.1412454247e-05                 	2.2066199715e-05                 	9.3462545322e-06                 	7.0246659307e-01                 	5.3102946352e-01                 
4.0454500000e+01	3.0989389975e+00	3.1424812958e-05                 	2.1927374192e-05                 	9.4974387661e-06                 	6.9777262386e-01                 	5.3196917788e-01                 
4.0776900000e+01	3.0744374308e+00	3.1503440540e-05                 	2.1805273469e-05                 	9.6981670708e-06                 	6.9215530417e-01                 	5.3448449445e-01                 
4.1104400000e+01	3.0499417988e+00	3.1598998134e-05                 	2.1678513887e-05                 	9.9204842465e-06                 	6.8605067146e-01                 	5.3732388979e-01                 
4.1437200000e+01	3.0254464026e+00	3.1694498273e-05                 	2.1563245096e-05                 	1.0131253177e-05                 	6.8034663021e-01                 	5.3833484900e-01                 
4.1775500000e+01	3.0009461927e+00	3.1822835017e-05                 	2.1541084466e-05                 	1.0281750551e-05                 	6.7690651869e-01                 	5.3908933377e-01                 
4.2119300000e+01	2.9764508829e+00	3.1938690922e-05                 	2.1577415184e-05                 	1.0361275738e-05                 	6.7558859056e-01                 	5.3922261282e-01                 
4.2468900000e+01	2.9519490185e+00	3.2014369861e-05                 	2.1647343524e-05                 	1.0367026337e-05                 	6.7617584286e-01                 	5.3781633162e-01                 
4.2824300000e+01	2.9274507154e+00	3.2046507072e-05                 	2.1740090179e-05                 	1.0306416893e-05                 	6.7839187996e-01                 	5.3500744144e-01                 
4.3185700000e+01	2.9029523123e+00	3.2037664366e-05                 	2.1837917531e-05                 	1.0199746835e-05                 	6.8163263344e-01                 	5.3125728649e-01                 
4.3553200000e+01	2.8784573274e+00	3.1996441266e-05                 	2.1920886367e-05                 	1.0075554900e-05                 	6.8510388965e-01                 	5.2709611238e-01                 
4.3927000000e+01	2.8539628855e+00	3.1935440546e-05                 	2.1975130137e-05                 	9.9603104091e-06                 	6.8811106912e-01                 	5.2297738075e-01                 
4.4307400000e+01	2.8294602634e+00	3.1869549686e-05                 	2.1995244826e-05                 	9.8743048606e-06                 	6.9016490795e-01                 	5.1924149995e-01                 
4.4694300000e+01	2.8049668005e+00	3.1811603470e-05                 	2.1982994399e-05                 	9.8286090710e-06                 	6.9103698026e-01                 	5.1607718248e-01                 
4.5088100000e+01	2.7804681872e+00	3.1769450981e-05                 	2.1945010118e-05                 	9.8244408624e-06                 	6.9075824230e-01                 	5.1349482704e-01                 
4.5488900000e+01	2.7559696470e+00	3.1742261090e-05                 	2.1887016373e-05                 	9.8552447173e-06                 	6.8952291428e-01                 	5.1132063947e-01                 
4.5896900000e+01	2.7314704844e+00	3.1721415449e-05                 	2.1813921842e-05                 	9.9074936071e-06                 	6.8767176789e-01                 	5.0920870525e-01                 
4.6312200000e+01	2.7069762972e+00	3.1700591225e-05                 	2.1737070987e-05                 	9.9635202380e-06                 	6.8569922980e-01                 	5.0684158059e-01                 
4.6735200000e+01	2.6824754719e+00	3.1687368835e-05                 	2.1676469994e-05                 	1.0010898841e-05                 	6.8407289059e-01                 	5.0417486012e-01                 
4.7165900000e+01	2.6579801864e+00	3.1691568251e-05                 	2.1646725780e-05                 	1.0044842472e-05                 	6.8304369187e-01                 	5.0128138362e-01                 
4.7604700000e+01	2.6334800487e+00	3.1710450626e-05                 	2.1647065678e-05                 	1.0063384948e-05                 	6.8264768400e-01                 	4.9812635273e-01                 
4.8051600000e+01	2.6089875815e+00	3.1734376383e-05                 	2.1666304772e-05                 	1.0068071611e-05                 	6.8273926389e-01                 	4.9458833797e-01                 
4.8507100000e+01	2.5844882022e+00	3.1772284575e-05                 	2.1707906538e-05                 	1.0064378037e-05                 	6.8323404591e-01                 	4.9069637737e-01                 
4.8971300000e+01	2.5599897833e+00	3.1853354446e-05                 	2.1801464843e-05                 	1.0051889603e-05                 	6.8443230619e-01                 	4.8672756194e-01                 
4.9444400000e+01	2.5354949736e+00	3.2017153404e-05                 	2.1989584492e-05                 	1.0027568912e-05                 	6.8680635705e-01                 	4.8363331367e-01                 
4.9926800000e+01	2.5109966526e+00	3.2273090286e-05                 	2.2255085542e-05                 	1.0018004744e-05                 	6.8958644323e-01                 	4.8350532563e-01                 
5.0418700000e+01	2.4864986141e+00	3.2573992294e-05                 	2.2452122548e-05                 	1.0121869746e-05                 	6.8926529931e-01                 	4.8858809033e-01                 
5.0920400000e+01	2.4620000564e+00	3.2793748381e-05                 	2.2425924218e-05                 	1.0367824163e-05                 	6.8384754184e-01                 	4.9621110090e-01                 
5.1432200000e+01	2.4375007811e+00	3.2736421249e-05                 	2.2189608971e-05                 	1.0546812279e-05                 	6.7782635131e-01                 	4.9800839376e-01                 
5.1954300000e+01	2.4130058084e+00	3.2333389194e-05                 	2.1832294057e-05                 	1.0501095137e-05                 	6.7522442284e-01                 	4.9116488874e-01                 
5.2487200000e+01	2.3885066773e+00	3.1745500500e-05                 	2.1367218105e-05                 	1.0378282395e-05                 	6.7307863377e-01                 	4.8043078696e-01                 
5.3031100000e+01	2.3640095656e+00	3.1222834911e-05                 	2.0838901617e-05                 	1.0383933293e-05                 	6.6742503289e-01                 	4.6987353851e-01                 
5.3586400000e+01	2.3395120343e+00	3.0923135887e-05                 	2.0359076187e-05                 	1.0564059699e-05                 	6.5837683028e-01                 	4.6039470638e-01                 
5.4153400000e+01	2.3150167427e+00	3.0902724121e-05                 	2.0058376222e-05                 	1.0844347899e-05                 	6.4908116656e-01                 	4.5105042134e-01                 
5.4732600000e+01	2.2905184054e+00	3.1179398484e-05                 	2.0083686222e-05                 	1.1095712262e-05                 	6.4413321612e-01                 	4.4070549458e-01                 
5.5324300000e+01	2.2660210373e+00	3.1699988454e-05                 	2.0525309061e-05                 	1.1174679393e-05                 	6.4748632609e-01                 	4.2978120939e-01                 
5.5929000000e+01	2.2415209940e+00	3.2308660368e-05                 	2.1271250657e-05                 	1.1037409711e-05                 	6.5837612624e-01                 	4.2117657114e-01                 
5.6547000000e+01	2.2170234968e+00	3.2859282746e-05                 	2.2060740566e-05                 	1.0798542180e-05                 	6.7137011896e-01                 	4.1754324505e-01                 
5.7178800000e+01	2.1925263852e+00	3.3322908509e-05                 	2.2703640968e-05                 	1.0619267541e-05                 	6.8132230900e-01                 	4.2046657505e-01                 
5.7824900000e+01	2.1680284388e+00	3.3746106756e-05                 	2.3122507892e-05                 	1.0623598864e-05                 	6.8519038534e-01                 	4.3022282605e-01                 
5.8485700000e+01	2.1435329948e+00	3.4170568066e-05                 	2.3328198799e-05                 	1.0842369267e-05                 	6.8269859471e-01                 	4.4536133368e-01                 
5.9161800000e+01	2.1190367378e+00	3.4529339478e-05                 	2.3374076619e-05                 	1.1155262860e-05                 	6.7693378940e-01                 	4.6080777068e-01                 
5.9853800000e+01	2.0945374842e+00	3.4627600405e-05                 	2.3297705811e-05                 	1.1329894594e-05                 	6.7280740041e-01                 	4.6889928545e-01                 
6.0562100000e+01	2.0700409608e+00	3.4341418778e-05                 	2.3099492978e-05                 	1.1241925800e-05                 	6.7264236015e-01                 	4.6611241520e-01                 
6.1287400000e+01	2.0455432548e+00	3.3775933040e-05                 	2.2750840090e-05                 	1.1025092950e-05                 	6.7358139486e-01                 	4.5633331149e-01                 
6.2030300000e+01	2.0210450002e+00	3.3171159084e-05                 	2.2251501132e-05                 	1.0919657951e-05                 	6.7080867076e-01                 	4.4510620599e-01                 
6.2791400000e+01	1.9965477386e+00	3.2728636218e-05                 	2.1681222731e-05                 	1.1047413487e-05                 	6.6245420636e-01                 	4.3545652625e-01                 
6.3571400000e+01	1.9720507598e+00	3.2512410428e-05                 	2.1155946166e-05                 	1.1356464261e-05                 	6.5070371247e-01                 	4.2762775637e-01                 
6.4371100000e+01	1.9475514272e+00	3.2489179745e-05                 	2.0770115130e-05                 	1.1719064615e-05                 	6.3929330605e-01                 	4.2068172804e-01                 
6.5191100000e+01	1.9230543383e+00	3.2585814738e-05                 	2.0548735119e-05                 	1.2037079618e-05                 	6.3060369319e-01                 	4.1386060253e-01                 
6.6032300000e+01	1.8985561259e+00	3.2735656489e-05                 	2.0463682934e-05                 	1.2271973555e-05                 	6.2511906370e-01                 	4.0692196651e-01                 
6.6895400000e+01	1.8740605135e+00	3.2888448454e-05                 	2.0468538934e-05                 	1.2419909519e-05                 	6.2236255880e-01                 	3.9983442384e-01                 
6.7781500000e+01	1.8495611291e+00	3.3014433061e-05                 	2.0528425746e-05                 	1.2486007315e-05                 	6.2180155291e-01                 	3.9261054665e-01                 
6.8691300000e+01	1.8250641300e+00	3.3089699920e-05                 	2.0619741281e-05                 	1.2469958639e-05                 	6.2314682004e-01                 	3.8533414277e-01                 
6.9625800000e+01	1.8005685776e+00	3.3090187581e-05                 	2.0719083201e-05                 	1.2371104380e-05                 	6.2613979296e-01                 	3.7833544888e-01                 
7.0586200000e+01	1.7760699354e+00	3.3005377109e-05                 	2.0788666017e-05                 	1.2216711092e-05                 	6.2985694568e-01                 	3.7230220964e-01                 
7.1573400000e+01	1.7515728982e+00	3.2880294097e-05                 	2.0794444395e-05                 	1.2085849702e-05                 	6.3242878344e-01                 	3.6809566176e-01                 
7.2588700000e+01	1.7270736034e+00	3.2832778455e-05                 	2.0759242157e-05                 	1.2073536298e-05                 	6.3227186774e-01                 	3.6609833032e-01                 
7.3633100000e+01	1.7025770703e+00	3.2971651043e-05                 	2.0777493206e-05                 	1.2194157837e-05                 	6.3016235306e-01                 	3.6491101840e-01                 
7.4708000000e+01	1.6780803619e+00	3.3280120336e-05                 	2.0940667325e-05                 	1.2339453011e-05                 	6.2922450740e-01                 	3.6126680990e-01                 
7.5814800000e+01	1.6535825152e+00	3.3635380140e-05                 	2.1255704204e-05                 	1.2379675936e-05                 	6.3194481870e-01                 	3.5256557864e-01                 
7.6954900000e+01	1.6290844075e+00	3.3930653511e-05                 	2.1650010508e-05                 	1.2280643003e-05                 	6.3806641688e-01                 	3.3903081935e-01                 
7.8129800000e+01	1.6045865684e+00	3.4143319367e-05                 	2.2045171787e-05                 	1.2098147580e-05                 	6.4566574648e-01                 	3.2272578561e-01                 
7.9341100000e+01	1.5800893569e+00	3.4296246746e-05                 	2.2390684883e-05                 	1.1905561863e-05                 	6.5286108561e-01                 	3.0561455056e-01                 
8.0590600000e+01	1.5555911939e+00	3.4417528204e-05                 	2.2658950019e-05                 	1.1758578184e-05                 	6.5835494882e-01                 	2.8895818062e-01                 
8.1880000000e+01	1.5310946223e+00	3.4524130940e-05                 	2.2829263520e-05                 	1.1694867420e-05                 	6.6125526981e-01                 	2.7349391086e-01                 
8.3211400000e+01	1.5065967845e+00	3.4611909141e-05                 	2.2865210364e-05                 	1.1746698777e-05                 	6.6061684926e-01                 	2.5970669112e-01                 
8.4586800000e+01	1.4820991889e+00	3.4658571502e-05                 	2.2729975164e-05                 	1.1928596338e-05                 	6.5582550517e-01                 	2.4766847853e-01                 
8.6008400000e+01	1.4576021374e+00	3.4617811730e-05                 	2.2397112066e-05                 	1.2220699663e-05                 	6.4698231770e-01                 	2.3671932322e-01                 
8.7478600000e+01	1.4331050985e+00	3.4434400633e-05                 	2.1891792391e-05                 	1.2542608242e-05                 	6.3575354845e-01                 	2.2514191668e-01                 
8.9000000000e+01	1.4086070525e+00	3.4075950389e-05                 	2.1299096703e-05                 	1.2776853686e-05                 	6.2504776711e-01                 	2.1091702303e-01                 
9.0575200000e+01	1.3841098631e+00	3.3559771576e-05                 	2.0716451145e-05                 	1.2843320431e-05                 	6.1730012368e-01                 	1.9319701645e-01                 
9.2207200000e+01	1.3596121309e+00	3.2959375069e-05                 	2.0189734754e-05                 	1.2769640315e-05                 	6.1256424650e-01                 	1.7289371106e-01                 
9.3899100000e+01	1.3351142628e+00	3.2398009522e-05                 	1.9718760806e-05                 	1.2679248716e-05                 	6.0864112015e-01                 	1.5192884510e-01                 
9.5654200000e+01	1.3106170735e+00	3.2012736655e-05                 	1.9306365417e-05                 	1.2706371237e-05                 	6.0308387957e-01                 	1.3229890078e-01                 
9.7476200000e+01	1.2861193571e+00	3.1905985590e-05                 	1.8978295721e-05                 	1.2927689870e-05                 	5.9481929078e-01                 	1.1541371525e-01                 
9.9368900000e+01	1.2616223755e+00	3.2153337709e-05                 	1.8793996723e-05                 	1.3359340986e-05                 	5.8451153325e-01                 	1.0194361720e-01                 
1.0133700000e+02	1.2371199826e+00	3.2805355767e-05                 	1.8843199403e-05                 	1.3962156364e-05                 	5.7439399641e-01                 	9.1651569022e-02                 
1.0338400000e+02	1.2126250452e+00	3.3885259528e-05                 	1.9248745868e-05                 	1.4636513660e-05                 	5.6805661625e-01                 	8.3298295680e-02                 
1.0551500000e+02	1.1881346507e+00	3.5325625671e-05                 	2.0111872648e-05                 	1.5213753023e-05                 	5.6932813690e-01                 	7.4676971071e-02                 
1.0773700000e+02	1.1636302076e+00	3.6917535373e-05                 	2.1410773381e-05                 	1.5506761991e-05                 	5.7996215525e-01                 	6.3751608334e-02                 
1.1005400000e+02	1.1391319504e+00	3.8347997567e-05                 	2.2904437420e-05                 	1.5443560147e-05                 	5.9727857707e-01                 	5.0349704049e-02                 
1.1247300000e+02	1.1146322022e+00	3.9351697478e-05                 	2.4208666621e-05                 	1.5143030857e-05                 	6.1518735335e-01                 	3.6249010375e-02                 
1.1500000000e+02	1.0901393711e+00	3.9826439344e-05                 	2.4997548772e-05                 	1.4828890572e-05                 	6.2766215569e-01                 	2.3757272266e-02                 
1.1764400000e+02	1.0656389418e+00	3.9816662294e-05                 	2.5145459584e-05                 	1.4671202710e-05                 	6.3153107606e-01                 	1.4367269356e-02                 
1.2041200000e+02	1.0411423087e+00	3.9402590633e-05                 	2.4694130538e-05                 	1.4708460095e-05                 	6.2671337446e-01                 	8.2575721219e-03                 
1.2331300000e+02	1.0166489151e+00	3.8628883283e-05                 	2.3768161172e-05                 	1.4860722111e-05                 	6.1529506297e-01                 	4.2538644282e-03                 
1.2635800000e+02	9.9214950912e-01	3.7514035193e-05                 	2.2517647742e-05                 	1.4996387451e-05                 	6.0024595132e-01                 	2.8799405277e-04                 
1.2955700000e+02	9.6765151766e-01	3.6103006824e-05                 	2.1091103960e-05                 	1.5011902864e-05                 	5.8419244865e-01                 	-5.6764443519e-03                
1.3292200000e+02	9.4315484023e-01	3.4478701776e-05                 	1.9600322292e-05                 	1.4878379485e-05                 	5.6847622682e-01                 	-1.4682429955e-02                
1.3646700000e+02	9.1865452947e-01	3.2737799812e-05                 	1.8111138087e-05                 	1.4626661725e-05                 	5.5321793739e-01                 	-2.6716784064e-02                
1.4020500000e+02	8.9416231713e-01	3.0970235574e-05                 	1.6658556004e-05                 	1.4311679570e-05                 	5.3788922478e-01                 	-4.1167424897e-02                
1.4415500000e+02	8.6966132062e-01	2.9143267877e-05                 	1.5172599750e-05                 	1.3970668126e-05                 	5.2062108527e-01                 	-5.7528225607e-02                
1.4833300000e+02	8.4516613076e-01	2.7693195156e-05                 	1.3837340481e-05                 	1.3855854675e-05                 	4.9966572665e-01                 	-7.5986040923e-02                
1.5276100000e+02	8.2066775992e-01	2.6600811118e-05                 	1.2680909443e-05                 	1.3919901675e-05                 	4.7671138246e-01                 	-9.2963589308e-02                
1.5746200000e+02	7.9616686993e-01	2.5885513770e-05                 	1.1701983293e-05                 	1.4183530477e-05                 	4.5206687404e-01                 	-1.0771693259e-01                
1.6246000000e+02	7.7167319755e-01	2.5505534366e-05                 	1.0916201189e-05                 	1.4589333177e-05                 	4.2799343204e-01                 	-1.1976205049e-01                
1.6778700000e+02	7.4717366467e-01	2.5331672500e-05                 	1.0315324870e-05                 	1.5016347630e-05                 	4.0721057284e-01                 	-1.2944410359e-01                
1.7347500000e+02	7.2267489652e-01	2.5142817755e-05                 	9.8515964574e-06                 	1.5291221298e-05                 	3.9182547292e-01                 	-1.3783132019e-01                
1.7956100000e+02	6.9818071671e-01	2.4666721534e-05                 	9.4215872740e-06                 	1.5245134260e-05                 	3.8195539123e-01                 	-1.4626300510e-01                
1.8609100000e+02	6.7368130470e-01	2.3725767820e-05                 	8.8977567495e-06                 	1.4828011070e-05                 	3.7502502837e-01                 	-1.5538771394e-01                
1.9311300000e+02	6.4918481756e-01	2.2377859895e-05                 	8.1988278857e-06                 	1.4179032009e-05                 	3.6638123236e-01                 	-1.6444458477e-01                
2.0068600000e+02	6.2468746038e-01	2.0889119903e-05                 	7.3356047290e-06                 	1.3553515174e-05                 	3.5116868317e-01                 	-1.7121830518e-01                
2.0887800000e+02	6.0018780184e-01	1.9542322642e-05                 	6.3832097881e-06                 	1.3159112854e-05                 	3.2663516538e-01                 	-1.7247487525e-01                
2.1776600000e+02	5.7569146549e-01	1.8457293206e-05                 	5.4241250950e-06                 	1.3033168111e-05                 	2.9387435278e-01                 	-1.6485666850e-01                
2.2744400000e+02	5.5119514110e-01	1.7538702019e-05                 	4.5144489134e-06                 	1.3024253105e-05                 	2.5739925957e-01                 	-1.4622193888e-01                
2.3802300000e+02	5.2669711613e-01	1.6553417290e-05                 	3.6835758886e-06                 	1.2869841401e-05                 	2.2252661333e-01                 	-1.1708813443e-01                
2.4963400000e+02	5.0219933051e-01	1.5289998189e-05                 	2.9483613958e-06                 	1.2341636793e-05                 	1.9282941432e-01                 	-8.1448739936e-02                
2.6243600000e+02	4.7770133546e-01	1.3699918224e-05                 	2.3197407225e-06                 	1.1380177501e-05                 	1.6932515104e-01                 	-4.5658330064e-02                
2.7662200000e+02	4.5320338828e-01	1.1910939723e-05                 	1.8005847406e-06                 	1.0110354982e-05                 	1.5117067020e-01                 	-1.5620895305e-02                
2.9242900000e+02	4.2870586595e-01	1.0112719936e-05                 	1.3833729267e-06                 	8.7293470094e-06                 	1.3679533651e-01                 	5.5729875753e-03                 
3.1015100000e+02	4.0420965166e-01	8.4518216145e-06                 	1.0537557790e-06                 	7.3980658356e-06                 	1.2467794838e-01                 	1.7795179094e-02                 
3.3016100000e+02	3.7971180022e-01	6.9979340972e-06                 	7.9557235877e-07                 	6.2023617384e-06                 	1.1368674636e-01                 	2.2640709303e-02                 
3.5293100000e+02	3.5521398708e-01	5.7626102237e-06                 	5.9424773936e-07                 	5.1683624843e-06                 	1.0312127947e-01                 	2.2309749150e-02                 
3.7907400000e+02	3.3071650304e-01	4.7253689884e-06                 	4.3787106391e-07                 	4.2874979245e-06                 	9.2663888256e-02                 	1.8680757243e-02                 
4.0940000000e+02	3.0621892446e-01	3.8563699866e-06                 	3.1711514909e-07                 	3.5392548375e-06                 	8.2231515699e-02                 	1.3217110991e-02                 
4.4500000000e+02	2.8172141050e-01	3.1254569746e-06                 	2.2472509946e-07                 	2.9007318752e-06                 	7.1901517534e-02                 	6.8783255009e-03                 
4.8738100000e+02	2.5722387141e-01	2.5069268411e-06                 	1.5498607177e-07                 	2.3519407694e-06                 	6.1823133100e-02                 	3.0330561884e-04                 
