#wavelengths (mu)	size parameter  	extinction cross section (cm^2)  	scattering cross section (cm^2)  	absorption cross section (cm^2)  	single scattering albedo         	asymmetry parameter              
1.0000000000e-01	2.5013811212e+03	1.0011962402e-04                 	5.9357755301e-05                 	4.0761868721e-05                 	5.9286834006e-01                 	8.8694717581e-01                 
1.1100000000e-01	2.2534965056e+03	1.0015949073e-04                 	5.9793880412e-05                 	4.0365610313e-05                 	5.9698666576e-01                 	8.8124019492e-01                 
1.2500000000e-01	2.0011048970e+03	1.0020927633e-04                 	6.0248747576e-05                 	3.9960528758e-05                 	6.0122924524e-01                 	8.7496810612e-01                 
1.3700000000e-01	1.8258256359e+03	1.0025149272e-04                 	6.0495625442e-05                 	3.9755867281e-05                 	6.0343865013e-01                 	8.7107525035e-01                 
1.4350000000e-01	1.7431227326e+03	1.0027412757e-04                 	6.0581367094e-05                 	3.9692760481e-05                 	6.0415750861e-01                 	8.6950469303e-01                 
1.5500000000e-01	1.6137942718e+03	1.0031311693e-04                 	6.0708241554e-05                 	3.9604875371e-05                 	6.0518747114e-01                 	8.6727047057e-01                 
1.6500000000e-01	1.5159885583e+03	1.0034566054e-04                 	6.0834346176e-05                 	3.9511314366e-05                 	6.0624790197e-01                 	8.6551112651e-01                 
2.0000000000e-01	1.2506905606e+03	1.0045541082e-04                 	6.1544009733e-05                 	3.8911401090e-05                 	6.1265002282e-01                 	8.5645832396e-01                 
2.2700000000e-01	1.1019300094e+03	1.0053901964e-04                 	6.2119133010e-05                 	3.8419886628e-05                 	6.1786093831e-01                 	8.4856551844e-01                 
2.5000000000e-01	1.0005524485e+03	1.0060812218e-04                 	6.2450748529e-05                 	3.8157373647e-05                 	6.2073267226e-01                 	8.4393399653e-01                 
2.6300000000e-01	9.5109548336e+02	1.0064614747e-04                 	6.2596520925e-05                 	3.8049626547e-05                 	6.2194651755e-01                 	8.4194479484e-01                 
2.7800000000e-01	8.9977738174e+02	1.0068916657e-04                 	6.2758481045e-05                 	3.7930685521e-05                 	6.2328930893e-01                 	8.3983491265e-01                 
2.9700000000e-01	8.4221586573e+02	1.0074244973e-04                 	6.2985370467e-05                 	3.7757079262e-05                 	6.2521182120e-01                 	8.3707123614e-01                 
3.0000000000e-01	8.3379370708e+02	1.0075075128e-04                 	6.3025673896e-05                 	3.7725077386e-05                 	6.2556033671e-01                 	8.3659786340e-01                 
4.6000000000e-01	5.4377850461e+02	1.0119132058e-04                 	6.6820311979e-05                 	3.4371008601e-05                 	6.6033639640e-01                 	7.9169866480e-01                 
6.1000000000e-01	4.1006247889e+02	1.0159375106e-04                 	6.7939441105e-05                 	3.3654309953e-05                 	6.6873641733e-01                 	7.7712339623e-01                 
1.0000000000e+00	2.5013811212e+02	1.0273882487e-04                 	7.2968135401e-05                 	2.9770689470e-05                 	7.1022941417e-01                 	7.1637151764e-01                 
1.5040000000e+00	1.6631523412e+02	1.0406089108e-04                 	7.7423964227e-05                 	2.6636926848e-05                 	7.4402557413e-01                 	6.7398603751e-01                 
1.8500000000e+00	1.3520979034e+02	1.0474562124e-04                 	7.9630907013e-05                 	2.5114714226e-05                 	7.6023136883e-01                 	6.5524569221e-01                 
2.0000000000e+00	1.2506905606e+02	1.0496965601e-04                 	8.0433453834e-05                 	2.4536202172e-05                 	7.6625433381e-01                 	6.4863978116e-01                 
2.2450000000e+00	1.1142009449e+02	1.0524235546e-04                 	8.1586054324e-05                 	2.3656301137e-05                 	7.7522071761e-01                 	6.3921459506e-01                 
2.7330000000e+00	9.1525105058e+01	1.0547704359e-04                 	8.3433714188e-05                 	2.2043329403e-05                 	7.9101301428e-01                 	6.2378003936e-01                 
2.8720000000e+00	8.7095442940e+01	1.0547880763e-04                 	8.3880042184e-05                 	2.1598765447e-05                 	7.9523123239e-01                 	6.1989033056e-01                 
3.0270000000e+00	8.2635649859e+01	1.0544969922e-04                 	8.4348550078e-05                 	2.1101149147e-05                 	7.9989370001e-01                 	6.1569371781e-01                 
3.1440000000e+00	7.9560468232e+01	1.0540612591e-04                 	8.4686862859e-05                 	2.0719263052e-05                 	8.0343397622e-01                 	6.1257583485e-01                 
3.7330000000e+00	6.7007262824e+01	1.0469766382e-04                 	8.6521543671e-05                 	1.8176120152e-05                 	8.2639421465e-01                 	5.9366381020e-01                 
4.5610000000e+00	5.4842822215e+01	1.0437580543e-04                 	8.3476972677e-05                 	2.0898832755e-05                 	7.9977320732e-01                 	6.1076924359e-01                 
5.3500000000e+00	4.6754787313e+01	1.0470440359e-04                 	8.1342945649e-05                 	2.3361457938e-05                 	7.7688180117e-01                 	6.2811154682e-01                 
6.0000000000e+00	4.1689685354e+01	1.0514638643e-04                 	8.0322870206e-05                 	2.4823516223e-05                 	7.6391469963e-01                 	6.3832431830e-01                 
7.0000000000e+00	3.5734016018e+01	1.0579858161e-04                 	7.9579067462e-05                 	2.6219514150e-05                 	7.5217518278e-01                 	6.4724154738e-01                 
8.0000000000e+00	3.1267264015e+01	1.0637941803e-04                 	7.9266779645e-05                 	2.7112638381e-05                 	7.4513266867e-01                 	6.5192926427e-01                 
8.5000000000e+00	2.9428013191e+01	1.0665338370e-04                 	7.9201676849e-05                 	2.7451706856e-05                 	7.4260819580e-01                 	6.5340599736e-01                 
8.7500000000e+00	2.8587212814e+01	1.0677021404e-04                 	7.9165760852e-05                 	2.7604453189e-05                 	7.4145923152e-01                 	6.5392918995e-01                 
9.0000000000e+00	2.7793123569e+01	1.0690021912e-04                 	7.9151754114e-05                 	2.7748465010e-05                 	7.4042649082e-01                 	6.5445164057e-01                 
1.0000000000e+01	2.5013811212e+01	1.0741271325e-04                 	7.9149901694e-05                 	2.8262811551e-05                 	7.3687647675e-01                 	6.5605866149e-01                 
1.0500000000e+01	2.3822677345e+01	1.0762581056e-04                 	7.9134850296e-05                 	2.8490960260e-05                 	7.3527762427e-01                 	6.5647472471e-01                 
1.1000000000e+01	2.2739828375e+01	1.0784789783e-04                 	7.9141663947e-05                 	2.8706233884e-05                 	7.3382667200e-01                 	6.5683542523e-01                 
1.1500000000e+01	2.1751140185e+01	1.0808187747e-04                 	7.9173840539e-05                 	2.8908036929e-05                 	7.3253576265e-01                 	6.5716776144e-01                 
1.2500000000e+01	2.0011048970e+01	1.0850658473e-04                 	7.9222607484e-05                 	2.9283977242e-05                 	7.3011797104e-01                 	6.5744185124e-01                 
1.3000000000e+01	1.9241393240e+01	1.0876283558e-04                 	7.9289643490e-05                 	2.9473192094e-05                 	7.2901412568e-01                 	6.5778774469e-01                 
1.3500000000e+01	1.8528749046e+01	1.0894051691e-04                 	7.9308801557e-05                 	2.9631715352e-05                 	7.2800096610e-01                 	6.5759099880e-01                 
1.4000000000e+01	1.7867008009e+01	1.0912887883e-04                 	7.9331017203e-05                 	2.9797861627e-05                 	7.2694797246e-01                 	6.5749798825e-01                 
1.5000000000e+01	1.6675874142e+01	1.0954048257e-04                 	7.9421915745e-05                 	3.0118566830e-05                 	7.2504624663e-01                 	6.5738917448e-01                 
1.5500000000e+01	1.6137942718e+01	1.0973137440e-04                 	7.9458819340e-05                 	3.0272555060e-05                 	7.2412124403e-01                 	6.5722925747e-01                 
1.6500000000e+01	1.5159885583e+01	1.1011958828e-04                 	7.9539897969e-05                 	3.0579690312e-05                 	7.2230471627e-01                 	6.5694215979e-01                 
1.7000000000e+01	1.4714006595e+01	1.1034452483e-04                 	7.9615098980e-05                 	3.0729425848e-05                 	7.2151381415e-01                 	6.5693382793e-01                 
1.8500000000e+01	1.3520979034e+01	1.1088573758e-04                 	7.9717836646e-05                 	3.1167900933e-05                 	7.1891875715e-01                 	6.5620244874e-01                 
1.9500000000e+01	1.2827595493e+01	1.1123038981e-04                 	7.9777724981e-05                 	3.1452664831e-05                 	7.1722957292e-01                 	6.5560623329e-01                 
2.0029400000e+01	1.2488547441e+01	1.1147798430e-04                 	7.9864889299e-05                 	3.1613095003e-05                 	7.1641849105e-01                 	6.5560304865e-01                 
2.0108100000e+01	1.2439669194e+01	1.1148861659e-04                 	7.9846092527e-05                 	3.1642524061e-05                 	7.1618157056e-01                 	6.5554471968e-01                 
2.0187400000e+01	1.2390803775e+01	1.1149892230e-04                 	7.9827274995e-05                 	3.1671647301e-05                 	7.1594660604e-01                 	6.5547637696e-01                 
2.0267300000e+01	1.2341955373e+01	1.1151694676e-04                 	7.9816597259e-05                 	3.1700349502e-05                 	7.1573513782e-01                 	6.5541984261e-01                 
2.0347900000e+01	1.2293067694e+01	1.1154655351e-04                 	7.9817201614e-05                 	3.1729351897e-05                 	7.1555058495e-01                 	6.5540573829e-01                 
2.0429100000e+01	1.2244206163e+01	1.1158689290e-04                 	7.9828512828e-05                 	3.1758380068e-05                 	7.1539327564e-01                 	6.5543871998e-01                 
2.0511000000e+01	1.2195315300e+01	1.1163271760e-04                 	7.9847036870e-05                 	3.1785680733e-05                 	7.1526554745e-01                 	6.5548362329e-01                 
2.0593600000e+01	1.2146400441e+01	1.1167948728e-04                 	7.9868409326e-05                 	3.1811077950e-05                 	7.1515737826e-01                 	6.5551138557e-01                 
2.0676800000e+01	1.2097525348e+01	1.1172262083e-04                 	7.9889133855e-05                 	3.1833486980e-05                 	7.1506677214e-01                 	6.5549778241e-01                 
2.0760600000e+01	1.2048693782e+01	1.1176032960e-04                 	7.9905822608e-05                 	3.1854506995e-05                 	7.1497482955e-01                 	6.5545179388e-01                 
2.0845200000e+01	1.1999794299e+01	1.1179227961e-04                 	7.9916438207e-05                 	3.1875841401e-05                 	7.1486544945e-01                 	6.5538329489e-01                 
2.0930500000e+01	1.1950890429e+01	1.1181824678e-04                 	7.9922096351e-05                 	3.1896150433e-05                 	7.1475003991e-01                 	6.5528319221e-01                 
2.1016400000e+01	1.1902043743e+01	1.1184021251e-04                 	7.9922502869e-05                 	3.1917709643e-05                 	7.1461329582e-01                 	6.5517071039e-01                 
2.1103100000e+01	1.1853145373e+01	1.1186008645e-04                 	7.9921416700e-05                 	3.1938669752e-05                 	7.1447662196e-01                 	6.5504459269e-01                 
2.1190500000e+01	1.1804257197e+01	1.1188064203e-04                 	7.9920190248e-05                 	3.1960451784e-05                 	7.1433439062e-01                 	6.5493068393e-01                 
2.1278600000e+01	1.1755383913e+01	1.1190459235e-04                 	7.9921531663e-05                 	3.1983060690e-05                 	7.1419349271e-01                 	6.5484239150e-01                 
2.1367400000e+01	1.1706530140e+01	1.1193420360e-04                 	7.9927614089e-05                 	3.2006589511e-05                 	7.1405889816e-01                 	6.5478501686e-01                 
2.1457000000e+01	1.1657646089e+01	1.1197073067e-04                 	7.9940338535e-05                 	3.2030392133e-05                 	7.1393959884e-01                 	6.5474984014e-01                 
2.1547400000e+01	1.1608737580e+01	1.1201245523e-04                 	7.9959256943e-05                 	3.2053198283e-05                 	7.1384255244e-01                 	6.5471867696e-01                 
2.1638500000e+01	1.1559863767e+01	1.1205710614e-04                 	7.9980139256e-05                 	3.2076966888e-05                 	7.1374446484e-01                 	6.5469720131e-01                 
2.1730400000e+01	1.1510975966e+01	1.1209992932e-04                 	8.0000881991e-05                 	3.2099047326e-05                 	7.1365684598e-01                 	6.5465398165e-01                 
2.1823000000e+01	1.1462132251e+01	1.1213858407e-04                 	8.0017701120e-05                 	3.2120882948e-05                 	7.1356082998e-01                 	6.5459071023e-01                 
2.1916500000e+01	1.1413232593e+01	1.1217258279e-04                 	8.0026471350e-05                 	3.2146111435e-05                 	7.1342273988e-01                 	6.5452621948e-01                 
2.2010800000e+01	1.1364335332e+01	1.1219837157e-04                 	8.0036726888e-05                 	3.2161644686e-05                 	7.1335016511e-01                 	6.5436993793e-01                 
2.2105800000e+01	1.1315496934e+01	1.1221974659e-04                 	8.0043535938e-05                 	3.2176210652e-05                 	7.1327496604e-01                 	6.5419217901e-01                 
2.2201700000e+01	1.1266619769e+01	1.1224156777e-04                 	8.0033374488e-05                 	3.2208193286e-05                 	7.1304576438e-01                 	6.5411936896e-01                 
2.2298500000e+01	1.1217710255e+01	1.1226344346e-04                 	8.0029524364e-05                 	3.2233919097e-05                 	7.1287252463e-01                 	6.5400955330e-01                 
2.2396100000e+01	1.1168824578e+01	1.1229325102e-04                 	8.0022403855e-05                 	3.2270847170e-05                 	7.1261988699e-01                 	6.5399170339e-01                 
2.2494500000e+01	1.1119967642e+01	1.1233221629e-04                 	8.0025359493e-05                 	3.2306856800e-05                 	7.1239900835e-01                 	6.5399678455e-01                 
2.2593800000e+01	1.1071095262e+01	1.1238029441e-04                 	8.0036332773e-05                 	3.2343961634e-05                 	7.1219187665e-01                 	6.5403876498e-01                 
2.2694000000e+01	1.1022213454e+01	1.1243110956e-04                 	8.0054053605e-05                 	3.2377055950e-05                 	7.1202760447e-01                 	6.5406060772e-01                 
2.2795100000e+01	1.0973328133e+01	1.1247876535e-04                 	8.0074989927e-05                 	3.2403775423e-05                 	7.1191206338e-01                 	6.5402191755e-01                 
2.2897100000e+01	1.0924445110e+01	1.1252080294e-04                 	8.0098407423e-05                 	3.2422395512e-05                 	7.1185421125e-01                 	6.5390312235e-01                 
2.3000000000e+01	1.0875570092e+01	1.1255714531e-04                 	8.0123457743e-05                 	3.2433687571e-05                 	7.1184692468e-01                 	6.5371716002e-01                 
2.3103800000e+01	1.0826708685e+01	1.1258671185e-04                 	8.0153795078e-05                 	3.2432916773e-05                 	7.1192944318e-01                 	6.5343934209e-01                 
2.3208600000e+01	1.0777819951e+01	1.1261772262e-04                 	8.0170790185e-05                 	3.2446932432e-05                 	7.1188431378e-01                 	6.5325842956e-01                 
2.3314400000e+01	1.0728910550e+01	1.1264204258e-04                 	8.0194192426e-05                 	3.2447850157e-05                 	7.1193837210e-01                 	6.5298173984e-01                 
2.3421100000e+01	1.0680032625e+01	1.1266810620e-04                 	8.0199335388e-05                 	3.2468770807e-05                 	7.1181932578e-01                 	6.5282880217e-01                 
2.3528700000e+01	1.0631191359e+01	1.1269054406e-04                 	8.0203142497e-05                 	3.2487401561e-05                 	7.1171137887e-01                 	6.5264962851e-01                 
2.3637400000e+01	1.0582302289e+01	1.1271367367e-04                 	8.0201563299e-05                 	3.2512110372e-05                 	7.1155132014e-01                 	6.5250460279e-01                 
2.3747100000e+01	1.0533417222e+01	1.1274106578e-04                 	8.0198166693e-05                 	3.2542899087e-05                 	7.1134831073e-01                 	6.5241184994e-01                 
2.3857800000e+01	1.0484542251e+01	1.1277688972e-04                 	8.0199978524e-05                 	3.2576911195e-05                 	7.1113841430e-01                 	6.5237176074e-01                 
2.3969600000e+01	1.0435639816e+01	1.1282350686e-04                 	8.0208613665e-05                 	3.2614893198e-05                 	7.1092111826e-01                 	6.5239173514e-01                 
2.4082400000e+01	1.0386760129e+01	1.1287702626e-04                 	8.0224829953e-05                 	3.2652196308e-05                 	7.1072770616e-01                 	6.5241965763e-01                 
2.4196200000e+01	1.0337908933e+01	1.1293040713e-04                 	8.0244072542e-05                 	3.2686334585e-05                 	7.1056214693e-01                 	6.5241563381e-01                 
2.4311200000e+01	1.0289007212e+01	1.1297866317e-04                 	8.0261711341e-05                 	3.2716951832e-05                 	7.1041477291e-01                 	6.5236426856e-01                 
2.4427200000e+01	1.0240146727e+01	1.1301870469e-04                 	8.0277283211e-05                 	3.2741421476e-05                 	7.1030086067e-01                 	6.5224351281e-01                 
2.4544400000e+01	1.0191249822e+01	1.1305148389e-04                 	8.0290182558e-05                 	3.2761301336e-05                 	7.1020901091e-01                 	6.5206681567e-01                 
2.4662600000e+01	1.0142406402e+01	1.1307873038e-04                 	8.0299231047e-05                 	3.2779499336e-05                 	7.1011790436e-01                 	6.5185824487e-01                 
2.4782100000e+01	1.0093499426e+01	1.1310186598e-04                 	8.0303977839e-05                 	3.2797888138e-05                 	7.1001461510e-01                 	6.5163312747e-01                 
2.4902700000e+01	1.0044618139e+01	1.1312286837e-04                 	8.0302575289e-05                 	3.2820293084e-05                 	7.0987039530e-01                 	6.5142159607e-01                 
2.5024500000e+01	9.9957286708e+00	1.1314541304e-04                 	8.0294363723e-05                 	3.2851049315e-05                 	7.0965637552e-01                 	6.5126225273e-01                 
2.5147400000e+01	9.9468776940e+00	1.1317534608e-04                 	8.0285392068e-05                 	3.2889954008e-05                 	7.0938941078e-01                 	6.5117605050e-01                 
2.5271600000e+01	9.8979926923e+00	1.1321961032e-04                 	8.0281622968e-05                 	3.2937987357e-05                 	7.0907877830e-01                 	6.5119471326e-01                 
2.5397000000e+01	9.8491204521e+00	1.1328310892e-04                 	8.0289018388e-05                 	3.2994090531e-05                 	7.0874660092e-01                 	6.5133798385e-01                 
2.5523700000e+01	9.8002292819e+00	1.1335685108e-04                 	8.0304153768e-05                 	3.3052697313e-05                 	7.0841905895e-01                 	6.5154952494e-01                 
2.5651600000e+01	9.7513649099e+00	1.1342719773e-04                 	8.0314417417e-05                 	3.3112780313e-05                 	7.0807018973e-01                 	6.5174024119e-01                 
2.5780900000e+01	9.7024584915e+00	1.1348430297e-04                 	8.0317723289e-05                 	3.3166579683e-05                 	7.0774301983e-01                 	6.5178761886e-01                 
2.5911400000e+01	9.6535930950e+00	1.1352948770e-04                 	8.0320367796e-05                 	3.3209119901e-05                 	7.0748463175e-01                 	6.5168859867e-01                 
2.6043300000e+01	9.6047010987e+00	1.1356732277e-04                 	8.0327903889e-05                 	3.3239418886e-05                 	7.0731529041e-01                 	6.5148805511e-01                 
2.6176500000e+01	9.5558272543e+00	1.1359970833e-04                 	8.0341168201e-05                 	3.3258540127e-05                 	7.0723040916e-01                 	6.5121564894e-01                 
2.6311100000e+01	9.5069423978e+00	1.1362681709e-04                 	8.0354314107e-05                 	3.3272502980e-05                 	7.0717737385e-01                 	6.5091138123e-01                 
2.6447000000e+01	9.4580902228e+00	1.1364989823e-04                 	8.0361738950e-05                 	3.3288159279e-05                 	7.0709908414e-01                 	6.5061379348e-01                 
2.6584400000e+01	9.4092066070e+00	1.1367144470e-04                 	8.0362656046e-05                 	3.3308788659e-05                 	7.0697312113e-01                 	6.5034383536e-01                 
2.6723200000e+01	9.3603352938e+00	1.1369888292e-04                 	8.0358899284e-05                 	3.3339983641e-05                 	7.0676947053e-01                 	6.5015801194e-01                 
2.6863500000e+01	9.3114490711e+00	1.1374502746e-04                 	8.0360669100e-05                 	3.3384358363e-05                 	7.0649830496e-01                 	6.5012899721e-01                 
2.7005300000e+01	9.2625563176e+00	1.1381936268e-04                 	8.0375639861e-05                 	3.3443722824e-05                 	7.0616842306e-01                 	6.5031207167e-01                 
2.7148500000e+01	9.2136991776e+00	1.1391523093e-04                 	8.0396865301e-05                 	3.3518365632e-05                 	7.0576045576e-01                 	6.5065077508e-01                 
2.7293300000e+01	9.1648174505e+00	1.1400169033e-04                 	8.0400568984e-05                 	3.3601121350e-05                 	7.0525769178e-01                 	6.5096795440e-01                 
2.7439700000e+01	9.1159200765e+00	1.1405079146e-04                 	8.0366079456e-05                 	3.3684712003e-05                 	7.0465165939e-01                 	6.5114280175e-01                 
2.7587600000e+01	9.0670486785e+00	1.1407242595e-04                 	8.0310168918e-05                 	3.3762257035e-05                 	7.0402788620e-01                 	6.5112718385e-01                 
2.7737100000e+01	9.0181782567e+00	1.1409912491e-04                 	8.0271333169e-05                 	3.3827791740e-05                 	7.0352277664e-01                 	6.5098780647e-01                 
2.7888300000e+01	8.9692850451e+00	1.1414430148e-04                 	8.0263393171e-05                 	3.3880908305e-05                 	7.0317477205e-01                 	6.5083786869e-01                 
2.8041100000e+01	8.9204101167e+00	1.1420212326e-04                 	8.0276296040e-05                 	3.3925827225e-05                 	7.0293172968e-01                 	6.5071470855e-01                 
2.8195600000e+01	8.8715300303e+00	1.1426385183e-04                 	8.0299338215e-05                 	3.3964513615e-05                 	7.0275364369e-01                 	6.5059764485e-01                 
2.8351800000e+01	8.8226536630e+00	1.1432870401e-04                 	8.0323937065e-05                 	3.4004766948e-05                 	7.0257017045e-01                 	6.5052103198e-01                 
2.8509800000e+01	8.7737589223e+00	1.1440099341e-04                 	8.0347761554e-05                 	3.4053231860e-05                 	7.0233447417e-01                 	6.5053480492e-01                 
2.8669500000e+01	8.7248857539e+00	1.1448314822e-04                 	8.0367807127e-05                 	3.4115341090e-05                 	7.0200556482e-01                 	6.5068914649e-01                 
2.8831000000e+01	8.6760123521e+00	1.1456534796e-04                 	8.0365741462e-05                 	3.4199606495e-05                 	7.0148385088e-01                 	6.5101252536e-01                 
2.8994300000e+01	8.6271478229e+00	1.1462151967e-04                 	8.0314446917e-05                 	3.4307072751e-05                 	7.0069256759e-01                 	6.5133425132e-01                 
2.9159500000e+01	8.5782716481e+00	1.1465150704e-04                 	8.0220166714e-05                 	3.4431340330e-05                 	6.9968697998e-01                 	6.5149708589e-01                 
2.9326600000e+01	8.5293935241e+00	1.1469346478e-04                 	8.0130296254e-05                 	3.4563168524e-05                 	6.9864744612e-01                 	6.5169847003e-01                 
2.9495700000e+01	8.4804941779e+00	1.1477806616e-04                 	8.0095029038e-05                 	3.4683037117e-05                 	6.9782521801e-01                 	6.5199247126e-01                 
2.9666700000e+01	8.4316122832e+00	1.1489167741e-04                 	8.0109297383e-05                 	3.4782380025e-05                 	6.9725935934e-01                 	6.5226689119e-01                 
2.9839700000e+01	8.3827287849e+00	1.1500222686e-04                 	8.0137291461e-05                 	3.4864935398e-05                 	6.9683251925e-01                 	6.5245605269e-01                 
3.0014700000e+01	8.3338534825e+00	1.1509337016e-04                 	8.0163298689e-05                 	3.4930071472e-05                 	6.9650665869e-01                 	6.5249666659e-01                 
3.0191700000e+01	8.2849959467e+00	1.1517005660e-04                 	8.0177081179e-05                 	3.4992975424e-05                 	6.9616255773e-01                 	6.5249444335e-01                 
3.0370900000e+01	8.2361112816e+00	1.1523824233e-04                 	8.0167154457e-05                 	3.5071087868e-05                 	6.9566450199e-01                 	6.5257094528e-01                 
3.0552200000e+01	8.1872373224e+00	1.1529708462e-04                 	8.0113518595e-05                 	3.5183566022e-05                 	6.9484427001e-01                 	6.5282262592e-01                 
3.0735700000e+01	8.1383574190e+00	1.1534395643e-04                 	7.9994639805e-05                 	3.5349316620e-05                 	6.9353126323e-01                 	6.5332426535e-01                 
3.0921500000e+01	8.0894559489e+00	1.1542905672e-04                 	7.9858212874e-05                 	3.5570843846e-05                 	6.9183804445e-01                 	6.5417779363e-01                 
3.1109400000e+01	8.0405958367e+00	1.1562840298e-04                 	7.9785683190e-05                 	3.5842719789e-05                 	6.9001803307e-01                 	6.5562783973e-01                 
3.1299700000e+01	7.9917095730e+00	1.1584499648e-04                 	7.9688518385e-05                 	3.6156478097e-05                 	6.8788916919e-01                 	6.5731989165e-01                 
3.1492300000e+01	7.9428340300e+00	1.1603813929e-04                 	7.9566496182e-05                 	3.6471643111e-05                 	6.8569262371e-01                 	6.5878002437e-01                 
3.1687300000e+01	7.8939547428e+00	1.1626970113e-04                 	7.9524669558e-05                 	3.6745031569e-05                 	6.8396726565e-01                 	6.5996194732e-01                 
3.1884700000e+01	7.8450828179e+00	1.1650871724e-04                 	7.9573782836e-05                 	3.6934934407e-05                 	6.8298565737e-01                 	6.6057038948e-01                 
3.2084600000e+01	7.7962047874e+00	1.1672450902e-04                 	7.9715809470e-05                 	3.7008699555e-05                 	6.8293977106e-01                 	6.6036169815e-01                 
3.2287100000e+01	7.7473081238e+00	1.1690174825e-04                 	7.9949358647e-05                 	3.6952389605e-05                 	6.8390216436e-01                 	6.5927049025e-01                 
3.2492100000e+01	7.6984286064e+00	1.1702689504e-04                 	8.0259471262e-05                 	3.6767423775e-05                 	6.8582073580e-01                 	6.5734109199e-01                 
3.2699700000e+01	7.6495537305e+00	1.1709234730e-04                 	8.0618865621e-05                 	3.6473481682e-05                 	6.8850669986e-01                 	6.5473597345e-01                 
3.2910000000e+01	7.6006718968e+00	1.1709775557e-04                 	8.0993293892e-05                 	3.6104461679e-05                 	6.9167247055e-01                 	6.5170051896e-01                 
3.3123000000e+01	7.5517951913e+00	1.1705001677e-04                 	8.1349480747e-05                 	3.5700536020e-05                 	6.9499760012e-01                 	6.4850401322e-01                 
3.3338800000e+01	7.5029128860e+00	1.1696365203e-04                 	8.1659984346e-05                 	3.5303667687e-05                 	6.9816548070e-01                 	6.4540926064e-01                 
3.3557400000e+01	7.4540373248e+00	1.1685508330e-04                 	8.1907878040e-05                 	3.4947205259e-05                 	7.0093551541e-01                 	6.4261290440e-01                 
3.3778900000e+01	7.4051586086e+00	1.1673927552e-04                 	8.2087878189e-05                 	3.4651397332e-05                 	7.0317275675e-01                 	6.4022452252e-01                 
3.4003300000e+01	7.3562893049e+00	1.1662984977e-04                 	8.2201945394e-05                 	3.4427904380e-05                 	7.0481052281e-01                 	6.3830116758e-01                 
3.4230800000e+01	7.3073989542e+00	1.1653451063e-04                 	8.2257027661e-05                 	3.4277482969e-05                 	7.0585981111e-01                 	6.3683603053e-01                 
3.4461300000e+01	7.2585222299e+00	1.1645924026e-04                 	8.2257287478e-05                 	3.4201952777e-05                 	7.0631825605e-01                 	6.3583385272e-01                 
3.4694900000e+01	7.2096507591e+00	1.1640739063e-04                 	8.2204968608e-05                 	3.4202422026e-05                 	7.0618341464e-01                 	6.3529796604e-01                 
3.4931700000e+01	7.1607769482e+00	1.1638549143e-04                 	8.2095321307e-05                 	3.4290170120e-05                 	7.0537418626e-01                 	6.3529676898e-01                 
3.5171800000e+01	7.1118939640e+00	1.1640466599e-04                 	8.1923467188e-05                 	3.4481198804e-05                 	7.0378164389e-01                 	6.3592984452e-01                 
3.5415200000e+01	7.0630156578e+00	1.1647982765e-04                 	8.1686896016e-05                 	3.4792931638e-05                 	7.0129650482e-01                 	6.3730624684e-01                 
3.5662000000e+01	7.0141358343e+00	1.1662012016e-04                 	8.1386858674e-05                 	3.5233261485e-05                 	6.9788007904e-01                 	6.3945752054e-01                 
3.5912300000e+01	6.9652490128e+00	1.1685627859e-04                 	8.1065104996e-05                 	3.5791173590e-05                 	6.9371629815e-01                 	6.4236308056e-01                 
3.6166100000e+01	6.9163695318e+00	1.1717269231e-04                 	8.0744876945e-05                 	3.6427815368e-05                 	6.8911002513e-01                 	6.4571666782e-01                 
3.6423500000e+01	6.8674924739e+00	1.1755950584e-04                 	8.0483396786e-05                 	3.7076109050e-05                 	6.8461836594e-01                 	6.4909007753e-01                 
3.6684600000e+01	6.8186135905e+00	1.1800146565e-04                 	8.0357872555e-05                 	3.7643593092e-05                 	6.8099046155e-01                 	6.5189229695e-01                 
3.6949500000e+01	6.7697292825e+00	1.1845109956e-04                 	8.0417679268e-05                 	3.8033420294e-05                 	6.7891036525e-01                 	6.5346675245e-01                 
3.7218200000e+01	6.7208546389e+00	1.1886750783e-04                 	8.0709391056e-05                 	3.8158116778e-05                 	6.7898614623e-01                 	6.5328079850e-01                 
3.7490800000e+01	6.6719865173e+00	1.1920039940e-04                 	8.1246215168e-05                 	3.7954184233e-05                 	6.8159348103e-01                 	6.5099832018e-01                 
3.7767500000e+01	6.6231048421e+00	1.1940308341e-04                 	8.1999217627e-05                 	3.7403865787e-05                 	6.8674288203e-01                 	6.4662648772e-01                 
3.8048300000e+01	6.5742257111e+00	1.1943650116e-04                 	8.2894117786e-05                 	3.6542383378e-05                 	6.9404342038e-01                 	6.4051966474e-01                 
3.8333300000e+01	6.5253477296e+00	1.1927947517e-04                 	8.3822039494e-05                 	3.5457435672e-05                 	7.0273648821e-01                 	6.3330661591e-01                 
3.8622600000e+01	6.4764700492e+00	1.1894132379e-04                 	8.4658930497e-05                 	3.4282393295e-05                 	7.1177054196e-01                 	6.2579143343e-01                 
3.8916400000e+01	6.4275758324e+00	1.1846677411e-04                 	8.5295760318e-05                 	3.3171013792e-05                 	7.1999732379e-01                 	6.1879503112e-01                 
3.9214600000e+01	6.3786985491e+00	1.1793507812e-04                 	8.5660914726e-05                 	3.2274163395e-05                 	7.2633957675e-01                 	6.1306746875e-01                 
3.9517400000e+01	6.3298221068e+00	1.1743873034e-04                 	8.5736609308e-05                 	3.1702121028e-05                 	7.3005395292e-01                 	6.0914037637e-01                 
3.9824900000e+01	6.2809476514e+00	1.1705915944e-04                 	8.5555087502e-05                 	3.1504071938e-05                 	7.3087050951e-01                 	6.0725697843e-01                 
4.0137300000e+01	6.2320612528e+00	1.1684739302e-04                 	8.5187370602e-05                 	3.1660022417e-05                 	7.2904810626e-01                 	6.0732566530e-01                 
4.0454500000e+01	6.1831962358e+00	1.1681909445e-04                 	8.4717550647e-05                 	3.2101543801e-05                 	7.2520293919e-01                 	6.0900336392e-01                 
4.0776900000e+01	6.1343091830e+00	1.1695487697e-04                 	8.4237640793e-05                 	3.2717236173e-05                 	7.2025761540e-01                 	6.1169132942e-01                 
4.1104400000e+01	6.0854339711e+00	1.1721431611e-04                 	8.3821832905e-05                 	3.3392483204e-05                 	7.1511600023e-01                 	6.1474000019e-01                 
4.1437200000e+01	6.0365592299e+00	1.1754661551e-04                 	8.3534736429e-05                 	3.4011879080e-05                 	7.1065199170e-01                 	6.1748045629e-01                 
4.1775500000e+01	5.9876748841e+00	1.1789063052e-04                 	8.3414233660e-05                 	3.4476396858e-05                 	7.0755609071e-01                 	6.1931188130e-01                 
4.2119300000e+01	5.9388003154e+00	1.1819432003e-04                 	8.3474310216e-05                 	3.4720009812e-05                 	7.0624637628e-01                 	6.1985372291e-01                 
4.2468900000e+01	5.8899126684e+00	1.1841574737e-04                 	8.3695333812e-05                 	3.4720413557e-05                 	7.0679226093e-01                 	6.1898845650e-01                 
4.2824300000e+01	5.8410321271e+00	1.1853001237e-04                 	8.4025672338e-05                 	3.4504340031e-05                 	7.0889786189e-01                 	6.1689535014e-01                 
4.3185700000e+01	5.7921513863e+00	1.1853406188e-04                 	8.4395428182e-05                 	3.4138633698e-05                 	7.1199304945e-01                 	6.1397520749e-01                 
4.3553200000e+01	5.7432774658e+00	1.1844801979e-04                 	8.4732744236e-05                 	3.3715275557e-05                 	7.1535804806e-01                 	6.1074737146e-01                 
4.3927000000e+01	5.6944046286e+00	1.1830570625e-04                 	8.4986088362e-05                 	3.3319617886e-05                 	7.1836001033e-01                 	6.0767093692e-01                 
4.4307400000e+01	5.6455154697e+00	1.1814869145e-04                 	8.5131335291e-05                 	3.3017356160e-05                 	7.2054403858e-01                 	6.0508689208e-01                 
4.4694300000e+01	5.5966445861e+00	1.1801382152e-04                 	8.5169807222e-05                 	3.2844014297e-05                 	7.2169349425e-01                 	6.0317592213e-01                 
4.5088100000e+01	5.5477634259e+00	1.1792700777e-04                 	8.5124841601e-05                 	3.2802166166e-05                 	7.2184347940e-01                 	6.0194811025e-01                 
4.5488900000e+01	5.4988824114e+00	1.1789800367e-04                 	8.5028702958e-05                 	3.2869300712e-05                 	7.2120562105e-01                 	6.0128545523e-01                 
4.5896900000e+01	5.4500001552e+00	1.1792348754e-04                 	8.4915131777e-05                 	3.3008355763e-05                 	7.2008667271e-01                 	6.0099121204e-01                 
4.6312200000e+01	5.4011278264e+00	1.1798907264e-04                 	8.4811269637e-05                 	3.3177803002e-05                 	7.1880613806e-01                 	6.0083771094e-01                 
4.6735200000e+01	5.3522422526e+00	1.1807741786e-04                 	8.4735396247e-05                 	3.3342021614e-05                 	7.1762575590e-01                 	6.0063426949e-01                 
4.7165900000e+01	5.3033677323e+00	1.1817300610e-04                 	8.4695987560e-05                 	3.3477018545e-05                 	7.1671179698e-01                 	6.0026839506e-01                 
4.7604700000e+01	5.2544835305e+00	1.1826313599e-04                 	8.4692825806e-05                 	3.3570310188e-05                 	7.1613884660e-01                 	5.9968011275e-01                 
4.8051600000e+01	5.2056146335e+00	1.1833764152e-04                 	8.4710724798e-05                 	3.3626916718e-05                 	7.1583921830e-01                 	5.9889428432e-01                 
4.8507100000e+01	5.1567319449e+00	1.1840254021e-04                 	8.4724931091e-05                 	3.3677609116e-05                 	7.1556683617e-01                 	5.9808428974e-01                 
4.8971300000e+01	5.1078511725e+00	1.1847426489e-04                 	8.4723788919e-05                 	3.3750475973e-05                 	7.1512398913e-01                 	5.9742094366e-01                 
4.9444400000e+01	5.0589776016e+00	1.1857590718e-04                 	8.4706126789e-05                 	3.3869780390e-05                 	7.1436203867e-01                 	5.9702557421e-01                 
4.9926800000e+01	5.0100970245e+00	1.1870621497e-04                 	8.4667787581e-05                 	3.4038427384e-05                 	7.1325488396e-01                 	5.9674465152e-01                 
5.0418700000e+01	4.9612170112e+00	1.1879147601e-04                 	8.4549020065e-05                 	3.4242455944e-05                 	7.1174315620e-01                 	5.9622150324e-01                 
5.0920400000e+01	4.9123359621e+00	1.1878139713e-04                 	8.4317116018e-05                 	3.4464281116e-05                 	7.0985118926e-01                 	5.9545781756e-01                 
5.1432200000e+01	4.8634534809e+00	1.1884493479e-04                 	8.4180196763e-05                 	3.4664738030e-05                 	7.0831960074e-01                 	5.9510630291e-01                 
5.1954300000e+01	4.8145795848e+00	1.1913238992e-04                 	8.4246003662e-05                 	3.4886386253e-05                 	7.0716287755e-01                 	5.9609419802e-01                 
5.2487200000e+01	4.7656973914e+00	1.1955882654e-04                 	8.4408601439e-05                 	3.5150225106e-05                 	7.0600058464e-01                 	5.9740350670e-01                 
5.3031100000e+01	4.7168192273e+00	1.1988162141e-04                 	8.4521594188e-05                 	3.5360027223e-05                 	7.0504213401e-01                 	5.9760445753e-01                 
5.3586400000e+01	4.6679402259e+00	1.1996075779e-04                 	8.4451243279e-05                 	3.5509514513e-05                 	7.0399057853e-01                 	5.9667628689e-01                 
5.4153400000e+01	4.6190656934e+00	1.1984830222e-04                 	8.4208000428e-05                 	3.5640301794e-05                 	7.0262155464e-01                 	5.9476316609e-01                 
5.4732600000e+01	4.5701850839e+00	1.1969283754e-04                 	8.3946648477e-05                 	3.5746189062e-05                 	7.0135064222e-01                 	5.9195528127e-01                 
5.5324300000e+01	4.5213064083e+00	1.1965117475e-04                 	8.3829689613e-05                 	3.5821485133e-05                 	7.0061735533e-01                 	5.8928140483e-01                 
5.5929000000e+01	4.4724223949e+00	1.1982631167e-04                 	8.3885206796e-05                 	3.5941104869e-05                 	7.0005665392e-01                 	5.8839658149e-01                 
5.6547000000e+01	4.4235434616e+00	1.2021933218e-04                 	8.4067461170e-05                 	3.6151871009e-05                 	6.9928404730e-01                 	5.8942052181e-01                 
5.7178800000e+01	4.3746652977e+00	1.2072150895e-04                 	8.4346750401e-05                 	3.6374758554e-05                 	6.9868866892e-01                 	5.9104663941e-01                 
5.7824900000e+01	4.3257854682e+00	1.2111118786e-04                 	8.4584773797e-05                 	3.6526414061e-05                 	6.9840594657e-01                 	5.9206799766e-01                 
5.8485700000e+01	4.2769106315e+00	1.2123769123e-04                 	8.4565215748e-05                 	3.6672475482e-05                 	6.9751588710e-01                 	5.9194434231e-01                 
5.9161800000e+01	4.2280341728e+00	1.2118164667e-04                 	8.4288876796e-05                 	3.6892769871e-05                 	6.9555810731e-01                 	5.8984255298e-01                 
5.9853800000e+01	4.1791517351e+00	1.2111759221e-04                 	8.4026815372e-05                 	3.7090776837e-05                 	6.9376226723e-01                 	5.8558423695e-01                 
6.0562100000e+01	4.1302747448e+00	1.2113044160e-04                 	8.3898573565e-05                 	3.7231868031e-05                 	6.9262996534e-01                 	5.8184983205e-01                 
6.1287400000e+01	4.0813953949e+00	1.2129121597e-04                 	8.3849926956e-05                 	3.7441289011e-05                 	6.9131079516e-01                 	5.8088414024e-01                 
6.2030300000e+01	4.0325149503e+00	1.2163970021e-04                 	8.3963403714e-05                 	3.7676296491e-05                 	6.9026315892e-01                 	5.8154448852e-01                 
6.2791400000e+01	3.9836364872e+00	1.2205400393e-04                 	8.4210601549e-05                 	3.7843402384e-05                 	6.8994542445e-01                 	5.8221695949e-01                 
6.3571400000e+01	3.9347585883e+00	1.2242369640e-04                 	8.4431995453e-05                 	3.7991700945e-05                 	6.8967036560e-01                 	5.8247864669e-01                 
6.4371100000e+01	3.8858759928e+00	1.2273129073e-04                 	8.4567013767e-05                 	3.8164276968e-05                 	6.8904199785e-01                 	5.8212121978e-01                 
6.5191100000e+01	3.8369978743e+00	1.2297958369e-04                 	8.4642322809e-05                 	3.8337260880e-05                 	6.8826320817e-01                 	5.8103835069e-01                 
6.6032300000e+01	3.7881175140e+00	1.2316165197e-04                 	8.4679502554e-05                 	3.8482149420e-05                 	6.8754763513e-01                 	5.7933189021e-01                 
6.6895400000e+01	3.7392423414e+00	1.2326903780e-04                 	8.4677338915e-05                 	3.8591698883e-05                 	6.8693112583e-01                 	5.7715811614e-01                 
6.7781500000e+01	3.6903596427e+00	1.2329662058e-04                 	8.4621760775e-05                 	3.8674859810e-05                 	6.8632668417e-01                 	5.7459008197e-01                 
6.8691300000e+01	3.6414817033e+00	1.2324668691e-04                 	8.4500595121e-05                 	3.8746091794e-05                 	6.8562163605e-01                 	5.7160918022e-01                 
6.9625800000e+01	3.5926066504e+00	1.2314919083e-04                 	8.4328965553e-05                 	3.8820225276e-05                 	6.8477076451e-01                 	5.6815095468e-01                 
7.0586200000e+01	3.5437254325e+00	1.2309239256e-04                 	8.4188784488e-05                 	3.8903608069e-05                 	6.8394790888e-01                 	5.6427382084e-01                 
7.1573400000e+01	3.4948474171e+00	1.2320643795e-04                 	8.4214667795e-05                 	3.8991770157e-05                 	6.8352489687e-01                 	5.6049940373e-01                 
7.2588700000e+01	3.4459648971e+00	1.2357156832e-04                 	8.4466892537e-05                 	3.9104675783e-05                 	6.8354633421e-01                 	5.5794523842e-01                 
7.3633100000e+01	3.3970878874e+00	1.2412877558e-04                 	8.4834924950e-05                 	3.9293850630e-05                 	6.8344285645e-01                 	5.5730824479e-01                 
7.4708000000e+01	3.3482105280e+00	1.2469781818e-04                 	8.5153222422e-05                 	3.9544595755e-05                 	6.8287660255e-01                 	5.5763436709e-01                 
7.5814800000e+01	3.2993308974e+00	1.2509797291e-04                 	8.5325163321e-05                 	3.9772809591e-05                 	6.8206671407e-01                 	5.5729064260e-01                 
7.6954900000e+01	3.2504507461e+00	1.2528293816e-04                 	8.5332622324e-05                 	3.9950315836e-05                 	6.8111926155e-01                 	5.5556165372e-01                 
7.8129800000e+01	3.2015711306e+00	1.2534655180e-04                 	8.5224483015e-05                 	4.0122068785e-05                 	6.7991086943e-01                 	5.5267794739e-01                 
7.9341100000e+01	3.1526927673e+00	1.2540951203e-04                 	8.5084445127e-05                 	4.0325066902e-05                 	6.7845288408e-01                 	5.4906414742e-01                 
8.0590600000e+01	3.1038125057e+00	1.2554340765e-04                 	8.4986613999e-05                 	4.0556793649e-05                 	6.7695003339e-01                 	5.4507255246e-01                 
8.1880000000e+01	3.0549354192e+00	1.2575886390e-04                 	8.4965385448e-05                 	4.0793478455e-05                 	6.7562144576e-01                 	5.4102345576e-01                 
8.3211400000e+01	3.0060558063e+00	1.2603032631e-04                 	8.5018297385e-05                 	4.1012028926e-05                 	6.7458602920e-01                 	5.3729283368e-01                 
8.4586800000e+01	2.9571766768e+00	1.2632085178e-04                 	8.5110218816e-05                 	4.1210632966e-05                 	6.7376223019e-01                 	5.3425971178e-01                 
8.6008400000e+01	2.9082986327e+00	1.2662486143e-04                 	8.5218878717e-05                 	4.1405982717e-05                 	6.7300274016e-01                 	5.3201799171e-01                 
8.7478600000e+01	2.8594206140e+00	1.2696656257e-04                 	8.5376387354e-05                 	4.1590175215e-05                 	6.7243206106e-01                 	5.3009279533e-01                 
8.9000000000e+01	2.8105405856e+00	1.2734818371e-04                 	8.5606704821e-05                 	4.1741478892e-05                 	6.7222556557e-01                 	5.2782705836e-01                 
9.0575200000e+01	2.7616622665e+00	1.2772734988e-04                 	8.5826705135e-05                 	4.1900644749e-05                 	6.7195244568e-01                 	5.2507033115e-01                 
9.2207200000e+01	2.7127828643e+00	1.2805603380e-04                 	8.5904324039e-05                 	4.2151709756e-05                 	6.7083386462e-01                 	5.2196372041e-01                 
9.3899100000e+01	2.6639031910e+00	1.2828184024e-04                 	8.5792084201e-05                 	4.2489756041e-05                 	6.6877809079e-01                 	5.1823292389e-01                 
9.5654200000e+01	2.6150248721e+00	1.2833842130e-04                 	8.5527286516e-05                 	4.2811134780e-05                 	6.6641996724e-01                 	5.1330449333e-01                 
9.7476200000e+01	2.5661455014e+00	1.2819680883e-04                 	8.5160199663e-05                 	4.3036609167e-05                 	6.6429266407e-01                 	5.0688231786e-01                 
9.9368900000e+01	2.5172675970e+00	1.2793295503e-04                 	8.4746870701e-05                 	4.3186084332e-05                 	6.6243190176e-01                 	4.9907721518e-01                 
1.0133700000e+02	2.4683788954e+00	1.2775203464e-04                 	8.4407933914e-05                 	4.3344100728e-05                 	6.6071694396e-01                 	4.9028225588e-01                 
1.0338400000e+02	2.4195050697e+00	1.2792299036e-04                 	8.4356203547e-05                 	4.3566786810e-05                 	6.5942957799e-01                 	4.8110415170e-01                 
1.0551500000e+02	2.3706403082e+00	1.2861710394e-04                 	8.4788264200e-05                 	4.3828839737e-05                 	6.5923008375e-01                 	4.7247978030e-01                 
1.0773700000e+02	2.3217475159e+00	1.2976482773e-04                 	8.5674058971e-05                 	4.4090768756e-05                 	6.6022558248e-01                 	4.6571295233e-01                 
1.1005400000e+02	2.2728670664e+00	1.3106822842e-04                 	8.6667621558e-05                 	4.4400606866e-05                 	6.6124050504e-01                 	4.6175275234e-01                 
1.1247300000e+02	2.2239836416e+00	1.3217236442e-04                 	8.7351214137e-05                 	4.4821150288e-05                 	6.6088863975e-01                 	4.5993358947e-01                 
1.1500000000e+02	2.1751140185e+00	1.3282155522e-04                 	8.7522988650e-05                 	4.5298566570e-05                 	6.5895169278e-01                 	4.5795220347e-01                 
1.1764400000e+02	2.1262292350e+00	1.3299564335e-04                 	8.7236856172e-05                 	4.5758787182e-05                 	6.5593769820e-01                 	4.5379232255e-01                 
1.2041200000e+02	2.0773520257e+00	1.3293993962e-04                 	8.6688986775e-05                 	4.6250952849e-05                 	6.5209136562e-01                 	4.4721553950e-01                 
1.2331300000e+02	2.0284812803e+00	1.3297850882e-04                 	8.6126182307e-05                 	4.6852326515e-05                 	6.4766993607e-01                 	4.3919715462e-01                 
1.2635800000e+02	1.9795985385e+00	1.3325703998e-04                 	8.5742566303e-05                 	4.7514473677e-05                 	6.4343742226e-01                 	4.3069241513e-01                 
1.2955700000e+02	1.9307186190e+00	1.3367073943e-04                 	8.5575964293e-05                 	4.8094775140e-05                 	6.4019967763e-01                 	4.2210173179e-01                 
1.3292200000e+02	1.8818413214e+00	1.3400446009e-04                 	8.5509102160e-05                 	4.8495357934e-05                 	6.3810638915e-01                 	4.1324700963e-01                 
1.3646700000e+02	1.8329567743e+00	1.3410642587e-04                 	8.5396234351e-05                 	4.8710191517e-05                 	6.3677958605e-01                 	4.0347460895e-01                 
1.4020500000e+02	1.7840883857e+00	1.3396460923e-04                 	8.5178868422e-05                 	4.8785740808e-05                 	6.3583112668e-01                 	3.9181875592e-01                 
1.4415500000e+02	1.7352024704e+00	1.3376436994e-04                 	8.4894369830e-05                 	4.8870000114e-05                 	6.3465607371e-01                 	3.7779902874e-01                 
1.4833300000e+02	1.6863281409e+00	1.3373452143e-04                 	8.4799818714e-05                 	4.8934702718e-05                 	6.3409071798e-01                 	3.6020628458e-01                 
1.5276100000e+02	1.6374474645e+00	1.3380296013e-04                 	8.4842237217e-05                 	4.8960722909e-05                 	6.3408340994e-01                 	3.3827634763e-01                 
1.5746200000e+02	1.5885617617e+00	1.3402239695e-04                 	8.4950644066e-05                 	4.9071752888e-05                 	6.3385408705e-01                 	3.1319695160e-01                 
1.6246000000e+02	1.5396904599e+00	1.3433294326e-04                 	8.4989299168e-05                 	4.9343644095e-05                 	6.3267652077e-01                 	2.8611216370e-01                 
1.6778700000e+02	1.4908074650e+00	1.3466173986e-04                 	8.4890694137e-05                 	4.9771045721e-05                 	6.3039950491e-01                 	2.5761650463e-01                 
1.7347500000e+02	1.4419259958e+00	1.3500651558e-04                 	8.4711972177e-05                 	5.0294543403e-05                 	6.2746580647e-01                 	2.2783067402e-01                 
1.7956100000e+02	1.3930536816e+00	1.3553957831e-04                 	8.4625159474e-05                 	5.0914418835e-05                 	6.2435755319e-01                 	1.9700303978e-01                 
1.8609100000e+02	1.3441709278e+00	1.3660298457e-04                 	8.4869025220e-05                 	5.1733959346e-05                 	6.2128236429e-01                 	1.6594020503e-01                 
1.9311300000e+02	1.2952940098e+00	1.3851008217e-04                 	8.5673000855e-05                 	5.2837081320e-05                 	6.1853259712e-01                 	1.3575685891e-01                 
2.0068600000e+02	1.2464153559e+00	1.4126851105e-04                 	8.7111530912e-05                 	5.4156980139e-05                 	6.1663799147e-01                 	1.0722883426e-01                 
2.0887800000e+02	1.1975321102e+00	1.4441212249e-04                 	8.8906541425e-05                 	5.5505581068e-05                 	6.1564458641e-01                 	8.0586577947e-02                 
2.1776600000e+02	1.1486554932e+00	1.4707804198e-04                 	9.0343705497e-05                 	5.6734336485e-05                 	6.1425692292e-01                 	5.5754002382e-02                 
2.2744400000e+02	1.0997789000e+00	1.4836374171e-04                 	9.0552377983e-05                 	5.7811363726e-05                 	6.1034034960e-01                 	3.2532116638e-02                 
2.3802300000e+02	1.0508989136e+00	1.4768295846e-04                 	8.8964589898e-05                 	5.8718368563e-05                 	6.0240254410e-01                 	1.0543131556e-02                 
2.4963400000e+02	1.0020194049e+00	1.4490181971e-04                 	8.5525280437e-05                 	5.9376539271e-05                 	5.9022916765e-01                 	-1.0656946065e-02                
2.6243600000e+02	9.5313947828e-01	1.4022118582e-04                 	8.0547818128e-05                 	5.9673367691e-05                 	5.7443401051e-01                 	-3.1250792509e-02                
2.7662200000e+02	9.0425964718e-01	1.3389138613e-04                 	7.4419061112e-05                 	5.9472325015e-05                 	5.5581664560e-01                 	-5.1012531796e-02                
2.9242900000e+02	8.5538066376e-01	1.2595796931e-04                 	6.7385903229e-05                 	5.8572066085e-05                 	5.3498721515e-01                 	-6.9516318051e-02                
3.1015100000e+02	8.0650429024e-01	1.1625637740e-04                 	5.9531284309e-05                 	5.6725093090e-05                 	5.1206897755e-01                 	-8.6399402895e-02                
3.3016100000e+02	7.5762465016e-01	1.0470993195e-04                 	5.0931587534e-05                 	5.3778344413e-05                 	4.8640646199e-01                 	-1.0137447554e-01                
3.5293100000e+02	7.0874508650e-01	9.1705538990e-05                 	4.1871285514e-05                 	4.9834253476e-05                 	4.5658404034e-01                 	-1.1406256118e-01                
3.7907400000e+02	6.5986617949e-01	7.8124592318e-05                 	3.2908566020e-05                 	4.5216026298e-05                 	4.2123184318e-01                 	-1.2393831037e-01                
4.0940000000e+02	6.1098708384e-01	6.4969586763e-05                 	2.4687231014e-05                 	4.0282355750e-05                 	3.7998134579e-01                 	-1.3051701781e-01                
4.4500000000e+02	5.6210811713e-01	5.2947353453e-05                 	1.7689569706e-05                 	3.5257783747e-05                 	3.3409733542e-01                 	-1.3359437754e-01                
4.8738100000e+02	5.1322910028e-01	4.2350082730e-05                 	1.2116887265e-05                 	3.0233195465e-05                 	2.8611248158e-01                 	-1.3344720775e-01                
