#wavelengths (mu)	size parameter  	extinction cross section (cm^2)  	scattering cross section (cm^2)  	absorption cross section (cm^2)  	single scattering albedo         	asymmetry parameter              
1.6530000000e-02	1.2020155413e+01	4.4382724825e-11                 	1.8493527835e-11                 	2.5889196990e-11                 	4.1668302043e-01                 	9.7349157319e-01                 
1.6750000000e-02	1.1862278744e+01	4.3910035882e-11                 	1.8074488758e-11                 	2.5835547124e-11                 	4.1162546091e-01                 	9.7316926174e-01                 
1.6980000000e-02	1.1701600057e+01	4.3045535306e-11                 	1.7357042529e-11                 	2.5688492777e-11                 	4.0322515228e-01                 	9.7300976965e-01                 
1.7220000000e-02	1.1538511555e+01	4.2704590141e-11                 	1.7115391979e-11                 	2.5589198162e-11                 	4.0078576852e-01                 	9.7256758609e-01                 
1.7710000000e-02	1.1219264199e+01	4.3489154315e-11                 	1.7555360823e-11                 	2.5933793493e-11                 	4.0367215916e-01                 	9.7099278089e-01                 
1.8230000000e-02	1.0899241304e+01	4.3480011192e-11                 	1.7398645588e-11                 	2.6081365604e-11                 	4.0015273941e-01                 	9.6967883172e-01                 
1.8790000000e-02	1.0574410270e+01	4.1848607459e-11                 	1.5880757969e-11                 	2.5967849489e-11                 	3.7948115681e-01                 	9.6912443812e-01                 
1.9070000000e-02	1.0419148871e+01	4.0330281757e-11                 	1.4696472011e-11                 	2.5633809746e-11                 	3.6440290944e-01                 	9.6912038347e-01                 
1.9370000000e-02	1.0257778470e+01	3.7218131819e-11                 	1.2901717813e-11                 	2.4316414006e-11                 	3.4665140841e-01                 	9.6942181769e-01                 
1.9680000000e-02	1.0096197610e+01	3.6432267552e-11                 	1.2374605089e-11                 	2.4057662463e-11                 	3.3966057895e-01                 	9.6890717126e-01                 
2.0000000000e-02	9.9346584484e+00	3.6916528815e-11                 	1.3007702344e-11                 	2.3908826472e-11                 	3.5235442662e-01                 	9.6783608626e-01                 
2.0330000000e-02	9.7733973915e+00	3.8644883215e-11                 	1.4751559192e-11                 	2.3893324023e-11                 	3.8172088941e-01                 	9.6617535532e-01                 
2.0660000000e-02	9.6172879462e+00	4.0965714180e-11                 	1.7033601261e-11                 	2.3932112919e-11                 	4.1580139885e-01                 	9.6406578811e-01                 
2.1010000000e-02	9.4570761051e+00	4.4442591500e-11                 	1.9815175733e-11                 	2.4627415767e-11                 	4.4586004245e-01                 	9.6091894702e-01                 
2.1380000000e-02	9.2934129546e+00	4.8773601401e-11                 	2.1352293957e-11                 	2.7421307444e-11                 	4.3778382862e-01                 	9.5669241427e-01                 
2.1750000000e-02	9.1353181135e+00	4.7162363952e-11                 	1.8632817889e-11                 	2.8529546062e-11                 	3.9507811586e-01                 	9.5832010755e-01                 
2.2140000000e-02	8.9743978757e+00	4.4185017314e-11                 	1.6284072012e-11                 	2.7900945302e-11                 	3.6854284556e-01                 	9.5959154094e-01                 
2.2540000000e-02	8.8151361566e+00	4.3798847794e-11                 	1.6004288519e-11                 	2.7794559276e-11                 	3.6540432739e-01                 	9.5869423285e-01                 
2.2750000000e-02	8.7337656690e+00	4.3360452655e-11                 	1.5671134535e-11                 	2.7689318120e-11                 	3.6141538142e-01                 	9.5839381228e-01                 
2.2960000000e-02	8.6538836659e+00	4.3532629989e-11                 	1.5702773872e-11                 	2.7829856117e-11                 	3.6071273148e-01                 	9.5778213765e-01                 
2.3390000000e-02	8.4947913197e+00	4.3551345157e-11                 	1.5300087314e-11                 	2.8251257843e-11                 	3.5131147520e-01                 	9.5709612600e-01                 
2.3840000000e-02	8.3344450071e+00	3.9781170451e-11                 	1.2667491176e-11                 	2.7113679275e-11                 	3.1842932303e-01                 	9.5802316323e-01                 
2.4070000000e-02	8.2548055243e+00	3.6535934352e-11                 	1.0982139555e-11                 	2.5553794797e-11                 	3.0058460936e-01                 	9.5828257653e-01                 
2.4310000000e-02	8.1733101180e+00	3.5752066585e-11                 	1.0960579454e-11                 	2.4791487132e-11                 	3.0657191319e-01                 	9.5748991779e-01                 
2.4800000000e-02	8.0118213294e+00	3.7025327441e-11                 	1.2055578008e-11                 	2.4969749433e-11                 	3.2560354874e-01                 	9.5540475963e-01                 
2.5300000000e-02	7.8534849395e+00	3.6498671006e-11                 	1.1914824110e-11                 	2.4583846896e-11                 	3.2644542339e-01                 	9.5412270173e-01                 
2.5830000000e-02	7.6923410364e+00	3.6825535967e-11                 	1.2324512512e-11                 	2.4501023455e-11                 	3.3467299764e-01                 	9.5231079637e-01                 
2.6380000000e-02	7.5319624325e+00	3.6459589316e-11                 	1.2416938538e-11                 	2.4042650778e-11                 	3.4056715314e-01                 	9.5060681411e-01                 
2.6950000000e-02	7.3726593309e+00	3.7830728837e-11                 	1.3457186896e-11                 	2.4373541941e-11                 	3.5572105825e-01                 	9.4797205814e-01                 
2.7550000000e-02	7.2120932475e+00	3.7118156342e-11                 	1.3255436213e-11                 	2.3862720129e-11                 	3.5711461773e-01                 	9.4624665233e-01                 
2.8180000000e-02	7.0508576639e+00	3.8648237956e-11                 	1.4578078659e-11                 	2.4070159297e-11                 	3.7719905046e-01                 	9.4308418197e-01                 
2.8830000000e-02	6.8918893156e+00	4.0081029644e-11                 	1.5353330511e-11                 	2.4727699133e-11                 	3.8305728787e-01                 	9.4019770592e-01                 
2.9520000000e-02	6.7307984068e+00	4.0178867231e-11                 	1.5389161881e-11                 	2.4789705349e-11                 	3.8301632032e-01                 	9.3796656013e-01                 
3.0240000000e-02	6.5705413019e+00	4.1210419268e-11                 	1.6113794309e-11                 	2.5096624959e-11                 	3.9101262727e-01                 	9.3483816195e-01                 
3.1000000000e-02	6.4094570635e+00	4.2367350403e-11                 	1.6662566353e-11                 	2.5704784050e-11                 	3.9328790198e-01                 	9.3153624064e-01                 
3.1790000000e-02	6.2501783255e+00	4.2587608570e-11                 	1.6533926152e-11                 	2.6053682418e-11                 	3.8823326097e-01                 	9.2892507067e-01                 
3.2630000000e-02	6.0892788529e+00	4.2605103580e-11                 	1.6438669925e-11                 	2.6166433655e-11                 	3.8583804625e-01                 	9.2606374553e-01                 
3.3510000000e-02	5.9293694112e+00	4.2847169757e-11                 	1.6561669931e-11                 	2.6285499826e-11                 	3.8652891252e-01                 	9.2266000722e-01                 
3.4440000000e-02	5.7692557773e+00	4.2629958835e-11                 	1.6457748560e-11                 	2.6172210275e-11                 	3.8606062519e-01                 	9.1934316401e-01                 
3.4930000000e-02	5.6883243335e+00	4.3019279746e-11                 	1.6890302485e-11                 	2.6128977261e-11                 	3.9262169392e-01                 	9.1683114986e-01                 
3.5420000000e-02	5.6096320996e+00	4.4238100764e-11                 	1.7639590417e-11                 	2.6598510347e-11                 	3.9874203712e-01                 	9.1374902438e-01                 
3.6470000000e-02	5.4481263770e+00	4.4851510556e-11                 	1.7532320419e-11                 	2.7319190137e-11                 	3.9089698879e-01                 	9.0998633030e-01                 
3.7570000000e-02	5.2886124293e+00	4.4436203299e-11                 	1.6864306485e-11                 	2.7571896814e-11                 	3.7951726820e-01                 	9.0710883811e-01                 
3.8750000000e-02	5.1275656508e+00	4.3183962626e-11                 	1.5833658523e-11                 	2.7350304103e-11                 	3.6665598893e-01                 	9.0452413180e-01                 
3.9360000000e-02	5.0480988051e+00	4.2033969572e-11                 	1.5173258694e-11                 	2.6860710878e-11                 	3.6097610690e-01                 	9.0329516299e-01                 
3.9990000000e-02	4.9685713671e+00	4.0856576940e-11                 	1.4701720323e-11                 	2.6154856617e-11                 	3.5983729974e-01                 	9.0162132041e-01                 
4.0650000000e-02	4.8879008356e+00	3.9698038776e-11                 	1.4480812051e-11                 	2.5217226725e-11                 	3.6477399131e-01                 	8.9943435130e-01                 
4.1330000000e-02	4.8074804977e+00	3.9583454320e-11                 	1.5104300764e-11                 	2.4479153557e-11                 	3.8158116877e-01                 	8.9585900570e-01                 
4.2750000000e-02	4.6477934262e+00	4.0192948623e-11                 	1.6625950491e-11                 	2.3566998132e-11                 	4.1365341585e-01                 	8.8756352248e-01                 
4.4280000000e-02	4.4871989379e+00	4.1412594121e-11                 	1.8939767558e-11                 	2.2472826563e-11                 	4.5734318170e-01                 	8.7652014515e-01                 
4.5090000000e-02	4.4065905737e+00	4.3038713961e-11                 	2.0996433010e-11                 	2.2042280951e-11                 	4.8784991644e-01                 	8.6855850079e-01                 
4.5920000000e-02	4.3269418329e+00	4.5083585999e-11                 	2.3124547131e-11                 	2.1959038868e-11                 	5.1292608204e-01                 	8.5974996421e-01                 
4.6790000000e-02	4.2464879027e+00	4.7332813500e-11                 	2.5276132098e-11                 	2.2056681402e-11                 	5.3400865549e-01                 	8.4989520552e-01                 
4.7690000000e-02	4.1663486888e+00	4.9875885437e-11                 	2.7452115470e-11                 	2.2423769967e-11                 	5.5040858381e-01                 	8.3831858527e-01                 
4.8620000000e-02	4.0866550590e+00	5.2646097301e-11                 	2.9337351408e-11                 	2.3308745893e-11                 	5.5725595842e-01                 	8.2483421855e-01                 
4.9590000000e-02	4.0067184708e+00	5.4889819359e-11                 	3.0194822077e-11                 	2.4694997282e-11                 	5.5009876930e-01                 	8.1310752814e-01                 
4.9790000000e-02	3.9906240002e+00	5.5371728106e-11                 	3.0307586264e-11                 	2.5064141842e-11                 	5.4734766821e-01                 	8.1082993346e-01                 
4.9990000000e-02	3.9746583110e+00	5.5829379517e-11                 	3.0320016987e-11                 	2.5509362531e-11                 	5.4308353861e-01                 	8.0896753821e-01                 
5.0610000000e-02	3.9259665870e+00	5.5862440246e-11                 	2.9395620988e-11                 	2.6466819258e-11                 	5.2621440916e-01                 	8.0899205266e-01                 
5.1020000000e-02	3.8944172671e+00	5.5640313170e-11                 	2.9064835584e-11                 	2.6575477586e-11                 	5.2237009335e-01                 	8.0834624507e-01                 
5.1450000000e-02	3.8618691734e+00	5.5939950156e-11                 	2.9436053330e-11                 	2.6503896826e-11                 	5.2620807219e-01                 	8.0438095976e-01                 
5.1660000000e-02	3.8461705182e+00	5.6162012546e-11                 	2.9644227166e-11                 	2.6517785381e-11                 	5.2783413239e-01                 	8.0223893697e-01                 
5.1880000000e-02	3.8298606201e+00	5.6416445305e-11                 	2.9762370042e-11                 	2.6654075262e-11                 	5.2754777231e-01                 	8.0036093257e-01                 
5.2310000000e-02	3.7983783018e+00	5.6554548632e-11                 	2.9743369926e-11                 	2.6811178706e-11                 	5.2592356663e-01                 	7.9806186759e-01                 
5.2760000000e-02	3.7659812162e+00	5.6728642444e-11                 	3.0064083621e-11                 	2.6664558824e-11                 	5.2996303675e-01                 	7.9418983553e-01                 
5.3210000000e-02	3.7341320986e+00	5.7119367114e-11                 	3.0596530087e-11                 	2.6522837027e-11                 	5.3565947302e-01                 	7.8915765123e-01                 
5.3910000000e-02	3.6856458722e+00	5.8034162363e-11                 	3.1748186384e-11                 	2.6285975978e-11                 	5.4706030193e-01                 	7.7938328005e-01                 
5.4620000000e-02	3.6377365245e+00	5.9061841296e-11                 	3.3017690648e-11                 	2.6044150648e-11                 	5.5903591767e-01                 	7.6853741859e-01                 
5.5100000000e-02	3.6060466238e+00	6.0084742030e-11                 	3.4290596252e-11                 	2.5794145778e-11                 	5.7070389409e-01                 	7.5859091481e-01                 
5.5850000000e-02	3.5576216467e+00	6.2104472454e-11                 	3.6430588009e-11                 	2.5673884444e-11                 	5.8660168214e-01                 	7.4146207231e-01                 
5.6360000000e-02	3.5254288320e+00	6.3818886589e-11                 	3.7953627894e-11                 	2.5865258695e-11                 	5.9470839939e-01                 	7.2922574262e-01                 
5.6870000000e-02	3.4938134160e+00	6.5527421580e-11                 	3.9022938329e-11                 	2.6504483251e-11                 	5.9552073602e-01                 	7.2022820843e-01                 
5.7400000000e-02	3.4615534664e+00	6.5280024760e-11                 	3.8931298323e-11                 	2.6348726437e-11                 	5.9637382900e-01                 	7.1817832515e-01                 
5.7670000000e-02	3.4453471297e+00	6.8142597876e-11                 	4.0330123359e-11                 	2.7812474517e-11                 	5.9184892587e-01                 	7.0987466624e-01                 
5.7940000000e-02	3.4292918358e+00	6.9118898271e-11                 	4.0734190247e-11                 	2.8384708024e-11                 	5.8933506271e-01                 	7.0714225886e-01                 
5.8210000000e-02	3.4133854831e+00	7.0081891724e-11                 	4.0980016020e-11                 	2.9101875704e-11                 	5.8474471810e-01                 	7.0572076605e-01                 
5.8480000000e-02	3.3976260084e+00	7.0997372349e-11                 	4.1019520945e-11                 	2.9977851404e-11                 	5.7776111408e-01                 	7.0589355091e-01                 
5.8760000000e-02	3.3814358232e+00	7.1807300641e-11                 	4.0925675877e-11                 	3.0881624764e-11                 	5.6993753437e-01                 	7.0696463884e-01                 
5.9040000000e-02	3.3653992034e+00	7.2577917031e-11                 	4.0655954358e-11                 	3.1921962672e-11                 	5.6016975992e-01                 	7.0938429913e-01                 
5.9320000000e-02	3.3495139745e+00	7.2707557657e-11                 	3.9735836385e-11                 	3.2971721271e-11                 	5.4651590104e-01                 	7.1522002322e-01                 
5.9610000000e-02	3.3332187379e+00	7.2485976061e-11                 	3.8923945103e-11                 	3.3562030958e-11                 	5.3698587256e-01                 	7.1943826495e-01                 
5.9900000000e-02	3.3170812850e+00	7.2535447119e-11                 	3.8526581607e-11                 	3.4008865512e-11                 	5.3114143688e-01                 	7.2125867334e-01                 
6.0190000000e-02	3.3010993349e+00	7.1920287143e-11                 	3.7566859157e-11                 	3.4353427985e-11                 	5.2234022763e-01                 	7.2561446330e-01                 
6.0480000000e-02	3.2852706509e+00	7.1642685266e-11                 	3.7399785858e-11                 	3.4242899408e-11                 	5.2203216168e-01                 	7.2488097000e-01                 
6.0780000000e-02	3.2690550999e+00	7.1616726884e-11                 	3.7444824731e-11                 	3.4171902153e-11                 	5.2285026642e-01                 	7.2315055676e-01                 
6.1080000000e-02	3.2529988371e+00	7.1728962448e-11                 	3.7702059030e-11                 	3.4026903418e-11                 	5.2561835197e-01                 	7.2019525214e-01                 
6.1380000000e-02	3.2370995270e+00	7.2101349733e-11                 	3.8207954616e-11                 	3.3893395117e-11                 	5.2992010215e-01                 	7.1607140698e-01                 
6.1990000000e-02	3.2052455068e+00	7.3598071041e-11                 	3.9753795202e-11                 	3.3844275839e-11                 	5.4014724354e-01                 	7.0590455133e-01                 
6.2300000000e-02	3.1892964521e+00	7.5001341964e-11                 	4.0950172935e-11                 	3.4051169029e-11                 	5.4599253644e-01                 	6.9958124095e-01                 
6.2620000000e-02	3.1729985463e+00	7.6352201828e-11                 	4.1640325019e-11                 	3.4711876809e-11                 	5.4537163333e-01                 	6.9695054974e-01                 
6.2940000000e-02	3.1568663643e+00	7.7396724118e-11                 	4.1935136309e-11                 	3.5461587809e-11                 	5.4182055877e-01                 	6.9648428501e-01                 
6.3260000000e-02	3.1408973912e+00	7.8315686247e-11                 	4.2140679021e-11                 	3.6175007226e-11                 	5.3808733652e-01                 	6.9640566056e-01                 
6.3580000000e-02	3.1250891628e+00	7.9102787985e-11                 	4.2203763749e-11                 	3.6899024236e-11                 	5.3353067349e-01                 	6.9705803747e-01                 
6.3910000000e-02	3.1089527299e+00	7.9801019329e-11                 	4.2187172006e-11                 	3.7613847323e-11                 	5.2865455054e-01                 	6.9805614639e-01                 
6.4240000000e-02	3.0929820823e+00	8.0480165014e-11                 	4.2073628796e-11                 	3.8406536219e-11                 	5.2278258609e-01                 	6.9980190524e-01                 
6.4580000000e-02	3.0766981878e+00	7.9949464548e-11                 	4.0929565538e-11                 	3.9019899009e-11                 	5.1194296009e-01                 	7.0544521438e-01                 
6.4910000000e-02	3.0610563699e+00	8.0370168011e-11                 	4.1148477919e-11                 	3.9221690092e-11                 	5.1198695905e-01                 	7.0382581191e-01                 
6.5080000000e-02	3.0530603714e+00	8.0352814488e-11                 	4.0885617668e-11                 	3.9467196820e-11                 	5.0882620513e-01                 	7.0513479140e-01                 
6.5250000000e-02	3.0451060378e+00	8.0345294498e-11                 	4.0742810525e-11                 	3.9602483973e-11                 	5.0709641155e-01                 	7.0553481507e-01                 
6.5600000000e-02	3.0288592831e+00	8.0566138196e-11                 	4.0710982348e-11                 	3.9855155848e-11                 	5.0531132880e-01                 	7.0512910402e-01                 
6.5950000000e-02	3.0127849730e+00	8.0900910359e-11                 	4.0764105846e-11                 	4.0136804513e-11                 	5.0387697326e-01                 	7.0447561836e-01                 
6.6300000000e-02	2.9968803766e+00	8.1309317760e-11                 	4.0871004966e-11                 	4.0438312794e-11                 	5.0266077852e-01                 	7.0368441675e-01                 
6.6660000000e-02	2.9806956041e+00	8.1824090679e-11                 	4.1030634703e-11                 	4.0793455975e-11                 	5.0144932089e-01                 	7.0285812506e-01                 
6.7020000000e-02	2.9646847056e+00	8.2293063875e-11                 	4.1121159138e-11                 	4.1171904738e-11                 	4.9969167754e-01                 	7.0245944094e-01                 
6.7570000000e-02	2.9405530408e+00	8.2788030406e-11                 	4.1070768703e-11                 	4.1717261703e-11                 	4.9609549232e-01                 	7.0260997099e-01                 
6.8120000000e-02	2.9168110536e+00	8.3176676689e-11                 	4.0963621653e-11                 	4.2213055036e-11                 	4.9248928045e-01                 	7.0289246237e-01                 
6.8500000000e-02	2.9006302039e+00	8.3427137905e-11                 	4.0931358630e-11                 	4.2495779276e-11                 	4.9062403023e-01                 	7.0268781115e-01                 
6.8880000000e-02	2.8846278886e+00	8.3746033994e-11                 	4.0972497040e-11                 	4.2773536954e-11                 	4.8924701369e-01                 	7.0217299129e-01                 
6.9260000000e-02	2.8688011691e+00	8.4129755635e-11                 	4.1074727116e-11                 	4.3055028519e-11                 	4.8823067185e-01                 	7.0144513799e-01                 
6.9650000000e-02	2.8527375301e+00	8.4639652711e-11                 	4.1277757314e-11                 	4.3361895397e-11                 	4.8768816969e-01                 	7.0040555299e-01                 
7.0050000000e-02	2.8364478083e+00	8.5139930169e-11                 	4.1445984675e-11                 	4.3693945494e-11                 	4.8679843397e-01                 	6.9966316422e-01                 
7.0250000000e-02	2.8283725120e+00	8.5463606682e-11                 	4.1581807120e-11                 	4.3881799561e-11                 	4.8654402423e-01                 	6.9921756357e-01                 
7.0450000000e-02	2.8203430656e+00	8.5723596271e-11                 	4.1628517522e-11                 	4.4095078748e-11                 	4.8561328891e-01                 	6.9933483346e-01                 
7.0850000000e-02	2.8044201689e+00	8.5555997951e-11                 	4.1091306246e-11                 	4.4464691705e-11                 	4.8028551160e-01                 	7.0213107991e-01                 
7.1260000000e-02	2.7882847175e+00	8.5838601509e-11                 	4.1082657489e-11                 	4.4755944020e-11                 	4.7860352763e-01                 	7.0219263095e-01                 
7.1670000000e-02	2.7723338771e+00	8.5804762657e-11                 	4.0695784603e-11                 	4.5108978055e-11                 	4.7428351693e-01                 	7.0456686602e-01                 
7.2080000000e-02	2.7565644973e+00	8.5186827820e-11                 	3.9797574709e-11                 	4.5389253111e-11                 	4.6717991182e-01                 	7.0902257667e-01                 
7.2510000000e-02	2.7402174730e+00	8.4823991144e-11                 	3.9246980412e-11                 	4.5577010732e-11                 	4.6268726433e-01                 	7.1114181880e-01                 
7.2930000000e-02	2.7244367060e+00	8.4409105274e-11                 	3.8674187625e-11                 	4.5734917649e-11                 	4.5817554279e-01                 	7.1327208390e-01                 
7.3150000000e-02	2.7162429114e+00	8.4470814505e-11                 	3.8663194312e-11                 	4.5807620194e-11                 	4.5771068431e-01                 	7.1285964434e-01                 
7.3360000000e-02	2.7084674069e+00	8.4590055901e-11                 	3.8665023437e-11                 	4.5925032464e-11                 	4.5708710114e-01                 	7.1294710586e-01                 
7.3800000000e-02	2.6923193627e+00	8.4362106208e-11                 	3.8201251976e-11                 	4.6160854232e-11                 	4.5282477753e-01                 	7.1563437724e-01                 
7.4240000000e-02	2.6763627286e+00	8.3930022388e-11                 	3.7565302160e-11                 	4.6364720228e-11                 	4.4757884117e-01                 	7.1928907566e-01                 
7.4690000000e-02	2.6602379029e+00	8.2747457369e-11                 	3.6322114507e-11                 	4.6425342862e-11                 	4.3895142717e-01                 	7.2502404495e-01                 
7.5140000000e-02	2.6443062147e+00	8.2312342736e-11                 	3.5842359830e-11                 	4.6469982906e-11                 	4.3544332039e-01                 	7.2608135152e-01                 
7.5600000000e-02	2.6282165208e+00	8.1137073185e-11                 	3.4708157137e-11                 	4.6428916048e-11                 	4.2777186525e-01                 	7.3078158079e-01                 
7.6060000000e-02	2.6123214432e+00	8.0058392037e-11                 	3.3748008176e-11                 	4.6310383861e-11                 	4.2154241820e-01                 	7.3328246311e-01                 
7.6530000000e-02	2.5962781781e+00	7.7547627345e-11                 	3.1738019219e-11                 	4.5809608126e-11                 	4.0927131242e-01                 	7.3789910752e-01                 
7.7010000000e-02	2.5800956885e+00	7.5807880731e-11                 	3.0488420033e-11                 	4.5319460698e-11                 	4.0218008655e-01                 	7.3551957355e-01                 
7.7490000000e-02	2.5641136788e+00	7.5604475309e-11                 	3.0417019898e-11                 	4.5187455411e-11                 	4.0231771696e-01                 	7.3015072166e-01                 
7.7980000000e-02	2.5480016539e+00	7.5226429602e-11                 	3.0158647506e-11                 	4.5067782096e-11                 	4.0090494346e-01                 	7.2707538071e-01                 
7.8470000000e-02	2.5320908496e+00	7.5035920495e-11                 	3.0073510584e-11                 	4.4962409911e-11                 	4.0078818765e-01                 	7.2304270480e-01                 
7.8970000000e-02	2.5160588701e+00	7.5639770093e-11                 	3.0575121558e-11                 	4.5064648535e-11                 	4.0422018100e-01                 	7.1762243679e-01                 
7.9990000000e-02	2.4839751090e+00	7.5829690105e-11                 	3.0682329943e-11                 	4.5147360162e-11                 	4.0462159215e-01                 	7.1164402053e-01                 
8.0510000000e-02	2.4679315485e+00	7.6221099082e-11                 	3.0988942363e-11                 	4.5232156719e-11                 	4.0656645910e-01                 	7.0746569062e-01                 
8.1040000000e-02	2.4517913249e+00	7.6460094519e-11                 	3.1160595954e-11                 	4.5299498565e-11                 	4.0754064130e-01                 	7.0395400985e-01                 
8.1570000000e-02	2.4358608431e+00	7.7163496221e-11                 	3.1695954105e-11                 	4.5467542116e-11                 	4.1076358197e-01                 	6.9929520087e-01                 
8.2110000000e-02	2.4198412979e+00	7.7839784316e-11                 	3.2135540636e-11                 	4.5704243679e-11                 	4.1284210791e-01                 	6.9594042705e-01                 
8.2660000000e-02	2.4037402488e+00	7.8129573025e-11                 	3.2261854828e-11                 	4.5867718197e-11                 	4.1292757120e-01                 	6.9369637211e-01                 
8.3210000000e-02	2.3878520487e+00	7.8185493063e-11                 	3.2233460103e-11                 	4.5952032960e-11                 	4.1226906476e-01                 	6.9155637208e-01                 
8.3770000000e-02	2.3718893276e+00	7.8488926294e-11                 	3.2413754211e-11                 	4.6075172083e-11                 	4.1297232286e-01                 	6.8851818447e-01                 
8.4340000000e-02	2.3558592479e+00	7.8239679264e-11                 	3.2150026273e-11                 	4.6089652991e-11                 	4.1091715324e-01                 	6.8694412900e-01                 
8.4920000000e-02	2.3397688291e+00	7.8180520854e-11                 	3.2106472852e-11                 	4.6074048002e-11                 	4.1067100220e-01                 	6.8363750017e-01                 
8.5510000000e-02	2.3236249441e+00	7.8420994173e-11                 	3.2340046483e-11                 	4.6080947690e-11                 	4.1239016189e-01                 	6.7892583090e-01                 
8.6100000000e-02	2.3077023109e+00	7.9058051041e-11                 	3.2825496619e-11                 	4.6232554422e-11                 	4.1520751128e-01                 	6.7431014716e-01                 
8.6700000000e-02	2.2917320527e+00	7.9738406479e-11                 	3.3348246066e-11                 	4.6390160414e-11                 	4.1822062339e-01                 	6.6956949470e-01                 
8.7310000000e-02	2.2757206387e+00	8.0277935581e-11                 	3.3748783749e-11                 	4.6529151832e-11                 	4.2039924800e-01                 	6.6532916573e-01                 
8.7930000000e-02	2.2596743884e+00	8.0523289934e-11                 	3.3954443836e-11                 	4.6568846098e-11                 	4.2167233683e-01                 	6.6119683967e-01                 
8.8560000000e-02	2.2435994689e+00	8.0983384025e-11                 	3.4455831152e-11                 	4.6527552873e-11                 	4.2546791008e-01                 	6.5493935841e-01                 
8.9200000000e-02	2.2275018943e+00	8.2639248799e-11                 	3.6068908929e-11                 	4.6570339870e-11                 	4.3646220717e-01                 	6.4454171498e-01                 
8.9840000000e-02	2.2116336706e+00	8.6304246183e-11                 	3.9367170198e-11                 	4.6937075985e-11                 	4.5614407099e-01                 	6.3037639023e-01                 
9.0170000000e-02	2.2035396359e+00	8.8101480196e-11                 	4.0944693951e-11                 	4.7156786244e-11                 	4.6474467694e-01                 	6.2428091076e-01                 
9.0500000000e-02	2.1955046295e+00	9.1282120091e-11                 	4.3819612442e-11                 	4.7462507648e-11                 	4.8004595422e-01                 	6.1464237401e-01                 
9.1160000000e-02	2.1796091374e+00	9.4963973402e-11                 	4.7111996935e-11                 	4.7851976468e-11                 	4.9610389337e-01                 	6.0346316820e-01                 
9.1500000000e-02	2.1715100434e+00	9.6259213672e-11                 	4.8468738603e-11                 	4.7790475069e-11                 	5.0352310967e-01                 	5.9776252013e-01                 
9.1840000000e-02	2.1634709165e+00	9.6738039166e-11                 	4.9116098312e-11                 	4.7621940854e-11                 	5.0772269869e-01                 	5.9381123323e-01                 
9.2180000000e-02	2.1554910932e+00	9.6545827966e-11                 	4.9073749888e-11                 	4.7472078077e-11                 	5.0829487842e-01                 	5.9218260951e-01                 
9.2530000000e-02	2.1473378252e+00	9.6104587717e-11                 	4.8713467167e-11                 	4.7391120550e-11                 	5.0687972681e-01                 	5.9202016423e-01                 
9.2870000000e-02	2.1394763537e+00	9.5632357733e-11                 	4.8275389377e-11                 	4.7356968356e-11                 	5.0480183195e-01                 	5.9257957817e-01                 
9.3220000000e-02	2.1314435633e+00	9.5059575218e-11                 	4.7622085760e-11                 	4.7437489459e-11                 	5.0097095059e-01                 	5.9468003936e-01                 
9.3570000000e-02	2.1234708664e+00	9.4563487326e-11                 	4.7002956185e-11                 	4.7560531141e-11                 	4.9705184860e-01                 	5.9717968029e-01                 
9.3930000000e-02	2.1153323642e+00	9.3904531463e-11                 	4.6013110587e-11                 	4.7891420877e-11                 	4.8999883040e-01                 	6.0268691337e-01                 
9.4280000000e-02	2.1074795181e+00	9.3372708838e-11                 	4.5114793995e-11                 	4.8257914843e-11                 	4.8316895329e-01                 	6.0839416270e-01                 
9.4640000000e-02	2.0994629012e+00	9.2940789434e-11                 	4.4326763568e-11                 	4.8614025866e-11                 	4.7693551817e-01                 	6.1381192606e-01                 
9.5010000000e-02	2.0912869063e+00	9.2595702652e-11                 	4.3667550709e-11                 	4.8928151943e-11                 	4.7159370746e-01                 	6.1847948408e-01                 
9.5370000000e-02	2.0833927752e+00	9.2335782902e-11                 	4.3147565656e-11                 	4.9188217246e-11                 	4.6728975810e-01                 	6.2230593069e-01                 
9.5740000000e-02	2.0753412259e+00	9.2089616105e-11                 	4.2658483796e-11                 	4.9431132309e-11                 	4.6322794686e-01                 	6.2599567601e-01                 
9.6110000000e-02	2.0673516696e+00	9.1865424238e-11                 	4.2227195931e-11                 	4.9638228307e-11                 	4.5966364692e-01                 	6.2914926905e-01                 
9.6860000000e-02	2.0513438878e+00	9.1399929469e-11                 	4.1420402452e-11                 	4.9979527017e-11                 	4.5317761942e-01                 	6.3473413604e-01                 
9.8400000000e-02	2.0192395220e+00	9.0276853495e-11                 	3.9924985684e-11                 	5.0351867811e-11                 	4.4225052312e-01                 	6.4223498605e-01                 
9.9190000000e-02	2.0031572635e+00	8.9559247472e-11                 	3.9162020983e-11                 	5.0397226489e-11                 	4.3727501166e-01                 	6.4402757967e-01                 
1.0000000000e-01	1.9869316897e+00	8.8543206851e-11                 	3.8200808355e-11                 	5.0342398496e-11                 	4.3143691892e-01                 	6.4533959981e-01                 
1.0250000000e-01	1.9384699412e+00	8.4985053314e-11                 	3.5102363021e-11                 	4.9882690293e-11                 	4.1304160734e-01                 	6.4238775300e-01                 
1.0330000000e-01	1.9234575892e+00	8.3577243315e-11                 	3.3898900027e-11                 	4.9678343288e-11                 	4.0559964271e-01                 	6.3978362304e-01                 
1.0420000000e-01	1.9068442319e+00	8.2065630945e-11                 	3.2589089381e-11                 	4.9476541564e-11                 	3.9711008136e-01                 	6.3576990235e-01                 
1.0510000000e-01	1.8905154041e+00	8.1038622370e-11                 	3.1618491484e-11                 	4.9420130887e-11                 	3.9016570814e-01                 	6.2965868204e-01                 
1.0640000000e-01	1.8674170016e+00	8.0449199959e-11                 	3.0912638996e-11                 	4.9536560963e-11                 	3.8425042154e-01                 	6.1758073089e-01                 
1.0690000000e-01	1.8586825909e+00	8.1494214662e-11                 	3.1632807659e-11                 	4.9861407004e-11                 	3.8816016314e-01                 	6.1000747012e-01                 
1.0780000000e-01	1.8431648327e+00	8.4965659202e-11                 	3.4323742585e-11                 	5.0641916617e-11                 	4.0397194475e-01                 	5.9658780854e-01                 
1.0880000000e-01	1.8262239795e+00	8.7735569712e-11                 	3.6592880796e-11                 	5.1142688917e-11                 	4.1708147466e-01                 	5.8649827461e-01                 
1.0970000000e-01	1.8112412850e+00	9.0304271723e-11                 	3.8868825046e-11                 	5.1435446677e-11                 	4.3042066897e-01                 	5.7710304469e-01                 
1.1070000000e-01	1.7948795751e+00	9.1984919867e-11                 	4.0460812216e-11                 	5.1524107651e-11                 	4.3986353714e-01                 	5.6990687109e-01                 
1.1120000000e-01	1.7868090735e+00	9.2472533931e-11                 	4.0944562458e-11                 	5.1527971473e-11                 	4.4277539197e-01                 	5.6729373004e-01                 
1.1170000000e-01	1.7788108234e+00	9.2934946800e-11                 	4.1420718816e-11                 	5.1514227985e-11                 	4.4569583608e-01                 	5.6446372010e-01                 
1.1270000000e-01	1.7630272313e+00	9.3480947768e-11                 	4.1998816077e-11                 	5.1482131691e-11                 	4.4927674654e-01                 	5.6011163672e-01                 
1.1370000000e-01	1.7475212750e+00	9.3701267170e-11                 	4.2219229484e-11                 	5.1482037686e-11                 	4.5057266309e-01                 	5.5711322302e-01                 
1.1480000000e-01	1.7307767332e+00	9.3794817159e-11                 	4.2281915236e-11                 	5.1512901923e-11                 	4.5079159507e-01                 	5.5401653085e-01                 
1.1810000000e-01	1.6824146399e+00	9.3958142907e-11                 	4.2364479372e-11                 	5.1593663535e-11                 	4.5088672532e-01                 	5.4414821741e-01                 
1.2160000000e-01	1.6339898764e+00	9.3965786935e-11                 	4.2505993454e-11                 	5.1459793481e-11                 	4.5235606321e-01                 	5.3114950424e-01                 
1.2400000000e-01	1.6023642659e+00	9.4039195738e-11                 	4.2785332001e-11                 	5.1253863737e-11                 	4.5497339344e-01                 	5.1979325694e-01                 
1.2650000000e-01	1.5706969879e+00	9.4219168836e-11                 	4.3218702261e-11                 	5.1000466574e-11                 	4.5870392188e-01                 	5.0746322248e-01                 
1.2780000000e-01	1.5547196320e+00	9.4330485778e-11                 	4.3459924397e-11                 	5.0870561381e-11                 	4.6071981967e-01                 	5.0103538196e-01                 
1.3050000000e-01	1.5225530189e+00	9.4699336734e-11                 	4.4060809541e-11                 	5.0638527193e-11                 	4.6527051889e-01                 	4.8781292977e-01                 
1.3330000000e-01	1.4905714101e+00	9.5211864799e-11                 	4.4752447145e-11                 	5.0459417654e-11                 	4.7003015054e-01                 	4.7495359121e-01                 
1.3780000000e-01	1.4418952755e+00	9.6574471837e-11                 	4.6258178039e-11                 	5.0316293797e-11                 	4.7898970773e-01                 	4.5640694264e-01                 
1.4090000000e-01	1.4101715328e+00	9.7750532168e-11                 	4.7480909370e-11                 	5.0269622798e-11                 	4.8573555885e-01                 	4.4650145974e-01                 
1.4590000000e-01	1.3618448867e+00	9.9209128374e-11                 	4.8942273805e-11                 	5.0266854569e-11                 	4.9332429996e-01                 	4.3639040878e-01                 
1.5120000000e-01	1.3141082604e+00	1.0002126069e-10                 	4.9691075999e-11                 	5.0330184686e-11                 	4.9680513581e-01                 	4.2946789277e-01                 
1.5310000000e-01	1.2977999279e+00	9.9682342316e-11                 	4.9433751104e-11                 	5.0248591212e-11                 	4.9591281621e-01                 	4.2834385132e-01                 
1.5500000000e-01	1.2818914127e+00	9.8264539879e-11                 	4.8153525110e-11                 	5.0111014768e-11                 	4.9003969458e-01                 	4.2602550521e-01                 
1.5600000000e-01	1.2736741601e+00	9.7207089698e-11                 	4.7087340424e-11                 	5.0119749274e-11                 	4.8440232673e-01                 	4.2253338817e-01                 
1.5690000000e-01	1.2663681897e+00	9.6168249714e-11                 	4.5903436711e-11                 	5.0264813003e-11                 	4.7732424004e-01                 	4.1682825357e-01                 
1.5790000000e-01	1.2583481252e+00	9.5024847109e-11                 	4.4616590882e-11                 	5.0408256227e-11                 	4.6952552137e-01                 	4.1008967460e-01                 
1.5830000000e-01	1.2551684711e+00	9.4686057810e-11                 	4.3911394419e-11                 	5.0774663391e-11                 	4.6375776365e-01                 	4.0272499326e-01                 
1.5900000000e-01	1.2496425721e+00	9.4674711662e-11                 	4.3412456498e-11                 	5.1262255164e-11                 	4.5854331886e-01                 	3.9274183853e-01                 
1.6000000000e-01	1.2418323061e+00	9.6487742981e-11                 	4.4198979414e-11                 	5.2288763567e-11                 	4.5807869527e-01                 	3.7343764482e-01                 
1.6100000000e-01	1.2341190619e+00	9.9395763340e-11                 	4.6295552765e-11                 	5.3100210575e-11                 	4.6576988002e-01                 	3.5221648657e-01                 
1.6140000000e-01	1.2310605264e+00	1.0089930113e-10                 	4.7562737330e-11                 	5.3336563796e-11                 	4.7138817415e-01                 	3.4154895077e-01                 
1.6190000000e-01	1.2272586101e+00	1.0229022242e-10                 	4.8812715690e-11                 	5.3477506730e-11                 	4.7719825546e-01                 	3.3075401288e-01                 
1.6230000000e-01	1.2242339431e+00	1.0413969746e-10                 	5.0675393996e-11                 	5.3464303466e-11                 	4.8660976775e-01                 	3.1409665698e-01                 
1.6250000000e-01	1.2227271937e+00	1.0532303720e-10                 	5.1921479539e-11                 	5.3401557662e-11                 	4.9297362589e-01                 	3.0525880234e-01                 
1.6270000000e-01	1.2212241485e+00	1.0672890401e-10                 	5.3393539368e-11                 	5.3335364638e-11                 	5.0027253503e-01                 	2.9647193299e-01                 
1.6290000000e-01	1.2197247942e+00	1.0833877573e-10                 	5.5005693184e-11                 	5.3333082541e-11                 	5.0771935363e-01                 	2.8957352488e-01                 
1.6310000000e-01	1.2182291169e+00	1.0997715374e-10                 	5.6627260723e-11                 	5.3349893015e-11                 	5.1490022062e-01                 	2.8265217260e-01                 
1.6340000000e-01	1.2159924662e+00	1.1209187832e-10                 	5.8684699471e-11                 	5.3407178848e-11                 	5.2354104821e-01                 	2.7567495108e-01                 
1.6360000000e-01	1.2145059228e+00	1.1475346979e-10                 	6.1384830683e-11                 	5.3368639104e-11                 	5.3492788320e-01                 	2.6877851690e-01                 
1.6380000000e-01	1.2130230096e+00	1.1851335556e-10                 	6.5594083989e-11                 	5.2919271571e-11                 	5.5347419436e-01                 	2.6055437755e-01                 
1.6400000000e-01	1.2115437132e+00	1.2412805261e-10                 	7.3093360228e-11                 	5.1034692383e-11                 	5.8885448285e-01                 	2.4969289584e-01                 
1.6420000000e-01	1.2100680205e+00	1.3077046085e-10                 	8.4034214723e-11                 	4.6736246130e-11                 	6.4260853846e-01                 	2.3477630555e-01                 
1.6440000000e-01	1.2085959183e+00	1.3682773106e-10                 	9.5980253337e-11                 	4.0847477722e-11                 	7.0146784277e-01                 	2.1898545186e-01                 
1.6470000000e-01	1.2063944685e+00	1.4197413589e-10                 	1.0739051740e-10                 	3.4583618486e-11                 	7.5640902289e-01                 	2.0387705163e-01                 
1.6490000000e-01	1.2049312854e+00	1.4667309768e-10                 	1.1821042163e-10                 	2.8462676050e-11                 	8.0594480855e-01                 	1.9266942474e-01                 
1.6530000000e-01	1.2020155413e+00	1.6494506089e-10                 	1.4289542303e-10                 	2.2049637853e-11                 	8.6632132096e-01                 	2.4250864911e-01                 
1.6580000000e-01	1.1983906452e+00	1.7153671355e-10                 	1.5838577917e-10                 	1.3150934375e-11                 	9.2333457892e-01                 	2.2057691409e-01                 
1.6640000000e-01	1.1940695251e+00	1.9334659569e-10                 	1.8458757306e-10                 	8.7590226296e-12                 	9.5469781819e-01                 	3.0089242943e-01                 
1.6750000000e-01	1.1862278744e+00	1.9664050367e-10                 	1.9536150395e-10                 	1.2789997184e-12                 	9.9349574633e-01                 	4.2794764152e-01                 
1.6870000000e-01	1.1777899761e+00	1.5804966080e-10                 	1.5790471664e-10                 	1.4494416062e-13                 	9.9908292014e-01                 	5.0400878738e-01                 
1.6980000000e-01	1.1701600057e+00	1.2419184227e-10                 	1.2411911754e-10                 	7.2724727555e-14                 	9.9941441623e-01                 	5.3082059287e-01                 
1.7030000000e-01	1.1667244214e+00	1.1441114719e-10                 	1.1435540764e-10                 	5.5739551113e-14                 	9.9951281363e-01                 	5.3329676227e-01                 
1.7100000000e-01	1.1619483565e+00	1.0125151563e-10                 	1.0121264509e-10                 	3.8870537552e-14                 	9.9961609920e-01                 	5.3176907633e-01                 
1.7220000000e-01	1.1538511555e+00	8.5542110613e-11                 	8.5519262016e-11                 	2.2848596595e-14                 	9.9973289651e-01                 	5.1992702741e-01                 
1.7260000000e-01	1.1511771087e+00	8.1335061169e-11                 	8.1315519342e-11                 	1.9541826740e-14                 	9.9975973674e-01                 	5.1432468104e-01                 
1.7340000000e-01	1.1458660263e+00	7.4517791153e-11                 	7.4502737823e-11                 	1.5053329672e-14                 	9.9979799013e-01                 	5.0245753462e-01                 
1.7370000000e-01	1.1438869831e+00	7.2382698570e-11                 	7.2368865729e-11                 	1.3832840479e-14                 	9.9980889300e-01                 	4.9794299141e-01                 
1.7460000000e-01	1.1379906585e+00	6.6588387361e-11                 	6.6577406254e-11                 	1.0981107363e-14                 	9.9983508975e-01                 	4.8359761023e-01                 
1.7570000000e-01	1.1308660727e+00	6.1064209052e-11                 	6.1055500227e-11                 	8.7088248641e-15                 	9.9985738250e-01                 	4.6669828667e-01                 
1.7590000000e-01	1.1295802670e+00	6.0425038236e-11                 	6.0416602770e-11                 	8.4354657072e-15                 	9.9986039784e-01                 	4.6445739479e-01                 
1.7710000000e-01	1.1219264199e+00	5.5836566932e-11                 	5.5829572133e-11                 	6.9947986497e-15                 	9.9987472728e-01                 	4.4743326576e-01                 
1.7970000000e-01	1.1056937617e+00	4.8497129008e-11                 	4.8492321279e-11                 	4.8077283059e-15                 	9.9990086571e-01                 	4.1492579701e-01                 
1.8000000000e-01	1.1038509387e+00	4.7851845421e-11                 	4.7847214241e-11                 	4.6311797781e-15                 	9.9990321837e-01                 	4.1172902887e-01                 
1.8230000000e-01	1.0899241304e+00	4.2904526576e-11                 	4.2900987876e-11                 	3.5387001553e-15                 	9.9991752152e-01                 	3.8613525925e-01                 
1.8510000000e-01	1.0734368934e+00	3.8388860967e-11                 	3.8386193240e-11                 	2.6677266755e-15                 	9.9993050779e-01                 	3.6048176954e-01                 
1.8790000000e-01	1.0574410270e+00	3.4611447974e-11                 	3.4609437319e-11                 	2.0106558088e-15                 	9.9994190778e-01                 	3.3786182426e-01                 
1.9070000000e-01	1.0419148871e+00	3.1453259685e-11                 	3.1451656847e-11                 	1.6028380494e-15                 	9.9994904064e-01                 	3.1824940268e-01                 
1.9370000000e-01	1.0257778470e+00	2.8617249777e-11                 	2.8615875779e-11                 	1.3739977956e-15                 	9.9995198708e-01                 	3.0013298085e-01                 
2.0000000000e-01	9.9346584484e-01	2.3794884421e-11                 	2.3793800087e-11                 	1.0843340557e-15                 	9.9995442995e-01                 	2.6854341992e-01                 
2.0660000000e-01	9.6172879462e-01	1.9941723288e-11                 	1.9940829445e-11                 	8.9384318669e-16                 	9.9995517723e-01                 	2.4246917542e-01                 
2.1380000000e-01	9.2934129546e-01	1.6654026057e-11                 	1.6653326023e-11                 	7.0003420011e-16                 	9.9995796607e-01                 	2.1945679009e-01                 
2.2140000000e-01	8.9743978757e-01	1.3917898803e-11                 	1.3917364119e-11                 	5.3468448431e-16                 	9.9996158296e-01                 	1.9948869906e-01                 
2.2540000000e-01	8.8151361566e-01	1.2714977385e-11                 	1.2714535409e-11                 	4.4197672487e-16                 	9.9996523968e-01                 	1.9036070226e-01                 
2.2960000000e-01	8.6538836659e-01	1.1606958652e-11                 	1.1606603407e-11                 	3.5524446262e-16                 	9.9996939384e-01                 	1.8166978148e-01                 
2.3840000000e-01	8.3344450071e-01	9.6317000804e-12                 	9.6314550336e-12                 	2.4504673071e-16                 	9.9997455831e-01                 	1.6551832476e-01                 
2.4360000000e-01	8.1565340299e-01	8.6704752970e-12                 	8.6702714092e-12                 	2.0388787176e-16                 	9.9997648481e-01                 	1.5718810781e-01                 
2.4800000000e-01	8.0118213294e-01	7.9509645828e-12                 	7.9507731623e-12                 	1.9142049380e-16                 	9.9997592487e-01                 	1.5070509285e-01                 
2.6100000000e-01	7.6127650946e-01	6.2255992183e-12                 	6.2254404012e-12                 	1.5881714993e-16                 	9.9997448966e-01                 	1.3403254788e-01                 
2.7550000000e-01	7.2120932475e-01	4.8280775052e-12                 	4.8279458188e-12                 	1.3168644839e-16                 	9.9997272487e-01                 	1.1886369818e-01                 
2.9170000000e-01	6.8115587579e-01	3.7089856207e-12                 	3.7088792033e-12                 	1.0641738219e-16                 	9.9997130822e-01                 	1.0504524089e-01                 
3.1000000000e-01	6.4094570635e-01	2.8163815730e-12                 	2.8163007716e-12                 	8.0801361025e-17                 	9.9997131022e-01                 	9.2358698086e-02                 
3.3060000000e-01	6.0100777063e-01	2.1033065250e-12                 	2.1032513353e-12                 	5.5189759502e-17                 	9.9997376048e-01                 	8.0675781368e-02                 
3.5110000000e-01	5.6591617479e-01	1.6144185468e-12                 	1.6143842961e-12                 	3.4250679586e-17                 	9.9997878451e-01                 	7.1280427563e-02                 
3.5560000000e-01	5.5875469339e-01	1.5279586657e-12                 	1.5279282618e-12                 	3.0403822109e-17                 	9.9998010167e-01                 	6.9455407780e-02                 
3.6090000000e-01	5.5054909662e-01	1.4309396774e-12                 	1.4309195145e-12                 	2.0162813337e-17                 	9.9998590939e-01                 	6.7368077697e-02                 
3.6117000000e-01	5.5013752241e-01	1.4264944079e-12                 	1.4264746165e-12                 	1.9791387392e-17                 	9.9998612586e-01                 	6.7267563481e-02                 
3.6502000000e-01	5.4433501991e-01	1.3619459978e-12                 	1.3619290771e-12                 	1.6920703770e-17                 	9.9998757608e-01                 	6.5824141148e-02                 
3.8210000000e-01	5.2000305933e-01	1.1170433051e-12                 	1.1170343705e-12                 	8.9345860097e-18                 	9.9999200158e-01                 	5.9969593710e-02                 
3.8670000000e-01	5.1381734929e-01	1.0606704169e-12                 	1.0606625811e-12                 	7.8357877957e-18                 	9.9999261242e-01                 	5.8527214443e-02                 
3.9340000000e-01	5.0506652000e-01	9.8506265157e-13                 	9.8505577173e-13                 	6.8798449421e-18                 	9.9999301583e-01                 	5.6522465861e-02                 
4.0470000000e-01	4.9096409431e-01	8.7214497344e-13                 	8.7213909478e-13                 	5.8786649498e-18                 	9.9999325953e-01                 	5.3368450905e-02                 
4.3100000000e-01	4.6100503241e-01	6.6667897379e-13                 	6.6667424325e-13                 	4.7305488861e-18                 	9.9999290431e-01                 	4.6993687498e-02                 
4.3580000000e-01	4.5592741847e-01	6.3586989489e-13                 	6.3586536645e-13                 	4.5284407854e-18                 	9.9999287835e-01                 	4.5952822672e-02                 
4.5790000000e-01	4.3392262278e-01	5.1583485409e-13                 	5.1583111155e-13                 	3.7425400309e-18                 	9.9999274469e-01                 	4.1597093799e-02                 
4.7800000000e-01	4.1567608571e-01	4.3037214920e-13                 	4.3036933244e-13                 	2.8167617265e-18                 	9.9999345506e-01                 	3.8153094144e-02                 
4.8610000000e-01	4.0874957615e-01	4.0091049927e-13                 	4.0090809890e-13                 	2.4003712745e-18                 	9.9999401270e-01                 	3.6883679329e-02                 
4.8800000000e-01	4.0715813313e-01	3.9442201948e-13                 	3.9441969012e-13                 	2.3293567911e-18                 	9.9999409425e-01                 	3.6596258971e-02                 
5.0000000000e-01	3.9738633794e-01	3.5618188367e-13                 	3.5617996915e-13                 	1.9145226384e-18                 	9.9999462487e-01                 	3.4852629319e-02                 
5.0240000000e-01	3.9548799556e-01	3.4924169802e-13                 	3.4923985230e-13                 	1.8457216082e-18                 	9.9999471506e-01                 	3.4522181628e-02                 
5.0850000000e-01	3.9074369512e-01	3.3193152403e-13                 	3.3192993189e-13                 	1.5921470566e-18                 	9.9999520339e-01                 	3.3693260172e-02                 
5.1450000000e-01	3.8618691734e-01	3.1610674560e-13                 	3.1610527646e-13                 	1.4691365155e-18                 	9.9999535240e-01                 	3.2910768067e-02                 
5.4610000000e-01	3.6384026546e-01	2.4652812801e-13                 	2.4652675753e-13                 	1.3704826149e-18                 	9.9999444087e-01                 	2.9201344463e-02                 
5.8930000000e-01	3.3716811296e-01	1.7977784603e-13                 	1.7977658868e-13                 	1.2573459426e-18                 	9.9999300611e-01                 	2.5069708619e-02                 
6.3280000000e-01	3.1399046929e-01	1.3397969559e-13                 	1.3397853269e-13                 	1.1629058287e-18                 	9.9999132028e-01                 	2.1737494800e-02                 
6.4380000000e-01	3.0862561194e-01	1.2480460231e-13                 	1.2480346080e-13                 	1.1415144829e-18                 	9.9999085359e-01                 	2.1000461370e-02                 
6.5630000000e-01	3.0274747672e-01	1.1531436503e-13                 	1.1531324675e-13                 	1.1182790386e-18                 	9.9999030234e-01                 	2.0207553991e-02                 
6.6780000000e-01	2.9753394575e-01	1.0736774461e-13                 	1.0736664676e-13                 	1.0978521243e-18                 	9.9998977484e-01                 	1.9517003621e-02                 
6.9070000000e-01	2.8766927605e-01	9.3531280522e-14                 	9.3530221055e-14                 	1.0594663670e-18                 	9.9998867260e-01                 	1.8245331360e-02                 
7.0650000000e-01	2.8123590795e-01	8.5208598997e-14                 	8.5207563998e-14                 	1.0349991945e-18                 	9.9998785335e-01                 	1.7436011831e-02                 
7.6790000000e-01	2.5874875501e-01	6.0593875006e-14                 	6.0592924381e-14                 	9.5062470061e-19                 	9.9998431154e-01                 	1.4757936224e-02                 
1.0000000000e+00	1.9869316897e-01	2.0681974669e-14                 	2.0681237714e-14                 	7.3695489314e-19                 	9.9996436729e-01                 	8.6989662741e-03                 
1.0139800000e+00	1.9595373574e-01	1.9547063238e-14                 	1.9546335661e-14                 	7.2757747731e-19                 	9.9996277817e-01                 	8.4603097688e-03                 
1.0600000000e+00	1.8744638582e-01	1.6324204288e-14                 	1.6323505719e-14                 	6.9856912757e-19                 	9.9995720654e-01                 	7.7406166934e-03                 
1.1286600000e+00	1.7604342226e-01	1.2658115482e-14                 	1.2657455499e-14                 	6.5998236490e-19                 	9.9994786093e-01                 	6.8264293619e-03                 
1.3190000000e+00	1.5063924865e-01	6.7321074949e-15                 	6.7315321550e-15                 	5.7533989089e-19                 	9.9991453792e-01                 	4.9952315733e-03                 
1.3672800000e+00	1.4532002879e-01	5.8215327489e-15                 	5.8209743769e-15                 	5.5837194135e-19                 	9.9990408506e-01                 	4.6481325468e-03                 
1.5000000000e+00	1.3246211265e-01	3.9997982364e-15                 	3.9992754863e-15                 	5.2275015372e-19                 	9.9986930587e-01                 	3.8597922047e-03                 
1.5295200000e+00	1.2990557101e-01	3.6966004203e-15                 	3.6960839369e-15                 	5.1648341094e-19                 	9.9986028151e-01                 	3.7118589703e-03                 
1.5500000000e+00	1.2818914127e-01	3.5027762069e-15                 	3.5022637703e-15                 	5.1243657470e-19                 	9.9985370559e-01                 	3.6141090278e-03                 
1.6932000000e+00	1.1734772559e-01	2.4484804627e-15                 	2.4479908525e-15                 	4.8961023843e-19                 	9.9980003506e-01                 	3.0265955631e-03                 
1.7092000000e+00	1.1624922125e-01	2.3567853775e-15                 	2.3562978205e-15                 	4.8755703935e-19                 	9.9979312625e-01                 	2.9699320536e-03                 
1.8130700000e+00	1.0958935340e-01	1.8548007478e-15                 	1.8543246882e-15                 	4.7605962683e-19                 	9.9974333651e-01                 	2.6378127797e-03                 
1.9700900000e+00	1.0085486905e-01	1.3235225954e-15                 	1.3230592748e-15                 	4.6332053037e-19                 	9.9964993380e-01                 	2.2319784600e-03                 
2.0000000000e+00	9.9346584484e-02	1.2452087377e-15                 	1.2447474107e-15                 	4.6132690396e-19                 	9.9962951842e-01                 	2.1654505120e-03                 
2.2492900000e+00	8.8335949997e-02	7.7173243886e-16                 	7.7128330726e-16                 	4.4913160277e-19                 	9.9941802161e-01                 	1.7091721954e-03                 
2.3254200000e+00	8.5443992470e-02	6.7373021117e-16                 	6.7328377762e-16                 	4.4643354504e-19                 	9.9933737045e-01                 	1.5982195577e-03                 
2.5000000000e+00	7.9477267588e-02	5.0124949060e-16                 	5.0080815670e-16                 	4.4133390212e-19                 	9.9911953247e-01                 	1.3810106068e-03                 
2.7000000000e+00	7.3590062581e-02	3.6571192805e-16                 	3.6527525905e-16                 	4.3666900560e-19                 	9.9880597549e-01                 	1.1821000176e-03                 
2.8000000000e+00	7.0961846060e-02	3.1489846118e-16                 	3.1446383337e-16                 	4.3462781789e-19                 	9.9861978424e-01                 	1.0981757972e-03                 
3.0000000000e+00	6.6231056323e-02	2.3695001786e-16                 	2.3651931472e-16                 	4.3070314453e-19                 	9.9818230381e-01                 	9.5484226551e-04                 
3.3033000000e+00	6.0149901301e-02	1.5905454896e-16                 	1.5863000501e-16                 	4.2454395165e-19                 	9.9733082798e-01                 	7.8518042487e-04                 
3.3330000000e+00	5.9613912082e-02	1.5323634093e-16                 	1.5281242109e-16                 	4.2391984204e-19                 	9.9723355544e-01                 	7.7099401666e-04                 
3.4480000000e+00	5.7625629051e-02	1.3304890541e-16                 	1.3262751222e-16                 	4.2139319515e-19                 	9.9683279472e-01                 	7.1950969025e-04                 
3.5000000000e+00	5.6769476848e-02	1.2499446778e-16                 	1.2457426379e-16                 	4.2020399768e-19                 	9.9663821923e-01                 	6.9787984944e-04                 
3.5078000000e+00	5.6643243335e-02	1.2381885355e-16                 	1.2339880766e-16                 	4.2004589031e-19                 	9.9660757729e-01                 	6.9469446367e-04                 
3.5710000000e+00	5.5640764203e-02	1.1492618131e-16                 	1.1450764008e-16                 	4.1854123604e-19                 	9.9635817330e-01                 	6.6984788129e-04                 
3.7040000000e+00	5.3642864192e-02	9.8586406037e-17                 	9.8171133560e-17                 	4.1527247709e-19                 	9.9578773085e-01                 	6.2160212531e-04                 
3.8000000000e+00	5.2287676044e-02	8.8183059772e-17                 	8.8125681648e-17                 	5.7378124593e-20                 	9.9934932940e-01                 	5.8989766287e-04                 
4.0000000000e+00	4.9673292242e-02	7.4150279806e-17                 	7.4050542884e-17                 	9.9736921738e-20                 	9.9865493533e-01                 	5.3600254893e-04                 
4.1670000000e+00	4.7682545949e-02	5.9720786071e-17                 	5.9525709322e-17                 	1.9507674889e-19                 	9.9673352007e-01                 	4.8816381802e-04                 
4.2580000000e+00	4.6663496705e-02	5.4465990725e-17                 	5.4207409827e-17                 	2.5858089816e-19                 	9.9525243377e-01                 	4.6682984233e-04                 
4.3480000000e+00	4.5697600959e-02	4.9964082473e-17                 	4.9583575357e-17                 	3.8050711553e-19                 	9.9238438701e-01                 	4.4720105830e-04                 
4.5000000000e+00	4.4154037549e-02	4.3333440137e-17                 	4.2718414259e-17                 	6.1502587844e-19                 	9.8580713009e-01                 	4.1651674233e-04                 
4.5450000000e+00	4.3716868860e-02	4.1629257822e-17                 	4.0922185102e-17                 	7.0707272039e-19                 	9.8301500537e-01                 	4.0804912810e-04                 
4.7620000000e+00	4.1724730989e-02	3.4737852480e-17                 	3.3380836347e-17                 	1.3570161329e-18                 	9.6093552030e-01                 	3.7043159658e-04                 
5.0000000000e+00	3.9738633794e-02	2.9634539521e-17                 	2.6944604496e-17                 	2.6899350249e-18                 	9.0922973434e-01                 	3.3473806708e-04                 
5.1280000000e+00	3.8746717818e-02	2.7654616238e-17                 	2.4079559113e-17                 	3.5750571256e-18                 	8.7072476093e-01                 	3.1753383905e-04                 
5.2080000000e+00	3.8151530140e-02	2.6797092159e-17                 	2.2468190814e-17                 	4.3289013445e-18                 	8.3845630269e-01                 	3.0741586245e-04                 
5.2630000000e+00	3.7752834689e-02	2.6363038145e-17                 	2.1428804321e-17                 	4.9342338236e-18                 	8.1283515972e-01                 	3.0071437259e-04                 
5.3190000000e+00	3.7355361716e-02	2.6166518461e-17                 	2.0425362275e-17                 	5.7411561857e-18                 	7.8059151452e-01                 	2.9409826413e-04                 
5.3760000000e+00	3.6959294823e-02	2.5990998644e-17                 	1.9457557038e-17                 	6.5334416058e-18                 	7.4862675746e-01                 	2.8757046561e-04                 
5.4350000000e+00	3.6558080767e-02	2.5825542246e-17                 	1.8516145929e-17                 	7.3093963164e-18                 	7.1697026739e-01                 	2.8104397727e-04                 
5.4950000000e+00	3.6158902451e-02	2.5888443193e-17                 	1.7610693093e-17                 	8.2777500996e-18                 	6.8025307517e-01                 	2.7461701816e-04                 
5.5550000000e+00	3.5768347249e-02	2.6187455176e-17                 	1.6752618028e-17                 	9.4348371484e-18                 	6.3971920582e-01                 	2.6838798515e-04                 
5.6180000000e+00	3.5367242608e-02	2.6675365704e-17                 	1.5905047857e-17                 	1.0770317847e-17                 	5.9624479131e-01                 	2.6206864785e-04                 
5.6820000000e+00	3.4968878734e-02	2.7374810274e-17                 	1.5092783316e-17                 	1.2282026958e-17                 	5.5133837147e-01                 	2.5586000350e-04                 
5.7470000000e+00	3.4573372015e-02	2.8479346443e-17                 	1.4314924471e-17                 	1.4164421972e-17                 	5.0264230957e-01                 	2.4976283042e-04                 
5.8140000000e+00	3.4174951663e-02	2.9570234856e-17                 	1.3561207563e-17                 	1.6009027293e-17                 	4.5861007289e-01                 	2.4369384622e-04                 
5.8820000000e+00	3.3779865517e-02	3.0464157499e-17                 	1.2841204230e-17                 	1.7622953269e-17                 	4.2151844279e-01                 	2.3774319277e-04                 
5.9520000000e+00	3.3382588872e-02	3.3480884471e-17                 	1.2142392367e-17                 	2.1338492104e-17                 	3.6266641573e-01                 	2.3182150682e-04                 
6.0240000000e+00	3.2983593786e-02	3.4528991122e-17                 	1.1472039809e-17                 	2.3056951313e-17                 	3.3224370120e-01                 	2.2595998003e-04                 
6.0980000000e+00	3.2583333711e-02	3.7466235959e-17                 	1.0821113637e-17                 	2.6645122322e-17                 	2.8882307924e-01                 	2.2013309594e-04                 
6.1720000000e+00	3.2192671576e-02	4.0380050392e-17                 	1.0212400787e-17                 	3.0167649605e-17                 	2.5290708376e-01                 	2.1451990275e-04                 
6.2500000000e+00	3.1790907035e-02	4.3783445212e-17                 	9.6100664283e-18                 	3.4173378784e-17                 	2.1949086879e-01                 	2.0881212205e-04                 
6.3290000000e+00	3.1394085791e-02	4.9730944744e-17                 	9.0423893381e-18                 	4.0688555406e-17                 	1.8182621273e-01                 	2.0325559451e-04                 
6.4100000000e+00	3.0997374254e-02	5.4291545715e-17                 	8.4949481937e-18                 	4.5796597521e-17                 	1.5646907970e-01                 	1.9775654536e-04                 
6.4940000000e+00	3.0596422693e-02	6.0575597684e-17                 	7.9656089994e-18                 	5.2609988685e-17                 	1.3149864473e-01                 	1.9227160660e-04                 
6.5790000000e+00	3.0201120074e-02	6.6759073517e-17                 	7.4666832471e-18                 	5.9292390270e-17                 	1.1184521974e-01                 	1.8693581646e-04                 
6.6670000000e+00	2.9802485221e-02	8.8836618387e-17                 	6.9840962738e-18                 	8.1852522113e-17                 	7.8617313453e-02                 	1.8161916893e-04                 
6.7570000000e+00	2.9405530408e-02	1.0174646391e-16                 	6.3767010572e-18                 	9.5369762858e-17                 	6.2672458696e-02                 	1.7573787604e-04                 
6.8490000000e+00	2.9010537154e-02	9.4752954037e-17                 	6.0881662356e-18                 	8.8664787801e-17                 	6.4253049390e-02                 	1.7126395955e-04                 
6.9440000000e+00	2.8613647605e-02	1.2668391391e-16                 	5.6655308596e-18                 	1.2101838306e-16                 	4.4721785778e-02                 	1.6615969346e-04                 
7.0420000000e+00	2.8215445750e-02	1.4029323272e-16                 	5.2757506724e-18                 	1.3501748205e-16                 	3.7605168618e-02                 	1.6117779545e-04                 
7.1430000000e+00	2.7816487326e-02	1.5046944709e-16                 	4.8922886633e-18                 	1.4557715843e-16                 	3.2513501962e-02                 	1.5619965125e-04                 
7.2460000000e+00	2.7421083214e-02	1.6071233288e-16                 	4.5198825263e-18                 	1.5619245036e-16                 	2.8124055231e-02                 	1.5128007623e-04                 
7.3520000000e+00	2.7025730273e-02	1.7544878928e-16                 	4.1842621931e-18                 	1.7126452709e-16                 	2.3848908905e-02                 	1.4652631149e-04                 
7.4630000000e+00	2.6623766444e-02	1.9321836799e-16                 	3.8528212832e-18                 	1.8936554670e-16                 	1.9940243380e-02                 	1.4172343485e-04                 
7.5760000000e+00	2.6226659051e-02	2.1730361133e-16                 	3.5339613022e-18                 	2.1376965003e-16                 	1.6262782199e-02                 	1.3700154361e-04                 
7.6920000000e+00	2.5831145212e-02	2.5205441533e-16                 	3.2486155017e-18                 	2.4880579983e-16                 	1.2888548282e-02                 	1.3245690902e-04                 
7.8120000000e+00	2.5434353427e-02	2.9763097503e-16                 	2.9612754869e-18                 	2.9466969954e-16                 	9.9494868993e-03                 	1.2786906277e-04                 
7.9360000000e+00	2.5036941654e-02	3.3730504572e-16                 	2.7041055979e-18                 	3.3460094013e-16                 	8.0167955747e-03                 	1.2343391284e-04                 
8.0650000000e+00	2.4636474764e-02	3.9071530742e-16                 	2.4465103370e-18                 	3.8826879708e-16                 	6.2616188580e-03                 	1.1895127994e-04                 
8.1970000000e+00	2.4239742463e-02	4.2753774508e-16                 	2.2104551351e-18                 	4.2532728995e-16                 	5.1701987966e-03                 	1.1460779314e-04                 
8.3330000000e+00	2.3844134042e-02	4.7900601112e-16                 	1.9935096876e-18                 	4.7701250143e-16                 	4.1617634046e-03                 	1.1037574988e-04                 
8.4750000000e+00	2.3444621707e-02	5.0091004355e-16                 	1.7789308326e-18                 	4.9913111272e-16                 	3.5513978118e-03                 	1.0610803276e-04                 
8.6210000000e+00	2.3047577888e-02	5.3597268591e-16                 	1.5838869934e-18                 	5.3438879891e-16                 	2.9551636400e-03                 	1.0197015990e-04                 
8.7720000000e+00	2.2650840056e-02	6.2483072886e-16                 	1.4004987923e-18                 	6.2343023007e-16                 	2.2414051161e-03                 	9.7894776621e-05                 
8.9290000000e+00	2.2252566801e-02	8.6180277734e-16                 	1.2286519047e-18                 	8.6057412544e-16                 	1.4256764273e-03                 	9.3870721202e-05                 
9.0910000000e+00	2.1856030026e-02	9.3081632858e-16                 	1.0693084770e-18                 	9.2974702010e-16                 	1.1487856886e-03                 	8.9930202014e-05                 
9.2590000000e+00	2.1459463114e-02	1.2477712215e-15                 	9.2214156067e-19                 	1.2468490799e-15                 	7.3903095760e-04                 	8.6062034295e-05                 
9.4340000000e+00	2.1061391665e-02	1.5657037455e-15                 	7.8296585700e-19                 	1.5649207797e-15                 	5.0007280065e-04                 	8.2221159086e-05                 
9.5240000000e+00	2.0862365494e-02	1.9391979543e-15                 	7.1968333112e-19                 	1.9384782710e-15                 	3.7112422150e-04                 	8.0345925282e-05                 
9.6150000000e+00	2.0664916169e-02	2.2969516918e-15                 	6.5701129838e-19                 	2.2962946805e-15                 	2.8603618471e-04                 	7.8476928405e-05                 
9.7090000000e+00	2.0464843853e-02	2.7823016065e-15                 	5.9818721566e-19                 	2.7817034193e-15                 	2.1499725776e-04                 	7.6619210799e-05                 
9.8040000000e+00	2.0266541103e-02	3.5265995549e-15                 	5.4043104197e-19                 	3.5260591239e-15                 	1.5324423246e-04                 	7.4772230964e-05                 
9.9010000000e+00	2.0067989998e-02	4.3527540450e-15                 	4.8683078516e-19                 	4.3522672142e-15                 	1.1184431285e-04                 	7.2955716734e-05                 
1.0000000000e+01	1.9869316897e-02	4.3139717970e-15                 	4.3443190620e-19                 	4.3135373651e-15                 	1.0070346461e-04                 	7.1138822690e-05                 
1.0100000000e+01	1.9672590987e-02	6.7420990622e-15                 	3.8640302772e-19                 	6.7417126591e-15                 	5.7311977199e-05                 	6.9368898673e-05                 
1.0200000000e+01	1.9479722448e-02	7.3457331469e-15                 	3.4012827829e-19                 	7.3453930186e-15                 	4.6302836149e-05                 	6.7628865196e-05                 
1.0310000000e+01	1.9271888358e-02	6.1295642177e-15                 	2.9467973345e-19                 	6.1292695380e-15                 	4.8075152325e-05                 	6.5791272247e-05                 
1.0420000000e+01	1.9068442319e-02	5.0610333888e-15                 	2.5383611280e-19                 	5.0607795527e-15                 	5.0154996678e-05                 	6.4020906524e-05                 
1.0530000000e+01	1.8869246816e-02	4.8390323113e-15                 	2.1542700086e-19                 	4.8388168843e-15                 	4.4518611780e-05                 	6.2288110324e-05                 
1.0640000000e+01	1.8674170016e-02	5.2567164599e-15                 	1.8126312384e-19                 	5.2565351968e-15                 	3.4482195344e-05                 	6.0618538883e-05                 
1.0750000000e+01	1.8483085485e-02	6.5057307743e-15                 	1.4659863619e-19                 	6.5055841757e-15                 	2.2533769268e-05                 	5.8935092215e-05                 
1.0870000000e+01	1.8279040384e-02	8.3795933604e-15                 	1.1739218085e-19                 	8.3794759682e-15                 	1.4009293267e-05                 	5.7233174026e-05                 
1.0990000000e+01	1.8079451226e-02	1.1049016070e-14                 	9.0065646560e-20                 	1.1048926004e-14                 	8.1514630795e-06                 	5.5552132442e-05                 
1.1110000000e+01	1.7884173625e-02	1.4439056980e-14                 	6.6220496887e-20                 	1.4438990759e-14                 	4.5862064939e-06                 	5.3916229573e-05                 
1.1240000000e+01	1.7677328200e-02	1.9367048738e-14                 	4.5885245176e-20                 	1.9367002852e-14                 	2.3692430270e-06                 	5.2231763839e-05                 
1.1360000000e+01	1.7490595860e-02	2.2902690449e-14                 	2.8775960950e-20                 	2.2902661673e-14                 	1.2564445655e-06                 	5.0668835432e-05                 
1.1490000000e+01	1.7292704001e-02	2.7685284697e-14                 	1.5836244339e-20                 	2.7685268861e-14                 	5.7200944516e-07                 	4.9065863241e-05                 
1.1630000000e+01	1.7084537315e-02	3.1451034500e-14                 	6.8115926819e-21                 	3.1451027688e-14                 	2.1657769896e-07                 	4.7416034305e-05                 
1.1700000000e+01	1.6982322134e-02	3.2275649353e-14                 	3.8461244752e-21                 	3.2275645507e-14                 	1.1916489838e-07                 	4.6603444527e-05                 
1.1760000000e+01	1.6895677633e-02	3.1991991998e-14                 	2.0673951378e-21                 	3.1991989931e-14                 	6.4622269784e-08                 	4.5889090383e-05                 
1.1900000000e+01	1.6696904955e-02	2.8844146547e-14                 	2.1666169117e-21                 	2.8844144381e-14                 	7.5114613223e-08                 	4.4311301268e-05                 
1.2050000000e+01	1.6489059665e-02	2.3981464680e-14                 	8.0905650790e-21                 	2.3981456589e-14                 	3.3736742885e-07                 	4.2712048594e-05                 
1.2200000000e+01	1.6286325325e-02	2.0527061197e-14                 	2.0914098134e-20                 	2.0527040283e-14                 	1.0188549609e-06                 	4.1155745324e-05                 
1.2270000000e+01	1.6193412304e-02	1.9924267544e-14                 	3.0740039707e-20                 	1.9924236804e-14                 	1.5428441542e-06                 	4.0416126973e-05                 
1.2350000000e+01	1.6088515706e-02	2.0266396333e-14                 	4.2177584655e-20                 	2.0266354156e-14                 	2.0811585820e-06                 	3.9633440201e-05                 
1.2500000000e+01	1.5895453518e-02	2.2978478085e-14                 	7.3141057689e-20                 	2.2978404944e-14                 	3.1830244553e-06                 	3.8152405923e-05                 
1.2660000000e+01	1.5694563110e-02	3.2021932914e-14                 	1.1591362308e-19                 	3.2021817000e-14                 	3.6198196839e-06                 	3.6649911866e-05                 
1.2820000000e+01	1.5498687127e-02	3.9185621919e-14                 	1.7382815361e-19                 	3.9185448091e-14                 	4.4360187513e-06                 	3.5182642439e-05                 
1.2990000000e+01	1.5295855964e-02	4.4420718480e-14                 	2.4902380396e-19                 	4.4420469456e-14                 	5.6060282788e-06                 	3.3707079523e-05                 
1.3330000000e+01	1.4905714101e-02	5.2976098683e-14                 	4.5984122275e-19                 	5.2975638842e-14                 	8.6801639641e-06                 	3.0950157685e-05                 
1.3510000000e+01	1.4707118354e-02	8.6279607047e-14                 	6.2402841785e-19                 	8.6278983018e-14                 	7.2326293456e-06                 	2.9569066115e-05                 
1.3700000000e+01	1.4503151020e-02	1.2020903478e-13                 	8.2219570354e-19                 	1.2020821259e-13                 	6.8397163743e-06                 	2.8233061848e-05                 
1.3890000000e+01	1.4304763785e-02	1.4370300024e-13                 	1.1036883246e-18                 	1.4370189655e-13                 	7.6803429487e-06                 	2.6931417979e-05                 
1.4080000000e+01	1.4111730751e-02	2.1918025917e-13                 	1.5240724320e-18                 	2.1917873510e-13                 	6.9535114053e-06                 	2.5663451619e-05                 
1.4290000000e+01	1.3904350523e-02	2.9488646505e-13                 	2.0309540410e-18                 	2.9488443410e-13                 	6.8872406221e-06                 	2.4468747482e-05                 
1.4490000000e+01	1.3712434021e-02	3.9882595191e-13                 	2.6719522417e-18                 	3.9882327995e-13                 	6.6995445731e-06                 	2.3435144140e-05                 
1.4710000000e+01	1.3507353431e-02	5.4393915052e-13                 	3.6297940873e-18                 	5.4393552072e-13                 	6.6731620326e-06                 	2.2435229079e-05                 
1.4930000000e+01	1.3308316743e-02	7.7236547288e-13                 	5.0332168485e-18                 	7.7236043966e-13                 	6.5166259047e-06                 	2.1548684581e-05                 
1.5150000000e+01	1.3115060658e-02	1.0993296541e-12                 	6.8422138266e-18                 	1.0993228119e-12                 	6.2239873191e-06                 	2.0687310359e-05                 
1.5380000000e+01	1.2918931662e-02	1.5097499544e-12                 	9.6296574931e-18                 	1.5097403248e-12                 	6.3783128225e-06                 	1.9813599167e-05                 
1.5630000000e+01	1.2712294880e-02	1.9584914863e-12                 	1.3027798344e-17                 	1.9584784585e-12                 	6.6519555661e-06                 	1.8716239512e-05                 
1.5870000000e+01	1.2520048454e-02	2.8577160029e-12                 	2.2191970062e-17                 	2.8576938109e-12                 	7.7656317282e-06                 	1.6027810586e-05                 
1.6130000000e+01	1.2318237382e-02	5.0833867195e-12                 	4.8476063187e-17                 	5.0833382434e-12                 	9.5361745745e-06                 	6.6496037731e-06                 
1.6390000000e+01	1.2122829101e-02	1.1021044396e-11                 	1.1949072442e-16                 	1.1020924906e-11                 	1.0842050909e-05                 	1.9854836111e-06                 
1.6670000000e+01	1.1919206297e-02	1.4297671818e-11                 	1.8261400276e-16                 	1.4297489204e-11                 	1.2772289439e-05                 	1.7907040413e-06                 
1.6950000000e+01	1.1722310854e-02	4.6810855389e-12                 	7.3753479525e-17                 	4.6810117854e-12                 	1.5755635934e-05                 	1.4960303532e-06                 
1.7240000000e+01	1.1525125810e-02	1.8185173734e-12                 	3.0619763123e-17                 	1.8184867536e-12                 	1.6837762218e-05                 	7.1730875120e-07                 
1.7540000000e+01	1.1328002792e-02	9.0756700397e-13                 	1.6668514905e-17                 	9.0755033546e-13                 	1.8366153498e-05                 	-4.1725014488e-07                
1.7860000000e+01	1.1125037456e-02	5.2380074329e-13                 	1.0204626627e-17                 	5.2379053867e-13                 	1.9481886495e-05                 	-1.8562884446e-06                
1.8180000000e+01	1.0929217215e-02	3.2414150726e-13                 	6.8369179514e-18                 	3.2413467034e-13                 	2.1092386499e-05                 	-3.5605593365e-06                
1.8520000000e+01	1.0728572838e-02	2.2043931492e-13                 	4.9483954181e-18                 	2.2043436652e-13                 	2.2447880588e-05                 	-5.3360239085e-06                
1.8870000000e+01	1.0529579702e-02	1.5157345194e-13                 	3.6808284409e-18                 	1.5156977111e-13                 	2.4284123597e-05                 	-7.4667923234e-06                
1.9230000000e+01	1.0332458085e-02	1.1002744837e-13                 	2.8432989704e-18                 	1.1002460507e-13                 	2.5841724156e-05                 	-9.7947051892e-06                
1.9610000000e+01	1.0132237071e-02	8.2697809208e-14                 	2.2586558970e-18                 	8.2695550553e-14                 	2.7312161212e-05                 	-1.2300265028e-05                
2.0000000000e+01	9.9346584484e-03	6.2636580089e-14                 	1.8152578723e-18                 	6.2634764832e-14                 	2.8980794763e-05                 	-1.5351009400e-05                
2.0410000000e+01	9.7350891215e-03	4.9017174273e-14                 	1.4852076796e-18                 	4.9015689066e-14                 	3.0299740889e-05                 	-1.8773888666e-05                
2.0830000000e+01	9.5387983182e-03	3.8676554696e-14                 	1.2323789589e-18                 	3.8675322317e-14                 	3.1863721279e-05                 	-2.2795992595e-05                
2.1280000000e+01	9.3370850079e-03	3.1066618507e-14                 	1.0303480977e-18                 	3.1065588159e-14                 	3.3165762713e-05                 	-2.7610348275e-05                
2.1740000000e+01	9.1395201918e-03	2.4881218964e-14                 	8.6881972700e-19                 	2.4880350145e-14                 	3.4918696236e-05                 	-3.3756708854e-05                
2.2220000000e+01	8.9420868123e-03	2.0421806160e-14                 	7.3628145197e-19                 	2.0421069878e-14                 	3.6053689190e-05                 	-4.2025733389e-05                
2.2730000000e+01	8.7414504606e-03	1.6707250306e-14                 	6.2698296285e-19                 	1.6706623323e-14                 	3.7527597383e-05                 	-5.3390210027e-05                
2.3260000000e+01	8.5422686573e-03	1.4090732205e-14                 	5.3662811637e-19                 	1.4090195577e-14                 	3.8083763750e-05                 	-7.0509116506e-05                
2.3810000000e+01	8.3449461978e-03	1.1400747170e-14                 	4.6107821161e-19                 	1.1400286092e-14                 	4.0442806487e-05                 	-1.0042898648e-04                
2.4390000000e+01	8.1465013927e-03	8.8398955376e-15                 	3.9664823806e-19                 	8.8394988893e-15                 	4.4870240420e-05                 	-1.6792398105e-04                
2.5000000000e+01	7.9477267588e-03	7.4002095717e-15                 	3.4062246100e-19                 	7.3998689493e-15                 	4.6028758740e-05                 	-4.2514911540e-04                
2.5640000000e+01	7.7493435635e-03	8.1890674512e-15                 	2.9463982138e-19                 	8.1887728113e-15                 	3.5979654966e-05                 	3.3899831400e-04                 
2.6320000000e+01	7.5491325596e-03	6.8197807368e-15                 	2.5451335340e-19                 	6.8195262234e-15                 	3.7319873354e-05                 	1.6834760309e-04                 
2.7030000000e+01	7.3508386596e-03	6.9638186275e-15                 	2.2009211270e-19                 	6.9635985354e-15                 	3.1605089746e-05                 	1.0548731168e-04                 
2.7780000000e+01	7.1523818923e-03	6.8711130382e-15                 	1.9047677840e-19                 	6.8709225614e-15                 	2.7721386236e-05                 	7.6925956962e-05                 
2.8570000000e+01	6.9546086443e-03	6.2615081263e-15                 	1.6485153494e-19                 	6.2613432748e-15                 	2.6327768265e-05                 	6.0366890277e-05                 
2.9410000000e+01	6.7559731033e-03	6.0334805572e-15                 	1.4214542741e-19                 	6.0333384118e-15                 	2.3559440702e-05                 	4.8848411471e-05                 
3.0300000000e+01	6.5575303290e-03	5.5982641732e-15                 	1.2283461504e-19                 	5.5981413385e-15                 	2.1941553889e-05                 	4.1284704588e-05                 
3.1250000000e+01	6.3581814070e-03	4.8926040641e-15                 	1.0546293446e-19                 	4.8924986012e-15                 	2.1555583301e-05                 	3.5014088997e-05                 
3.2260000000e+01	6.1591186909e-03	5.2829395892e-15                 	9.0415343433e-20                 	5.2828491739e-15                 	1.7114589691e-05                 	3.0170111916e-05                 
3.3330000000e+01	5.9613912082e-03	5.0132413494e-15                 	7.7796375027e-20                 	5.0131635530e-15                 	1.5518178680e-05                 	2.6694054080e-05                 
3.7040000000e+01	5.3642864192e-03	1.4763143774e-15                 	4.7918614999e-20                 	1.4762664587e-15                 	3.2458272936e-05                 	1.8516014150e-05                 
3.8460000000e+01	5.1662290424e-03	1.4437017375e-15                 	4.0453793637e-20                 	1.4436612838e-15                 	2.8020880342e-05                 	1.6478324033e-05                 
4.0000000000e+01	4.9673292242e-03	1.4141563260e-15                 	3.3949963631e-20                 	1.4141223760e-15                 	2.4007221131e-05                 	1.4669274025e-05                 
4.1670000000e+01	4.7682545949e-03	1.3633811422e-15                 	2.8394721505e-20                 	1.3633527475e-15                 	2.0826693744e-05                 	1.3120933067e-05                 
4.3470000000e+01	4.5708113404e-03	1.2569565212e-15                 	2.3596893710e-20                 	1.2569329243e-15                 	1.8773038933e-05                 	1.1699746621e-05                 
4.5460000000e+01	4.3707252303e-03	1.1555112066e-15                 	1.9446925686e-20                 	1.1554917597e-15                 	1.6829716211e-05                 	1.0423020898e-05                 
4.7620000000e+01	4.1724730989e-03	1.1365041690e-15                 	1.5950457747e-20                 	1.1364882186e-15                 	1.4034667168e-05                 	9.2933682581e-06                 
5.0000000000e+01	3.9738633794e-03	1.1416794640e-15                 	1.2953465841e-20                 	1.1416665105e-15                 	1.1345974285e-05                 	8.2459060381e-06                 
5.2630000000e+01	3.7752834689e-03	1.1257192183e-15                 	1.0438252949e-20                 	1.1257087800e-15                 	9.2725190967e-06                 	7.3114028889e-06                 
5.5560000000e+01	3.5761909462e-03	1.1766708102e-15                 	8.3109377298e-21                 	1.1766624993e-15                 	7.0630950115e-06                 	6.4444192283e-06                 
5.8820000000e+01	3.3779865517e-03	1.2267948713e-15                 	6.5590996391e-21                 	1.2267883122e-15                 	5.3465333062e-06                 	5.6729264775e-06                 
6.2500000000e+01	3.1790907035e-03	1.1379361041e-15                 	5.0999283914e-21                 	1.1379310042e-15                 	4.4817352864e-06                 	4.9570591553e-06                 
6.6670000000e+01	2.9802485221e-03	1.2406053899e-15                 	3.9031350908e-21                 	1.2406014867e-15                 	3.1461535817e-06                 	4.2975150270e-06                 
7.1430000000e+01	2.7816487326e-03	1.2635462377e-15                 	2.9346448730e-21                 	1.2635433030e-15                 	2.3225464850e-06                 	3.6930669356e-06                 
7.6920000000e+01	2.5831145212e-03	1.2462186273e-15                 	2.1684873897e-21                 	1.2462164588e-15                 	1.7400537451e-06                 	3.1557444363e-06                 
8.3330000000e+01	2.3844134042e-03	1.2604070000e-15                 	1.5642276742e-21                 	1.2604054358e-15                 	1.2410496563e-06                 	2.6643762651e-06                 
9.0910000000e+01	2.1856030026e-03	1.3421878290e-15                 	1.0970152480e-21                 	1.3421867320e-15                 	8.1733362815e-07                 	2.2180702702e-06                 
9.5240000000e+01	2.0862365494e-03	1.5172403396e-15                 	9.0774871325e-22                 	1.5172394319e-15                 	5.9828933463e-07                 	2.0116067396e-06                 
1.0000000000e+02	1.9869316897e-03	1.1390211227e-15                 	7.4425770613e-22                 	1.1390203784e-15                 	6.5341870429e-07                 	1.8163767339e-06                 
1.0520000000e+02	1.8887183362e-03	7.1781348096e-16                 	6.0759328261e-22                 	7.1781287337e-16                 	8.4645008588e-07                 	1.6413343747e-06                 
1.1110000000e+02	1.7884173625e-03	4.2360134763e-16                 	4.8676080126e-22                 	4.2360086087e-16                 	1.1491011631e-06                 	1.4648976711e-06                 
1.1760000000e+02	1.6895677633e-03	1.7119999927e-16                 	3.8639896974e-22                 	1.7119961287e-16                 	2.2570033375e-06                 	1.3014258749e-06                 
1.2500000000e+02	1.5895453518e-03	1.2487921535e-16                 	3.0249866135e-22                 	1.2487891285e-16                 	2.4223299330e-06                 	1.1508343010e-06                 
1.3330000000e+02	1.4905714101e-03	9.5567903733e-17                 	2.3341956771e-22                 	9.5567670314e-17                 	2.4424472924e-06                 	1.0091759847e-06                 
1.4290000000e+02	1.3904350523e-03	7.8464200546e-17                 	1.7642927032e-22                 	7.8464024117e-17                 	2.2485320578e-06                 	8.7610707003e-07                 
1.5380000000e+02	1.2918931662e-03	6.7395856591e-17                 	1.3125400626e-22                 	6.7395725337e-17                 	1.9475085398e-06                 	7.5457540377e-07                 
1.6670000000e+02	1.1919206297e-03	5.5475867731e-17                 	9.4935876462e-23                 	5.5475772795e-17                 	1.7113004329e-06                 	6.4082152541e-07                 
1.8180000000e+02	1.0929217215e-03	4.6098983979e-17                 	6.7016634034e-23                 	4.6098916962e-17                 	1.4537551210e-06                 	5.3779206895e-07                 
2.0000000000e+02	9.9346584484e-04	3.7875071976e-17                 	4.5690012229e-23                 	3.7875026286e-17                 	1.2063346641e-06                 	4.4354282732e-07                 
2.2220000000e+02	8.9420868123e-04	2.9970777627e-17                 	2.9957175698e-23                 	2.9970747670e-17                 	9.9954616029e-07                 	3.5884111926e-07                 
2.5000000000e+02	7.9477267588e-04	2.3894009028e-17                 	1.8674613955e-23                 	2.3893990354e-17                 	7.8156051304e-07                 	2.8307713296e-07                 
2.8570000000e+02	6.9546086443e-04	1.7676943366e-17                 	1.0937145810e-23                 	1.7676932429e-17                 	6.1872381350e-07                 	2.1645048861e-07                 
3.3330000000e+02	5.9613912082e-04	1.2160004219e-17                 	5.9005409895e-24                 	1.2159998319e-17                 	4.8524168932e-07                 	1.5889288496e-07                 
4.0000000000e+02	4.9673292242e-04	8.2185116664e-18                 	2.8423705738e-24                 	8.2185088240e-18                 	3.4584979485e-07                 	1.1021761263e-07                 
5.0000000000e+02	3.9738633794e-04	4.9048261034e-18                 	1.1633962499e-24                 	4.9048249401e-18                 	2.3719418901e-07                 	7.0473650027e-08                 
6.2500000000e+02	3.1790907035e-04	3.1198996187e-18                 	4.7635518506e-25                 	3.1198991423e-18                 	1.5268285627e-07                 	4.5082146894e-08                 
