#wavelengths (mu)	size parameter  	extinction cross section (cm^2)  	scattering cross section (cm^2)  	absorption cross section (cm^2)  	single scattering albedo         	asymmetry parameter              
1.6530000000e-02	2.3983294624e+01	2.2937389017e-10                 	1.1396527055e-10                 	1.1540861963e-10                 	4.9685371976e-01                 	9.8542962285e-01                 
1.6750000000e-02	2.3668290158e+01	2.2819385778e-10                 	1.1276584143e-10                 	1.1542801635e-10                 	4.9416685675e-01                 	9.8544000643e-01                 
1.6980000000e-02	2.3347694944e+01	2.2605163706e-10                 	1.1069379693e-10                 	1.1535784013e-10                 	4.8968367747e-01                 	9.8567157324e-01                 
1.7220000000e-02	2.3022291530e+01	2.2530234513e-10                 	1.1009734715e-10                 	1.1520499798e-10                 	4.8866489645e-01                 	9.8554325489e-01                 
1.7710000000e-02	2.2385311132e+01	2.2671391786e-10                 	1.1095835157e-10                 	1.1575556630e-10                 	4.8942011418e-01                 	9.8446363285e-01                 
1.8230000000e-02	2.1746783332e+01	2.2630186678e-10                 	1.1019414236e-10                 	1.1610772442e-10                 	4.8693430563e-01                 	9.8382187203e-01                 
1.8790000000e-02	2.1098662062e+01	2.2141191392e-10                 	1.0493335014e-10                 	1.1647856378e-10                 	4.7392820142e-01                 	9.8427164043e-01                 
1.9070000000e-02	2.0788875728e+01	2.1700909724e-10                 	1.0078697261e-10                 	1.1622212463e-10                 	4.6443662451e-01                 	9.8483787785e-01                 
1.9370000000e-02	2.0466900369e+01	2.0889308445e-10                 	9.5092406108e-11                 	1.1380067834e-10                 	4.5522046055e-01                 	9.8583864183e-01                 
1.9680000000e-02	2.0144505089e+01	2.0632053546e-10                 	9.2947481420e-11                 	1.1337305404e-10                 	4.5050038870e-01                 	9.8583296799e-01                 
2.0000000000e-02	1.9822193007e+01	2.0921845139e-10                 	9.6545076877e-11                 	1.1267337451e-10                 	4.6145584309e-01                 	9.8508790541e-01                 
2.0330000000e-02	1.9500435816e+01	2.1678853430e-10                 	1.0493705721e-10                 	1.1185147709e-10                 	4.8405261631e-01                 	9.8352420288e-01                 
2.0660000000e-02	1.9188957412e+01	2.2528761588e-10                 	1.1429317820e-10                 	1.1099443767e-10                 	5.0732117590e-01                 	9.8132818461e-01                 
2.1010000000e-02	1.8869293676e+01	2.3321450489e-10                 	1.2174741914e-10                 	1.1146708575e-10                 	5.2204051031e-01                 	9.7787920116e-01                 
2.1380000000e-02	1.8542743692e+01	2.3700711009e-10                 	1.1998529207e-10                 	1.1702181802e-10                 	5.0625186740e-01                 	9.7389849099e-01                 
2.1750000000e-02	1.8227303915e+01	2.3188834732e-10                 	1.1084903409e-10                 	1.2103931323e-10                 	4.7802761704e-01                 	9.7689309422e-01                 
2.2140000000e-02	1.7906226745e+01	2.2475323382e-10                 	1.0391429532e-10                 	1.2083893850e-10                 	4.6234838783e-01                 	9.7917167302e-01                 
2.2540000000e-02	1.7588458746e+01	2.2383800610e-10                 	1.0311814437e-10                 	1.2071986173e-10                 	4.6068201806e-01                 	9.7890277525e-01                 
2.2750000000e-02	1.7426103742e+01	2.2270325529e-10                 	1.0205226057e-10                 	1.2065099472e-10                 	4.5824323691e-01                 	9.7897336791e-01                 
2.2960000000e-02	1.7266718647e+01	2.2302106934e-10                 	1.0202754205e-10                 	1.2099352728e-10                 	4.5747938685e-01                 	9.7866185196e-01                 
2.3390000000e-02	1.6949288591e+01	2.2249499850e-10                 	1.0005745530e-10                 	1.2243754320e-10                 	4.4970653712e-01                 	9.7868157726e-01                 
2.3840000000e-02	1.6629356550e+01	2.1173811799e-10                 	9.0353581810e-11                 	1.2138453618e-10                 	4.2672326868e-01                 	9.8079802629e-01                 
2.4070000000e-02	1.6470455344e+01	2.0203932132e-10                 	8.3841191504e-11                 	1.1819812981e-10                 	4.1497462453e-01                 	9.8177425859e-01                 
2.4310000000e-02	1.6307851096e+01	2.0076347604e-10                 	8.4800097837e-11                 	1.1596337821e-10                 	4.2238807331e-01                 	9.8137890058e-01                 
2.4800000000e-02	1.5985639522e+01	2.0615234801e-10                 	9.0479842556e-11                 	1.1567250545e-10                 	4.3889794820e-01                 	9.7977489073e-01                 
2.5300000000e-02	1.5669717792e+01	2.0515457775e-10                 	9.0468967734e-11                 	1.1468561001e-10                 	4.4097952250e-01                 	9.7926517600e-01                 
2.5830000000e-02	1.5348194353e+01	2.0702675396e-10                 	9.2848623340e-11                 	1.1417813062e-10                 	4.4848610900e-01                 	9.7817889589e-01                 
2.6380000000e-02	1.5028197883e+01	2.0710914265e-10                 	9.4249352446e-11                 	1.1285979020e-10                 	4.5507094105e-01                 	9.7739083520e-01                 
2.6950000000e-02	1.4710347315e+01	2.1206034004e-10                 	9.8947497700e-11                 	1.1311284234e-10                 	4.6660067452e-01                 	9.7549049105e-01                 
2.7550000000e-02	1.4389976775e+01	2.1089002418e-10                 	9.9057562621e-11                 	1.1183246156e-10                 	4.6971194112e-01                 	9.7493034393e-01                 
2.8180000000e-02	1.4068270410e+01	2.1663238784e-10                 	1.0501248111e-10                 	1.1161990673e-10                 	4.8474968198e-01                 	9.7244699913e-01                 
2.8830000000e-02	1.3751087761e+01	2.2000399255e-10                 	1.0716733108e-10                 	1.1283666147e-10                 	4.8711539203e-01                 	9.7028155329e-01                 
2.9520000000e-02	1.3429670059e+01	2.2024650059e-10                 	1.0733609630e-10                 	1.1291040429e-10                 	4.8734529727e-01                 	9.6909919053e-01                 
3.0240000000e-02	1.3109916010e+01	2.2306131386e-10                 	1.0983800394e-10                 	1.1322330993e-10                 	4.9241171423e-01                 	9.6676725374e-01                 
3.1000000000e-02	1.2788511617e+01	2.2535194340e-10                 	1.1096927878e-10                 	1.1438266461e-10                 	4.9242654450e-01                 	9.6442482442e-01                 
3.1790000000e-02	1.2470709662e+01	2.2531304777e-10                 	1.1003818616e-10                 	1.1527486161e-10                 	4.8837911185e-01                 	9.6317801471e-01                 
3.2630000000e-02	1.2149673924e+01	2.2522897553e-10                 	1.0967791494e-10                 	1.1555106058e-10                 	4.8696183378e-01                 	9.6183317427e-01                 
3.3510000000e-02	1.1830613552e+01	2.2586272507e-10                 	1.1015289883e-10                 	1.1570982624e-10                 	4.8769844071e-01                 	9.6000259336e-01                 
3.4440000000e-02	1.1511145765e+01	2.2557806389e-10                 	1.1017132984e-10                 	1.1540673405e-10                 	4.8839558218e-01                 	9.5851293591e-01                 
3.4930000000e-02	1.1349666766e+01	2.2698508153e-10                 	1.1200260808e-10                 	1.1498247345e-10                 	4.9343598850e-01                 	9.5673948611e-01                 
3.5420000000e-02	1.1192655566e+01	2.2973264001e-10                 	1.1405663136e-10                 	1.1567600865e-10                 	4.9647551760e-01                 	9.5414428993e-01                 
3.6470000000e-02	1.0870410204e+01	2.3033933000e-10                 	1.1282335842e-10                 	1.1751597158e-10                 	4.8981369539e-01                 	9.5228993306e-01                 
3.7570000000e-02	1.0552138944e+01	2.2886506270e-10                 	1.1031278074e-10                 	1.1855228196e-10                 	4.8199921578e-01                 	9.5173384343e-01                 
3.8750000000e-02	1.0230809294e+01	2.2557117928e-10                 	1.0695323998e-10                 	1.1861793930e-10                 	4.7414408312e-01                 	9.5185410391e-01                 
3.9360000000e-02	1.0072252544e+01	2.2284418104e-10                 	1.0510851245e-10                 	1.1773566860e-10                 	4.7166819415e-01                 	9.5213579373e-01                 
3.9990000000e-02	9.9135748973e+00	2.2042584961e-10                 	1.0431553657e-10                 	1.1611031304e-10                 	4.7324547803e-01                 	9.5193528685e-01                 
4.0650000000e-02	9.7526164857e+00	2.1868337730e-10                 	1.0503257098e-10                 	1.1365080632e-10                 	4.8029517506e-01                 	9.5117813850e-01                 
4.1330000000e-02	9.5921572742e+00	2.2045787041e-10                 	1.0930418937e-10                 	1.1115368104e-10                 	4.9580533988e-01                 	9.4860632084e-01                 
4.2750000000e-02	9.2735405881e+00	2.2541945000e-10                 	1.1784491605e-10                 	1.0757453395e-10                 	5.2278060324e-01                 	9.4248140249e-01                 
4.4280000000e-02	8.9531133727e+00	2.3228129098e-10                 	1.2920765111e-10                 	1.0307363986e-10                 	5.5625509299e-01                 	9.3366617911e-01                 
4.5090000000e-02	8.7922790007e+00	2.3751860521e-10                 	1.3687991876e-10                 	1.0063868646e-10                 	5.7629135467e-01                 	9.2588647491e-01                 
4.5920000000e-02	8.6333593236e+00	2.4198227644e-10                 	1.4290255780e-10                 	9.9079718639e-11                 	5.9054968778e-01                 	9.1649528093e-01                 
4.6790000000e-02	8.4728330870e+00	2.4566130637e-10                 	1.4773436520e-10                 	9.7926941176e-11                 	6.0137417397e-01                 	9.0542014781e-01                 
4.7690000000e-02	8.3129347901e+00	2.4895356593e-10                 	1.5158840459e-10                 	9.7365161347e-11                 	6.0890232288e-01                 	8.9225035894e-01                 
4.8620000000e-02	8.1539255480e+00	2.5234393805e-10                 	1.5416988946e-10                 	9.8174048589e-11                 	6.1095142864e-01                 	8.7807416492e-01                 
4.9590000000e-02	7.9944315415e+00	2.5558627375e-10                 	1.5475599229e-10                 	1.0083028145e-10                 	6.0549414499e-01                 	8.6808501258e-01                 
4.9790000000e-02	7.9623189424e+00	2.5635668755e-10                 	1.5473041921e-10                 	1.0162626834e-10                 	6.0357473289e-01                 	8.6634608117e-01                 
4.9990000000e-02	7.9304632955e+00	2.5711204364e-10                 	1.5442798873e-10                 	1.0268405491e-10                 	6.0062526262e-01                 	8.6518471322e-01                 
5.0610000000e-02	7.8333108109e+00	2.5730987016e-10                 	1.5167282127e-10                 	1.0563704888e-10                 	5.8945590070e-01                 	8.6799854725e-01                 
5.1020000000e-02	7.7703618217e+00	2.5707157002e-10                 	1.5098533544e-10                 	1.0608623458e-10                 	5.8732801697e-01                 	8.6856810127e-01                 
5.1450000000e-02	7.7054200222e+00	2.5773460299e-10                 	1.5216615948e-10                 	1.0556844350e-10                 	5.9039864155e-01                 	8.6504271152e-01                 
5.1660000000e-02	7.6740971766e+00	2.5817904651e-10                 	1.5276166794e-10                 	1.0541737857e-10                 	5.9168886865e-01                 	8.6311833635e-01                 
5.1880000000e-02	7.6415547444e+00	2.5866995002e-10                 	1.5303241940e-10                 	1.0563753062e-10                 	5.9161266854e-01                 	8.6163950838e-01                 
5.2310000000e-02	7.5787394407e+00	2.5904195328e-10                 	1.5306186514e-10                 	1.0598008815e-10                 	5.9087674099e-01                 	8.6031526370e-01                 
5.2760000000e-02	7.5140989413e+00	2.5951750078e-10                 	1.5421310384e-10                 	1.0530439694e-10                 	5.9423007456e-01                 	8.5696545277e-01                 
5.3210000000e-02	7.4505517786e+00	2.6035827000e-10                 	1.5587783352e-10                 	1.0448043647e-10                 	5.9870513629e-01                 	8.5225388134e-01                 
5.3910000000e-02	7.3538093144e+00	2.6218486652e-10                 	1.5928132584e-10                 	1.0290354067e-10                 	6.0751533053e-01                 	8.4267022253e-01                 
5.4620000000e-02	7.2582178715e+00	2.6421532831e-10                 	1.6301168436e-10                 	1.0120364395e-10                 	6.1696528133e-01                 	8.3194247889e-01                 
5.5100000000e-02	7.1949883873e+00	2.6616274606e-10                 	1.6666645717e-10                 	9.9496288889e-11                 	6.2618251291e-01                 	8.2163426701e-01                 
5.5850000000e-02	7.0983681315e+00	2.7002735387e-10                 	1.7269008374e-10                 	9.7337270132e-11                 	6.3952811173e-01                 	8.0393656693e-01                 
5.6360000000e-02	7.0341352048e+00	2.7336221394e-10                 	1.7689477062e-10                 	9.6467443312e-11                 	6.4710761622e-01                 	7.9135129825e-01                 
5.6870000000e-02	6.9710543369e+00	2.7677233598e-10                 	1.7967407177e-10                 	9.7098264210e-11                 	6.4917641112e-01                 	7.8257406054e-01                 
5.7400000000e-02	6.9066874589e+00	2.7652172114e-10                 	1.7981922254e-10                 	9.6702498597e-11                 	6.5028968358e-01                 	7.8152307698e-01                 
5.7670000000e-02	6.8743516584e+00	2.8206927696e-10                 	1.8286915502e-10                 	9.9200121941e-11                 	6.4831291444e-01                 	7.7280507266e-01                 
5.7940000000e-02	6.8423172272e+00	2.8404731801e-10                 	1.8376275662e-10                 	1.0028456138e-10                 	6.4694417082e-01                 	7.7026762825e-01                 
5.8210000000e-02	6.8105799715e+00	2.8600900041e-10                 	1.8412934949e-10                 	1.0187965092e-10                 	6.4378865429e-01                 	7.6918048005e-01                 
5.8480000000e-02	6.7791357753e+00	2.8788926002e-10                 	1.8382469184e-10                 	1.0406456817e-10                 	6.3852570198e-01                 	7.6986255083e-01                 
5.8760000000e-02	6.7468322012e+00	2.8957622956e-10                 	1.8313273905e-10                 	1.0644349051e-10                 	6.3241633932e-01                 	7.7154306887e-01                 
5.9040000000e-02	6.7148350295e+00	2.9119767861e-10                 	1.8185826375e-10                 	1.0933941486e-10                 	6.2451824691e-01                 	7.7470437254e-01                 
5.9320000000e-02	6.6831399215e+00	2.9159435754e-10                 	1.7877540623e-10                 	1.1281895132e-10                 	6.1309624689e-01                 	7.8193770823e-01                 
5.9610000000e-02	6.6506267429e+00	2.9129819212e-10                 	1.7628566135e-10                 	1.1501253077e-10                 	6.0517252120e-01                 	7.8748145304e-01                 
5.9900000000e-02	6.6184283830e+00	2.9151589532e-10                 	1.7502378179e-10                 	1.1649211353e-10                 	6.0039189835e-01                 	7.9018692983e-01                 
6.0190000000e-02	6.5865402914e+00	2.9044416353e-10                 	1.7227838147e-10                 	1.1816578206e-10                 	5.9315490929e-01                 	7.9606644242e-01                 
6.0480000000e-02	6.5549580050e+00	2.9000935468e-10                 	1.7203646323e-10                 	1.1797289144e-10                 	5.9321004808e-01                 	7.9606259120e-01                 
6.0780000000e-02	6.5226038194e+00	2.9006631994e-10                 	1.7235573505e-10                 	1.1771058489e-10                 	5.9419423491e-01                 	7.9483827028e-01                 
6.1080000000e-02	6.4905674548e+00	2.9038929256e-10                 	1.7331273652e-10                 	1.1707655604e-10                 	5.9682894983e-01                 	7.9216127453e-01                 
6.1380000000e-02	6.4588442513e+00	2.9121533673e-10                 	1.7494636675e-10                 	1.1626896997e-10                 	6.0074571868e-01                 	7.8802450850e-01                 
6.1990000000e-02	6.3952873067e+00	2.9432645733e-10                 	1.7953345032e-10                 	1.1479300701e-10                 	6.0998067230e-01                 	7.7716890588e-01                 
6.2300000000e-02	6.3634648498e+00	2.9715463458e-10                 	1.8283071918e-10                 	1.1432391540e-10                 	6.1527130290e-01                 	7.6996357632e-01                 
6.2620000000e-02	6.3309463453e+00	2.9991273015e-10                 	1.8441948454e-10                 	1.1549324561e-10                 	6.1491049230e-01                 	7.6697347841e-01                 
6.2940000000e-02	6.2987585024e+00	3.0209642919e-10                 	1.8484868833e-10                 	1.1724774085e-10                 	6.1188637293e-01                 	7.6658229031e-01                 
6.3260000000e-02	6.2668963032e+00	3.0404667186e-10                 	1.8504583462e-10                 	1.1900083725e-10                 	6.0860996597e-01                 	7.6668351245e-01                 
6.3580000000e-02	6.2353548308e+00	3.0575300557e-10                 	1.8482699895e-10                 	1.2092600662e-10                 	6.0449773373e-01                 	7.6767939855e-01                 
6.3910000000e-02	6.2031585064e+00	3.0729970497e-10                 	1.8438069960e-10                 	1.2291900537e-10                 	6.0000285265e-01                 	7.6913623060e-01                 
6.4240000000e-02	6.1712929661e+00	3.0882700220e-10                 	1.8357657374e-10                 	1.2525042845e-10                 	5.9443174476e-01                 	7.7144678277e-01                 
6.4580000000e-02	6.1388024178e+00	3.0795693045e-10                 	1.8004219561e-10                 	1.2791473484e-10                 	5.8463433620e-01                 	7.7887962378e-01                 
6.4910000000e-02	6.1075929771e+00	3.0892550698e-10                 	1.8063156168e-10                 	1.2829394530e-10                 	5.8470912114e-01                 	7.7755306923e-01                 
6.5080000000e-02	6.0916389081e+00	3.0897322495e-10                 	1.7976122584e-10                 	1.2921199911e-10                 	5.8180195345e-01                 	7.7941502901e-01                 
6.5250000000e-02	6.0757679715e+00	3.0903053130e-10                 	1.7932272390e-10                 	1.2970780741e-10                 	5.8027510467e-01                 	7.8025092904e-01                 
6.5600000000e-02	6.0433515266e+00	3.0961584354e-10                 	1.7916908918e-10                 	1.3044675436e-10                 	5.7868191476e-01                 	7.8045162577e-01                 
6.5950000000e-02	6.0112791530e+00	3.1043136853e-10                 	1.7921868872e-10                 	1.3121267981e-10                 	5.7732145295e-01                 	7.8030560549e-01                 
6.6300000000e-02	5.9795454018e+00	3.1139729261e-10                 	1.7939154861e-10                 	1.3200574400e-10                 	5.7608576846e-01                 	7.7996121618e-01                 
6.6660000000e-02	5.9472526274e+00	3.1258678978e-10                 	1.7965179442e-10                 	1.3293499536e-10                 	5.7472612500e-01                 	7.7953771109e-01                 
6.7020000000e-02	5.9153067762e+00	3.1368882048e-10                 	1.7968023066e-10                 	1.3400858983e-10                 	5.7279768651e-01                 	7.7962258416e-01                 
6.7570000000e-02	5.8671579124e+00	3.1492338296e-10                 	1.7920102664e-10                 	1.3572235632e-10                 	5.6903055261e-01                 	7.8073219949e-01                 
6.8120000000e-02	5.8197865552e+00	3.1593409375e-10                 	1.7858178456e-10                 	1.3735230920e-10                 	5.6525012047e-01                 	7.8204661728e-01                 
6.8500000000e-02	5.7875016079e+00	3.1658916539e-10                 	1.7832669607e-10                 	1.3826246932e-10                 	5.6327479132e-01                 	7.8251786946e-01                 
6.8880000000e-02	5.7555728824e+00	3.1738125822e-10                 	1.7826866595e-10                 	1.3911259228e-10                 	5.6168617815e-01                 	7.8260574049e-01                 
6.9260000000e-02	5.7239945155e+00	3.1830347252e-10                 	1.7835913773e-10                 	1.3994433479e-10                 	5.6034304721e-01                 	7.8242256225e-01                 
6.9650000000e-02	5.6919434335e+00	3.1948519096e-10                 	1.7867526530e-10                 	1.4080992566e-10                 	5.5925992927e-01                 	7.8185080661e-01                 
7.0050000000e-02	5.6594412583e+00	3.2064232839e-10                 	1.7882652255e-10                 	1.4181580584e-10                 	5.5771339814e-01                 	7.8164391365e-01                 
7.0250000000e-02	5.6433289700e+00	3.2136695477e-10                 	1.7898795584e-10                 	1.4237899893e-10                 	5.5695818497e-01                 	7.8142451946e-01                 
7.0450000000e-02	5.6273081638e+00	3.2194817125e-10                 	1.7883470102e-10                 	1.4311347022e-10                 	5.5547667916e-01                 	7.8186484140e-01                 
7.0850000000e-02	5.5955378990e+00	3.2165581625e-10                 	1.7684901372e-10                 	1.4480680252e-10                 	5.4980822603e-01                 	7.8590543326e-01                 
7.1260000000e-02	5.5633435327e+00	3.2230289417e-10                 	1.7643645742e-10                 	1.4586643675e-10                 	5.4742436574e-01                 	7.8672748815e-01                 
7.1670000000e-02	5.5315175128e+00	3.2221946920e-10                 	1.7475887382e-10                 	1.4746059538e-10                 	5.4235975950e-01                 	7.9022970047e-01                 
7.2080000000e-02	5.5000535536e+00	3.2093071246e-10                 	1.7181082106e-10                 	1.4911989141e-10                 	5.3535175783e-01                 	7.9627707434e-01                 
7.2510000000e-02	5.4674370451e+00	3.2024109080e-10                 	1.7006008617e-10                 	1.5018100463e-10                 	5.3103768084e-01                 	7.9972587588e-01                 
7.2930000000e-02	5.4359503653e+00	3.1946319206e-10                 	1.6829683257e-10                 	1.5116635948e-10                 	5.2681134089e-01                 	8.0321734559e-01                 
7.3150000000e-02	5.4196016424e+00	3.1963445579e-10                 	1.6820591084e-10                 	1.5142854495e-10                 	5.2624461410e-01                 	8.0325122460e-01                 
7.3360000000e-02	5.4040875156e+00	3.1986641569e-10                 	1.6797365319e-10                 	1.5189276249e-10                 	5.2513688513e-01                 	8.0375205308e-01                 
7.3800000000e-02	5.3718680236e+00	3.1936492992e-10                 	1.6614398280e-10                 	1.5322094712e-10                 	5.2023239634e-01                 	8.0777501453e-01                 
7.4240000000e-02	5.3400304437e+00	3.1846713862e-10                 	1.6383936813e-10                 	1.5462777049e-10                 	5.1446239897e-01                 	8.1297026317e-01                 
7.4690000000e-02	5.3078572786e+00	3.1628610692e-10                 	1.6022411557e-10                 	1.5606199135e-10                 	5.0657968232e-01                 	8.2097265210e-01                 
7.5140000000e-02	5.2760694722e+00	3.1562717904e-10                 	1.5890611391e-10                 	1.5672106513e-10                 	5.0346143951e-01                 	8.2357022222e-01                 
7.5600000000e-02	5.2439664040e+00	3.1365395912e-10                 	1.5574207728e-10                 	1.5791188184e-10                 	4.9654108534e-01                 	8.3064530868e-01                 
7.6060000000e-02	5.2122516453e+00	3.1198906348e-10                 	1.5339276721e-10                 	1.5859629627e-10                 	4.9166071881e-01                 	8.3541932205e-01                 
7.6530000000e-02	5.1802412144e+00	3.0797358870e-10                 	1.4894685440e-10                 	1.5902673430e-10                 	4.8363515530e-01                 	8.4382588036e-01                 
7.7010000000e-02	5.1479529950e+00	3.0496939039e-10                 	1.4699745068e-10                 	1.5797193971e-10                 	4.8200722864e-01                 	8.4432455094e-01                 
7.7490000000e-02	5.1160647844e+00	3.0458285617e-10                 	1.4760398461e-10                 	1.5697887156e-10                 	4.8461028460e-01                 	8.4022669599e-01                 
7.7980000000e-02	5.0839171601e+00	3.0397871698e-10                 	1.4741586946e-10                 	1.5656284752e-10                 	4.8495457485e-01                 	8.3871574247e-01                 
7.8470000000e-02	5.0521710226e+00	3.0368402541e-10                 	1.4772851433e-10                 	1.5595551108e-10                 	4.8645467646e-01                 	8.3601903555e-01                 
7.8970000000e-02	5.0201831093e+00	3.0492877849e-10                 	1.4943579319e-10                 	1.5549298530e-10                 	4.9006785757e-01                 	8.3111145592e-01                 
7.9990000000e-02	4.9561677727e+00	3.0562091912e-10                 	1.5018602450e-10                 	1.5543489461e-10                 	4.9141277677e-01                 	8.2743350300e-01                 
8.0510000000e-02	4.9241567525e+00	3.0653256814e-10                 	1.5128868837e-10                 	1.5524387977e-10                 	4.9354849728e-01                 	8.2407734554e-01                 
8.1040000000e-02	4.8919528645e+00	3.0717018336e-10                 	1.5199503722e-10                 	1.5517514614e-10                 	4.9482353904e-01                 	8.2159480769e-01                 
8.1570000000e-02	4.8601674653e+00	3.0872129159e-10                 	1.5364585487e-10                 	1.5507543672e-10                 	4.9768467242e-01                 	8.1744943629e-01                 
8.2110000000e-02	4.8282043617e+00	3.1025722658e-10                 	1.5482087547e-10                 	1.5543635112e-10                 	4.9900812037e-01                 	8.1474986591e-01                 
8.2660000000e-02	4.7960786371e+00	3.1104298442e-10                 	1.5515255690e-10                 	1.5589042752e-10                 	4.9881387677e-01                 	8.1362305218e-01                 
8.3210000000e-02	4.7643776006e+00	3.1136344769e-10                 	1.5517735896e-10                 	1.5618608874e-10                 	4.9838014098e-01                 	8.1281533393e-01                 
8.3770000000e-02	4.7325278756e+00	3.1216890967e-10                 	1.5578668279e-10                 	1.5638222688e-10                 	4.9904611882e-01                 	8.1084638439e-01                 
8.4340000000e-02	4.7005437532e+00	3.1189584267e-10                 	1.5523478987e-10                 	1.5666105279e-10                 	4.9771355895e-01                 	8.1095821947e-01                 
8.4920000000e-02	4.6684392386e+00	3.1197507509e-10                 	1.5548340696e-10                 	1.5649166813e-10                 	4.9838406776e-01                 	8.0906537605e-01                 
8.5510000000e-02	4.6362280452e+00	3.1264079037e-10                 	1.5657615854e-10                 	1.5606463184e-10                 	5.0081807416e-01                 	8.0541205261e-01                 
8.6100000000e-02	4.6044583059e+00	3.1412335474e-10                 	1.5813098996e-10                 	1.5599236478e-10                 	5.0340411681e-01                 	8.0149255294e-01                 
8.6700000000e-02	4.5725935426e+00	3.1570693782e-10                 	1.5979028640e-10                 	1.5591665142e-10                 	5.0613485881e-01                 	7.9741792335e-01                 
8.7310000000e-02	4.5406466629e+00	3.1702007358e-10                 	1.6110249396e-10                 	1.5591757962e-10                 	5.0817758050e-01                 	7.9402515649e-01                 
8.7930000000e-02	4.5086302757e+00	3.1774365251e-10                 	1.6203742746e-10                 	1.5570622504e-10                 	5.0996275200e-01                 	7.9100950682e-01                 
8.8560000000e-02	4.4765566863e+00	3.1891069018e-10                 	1.6409545078e-10                 	1.5481523939e-10                 	5.1454985937e-01                 	7.8547684548e-01                 
8.9200000000e-02	4.4444378940e+00	3.2257354452e-10                 	1.6941524954e-10                 	1.5315829499e-10                 	5.2519883424e-01                 	7.7428391155e-01                 
8.9840000000e-02	4.4127767157e+00	3.3050007669e-10                 	1.7908230870e-10                 	1.5141776799e-10                 	5.4185254810e-01                 	7.5718822632e-01                 
9.0170000000e-02	4.3966270394e+00	3.3443476884e-10                 	1.8350622489e-10                 	1.5092854395e-10                 	5.4870558324e-01                 	7.4994030355e-01                 
9.0500000000e-02	4.3805951397e+00	3.4138434384e-10                 	1.9135120206e-10                 	1.5003314178e-10                 	5.6051545864e-01                 	7.3803032217e-01                 
9.1160000000e-02	4.3488795540e+00	3.4976512832e-10                 	1.9911697386e-10                 	1.5064815446e-10                 	5.6928766688e-01                 	7.2715561682e-01                 
9.1500000000e-02	4.3327197830e+00	3.5282204143e-10                 	2.0201420288e-10                 	1.5080783855e-10                 	5.7256684435e-01                 	7.2269847458e-01                 
9.1840000000e-02	4.3166796618e+00	3.5393157015e-10                 	2.0272278344e-10                 	1.5120878670e-10                 	5.7277394995e-01                 	7.2079812261e-01                 
9.2180000000e-02	4.3007578666e+00	3.5328071108e-10                 	2.0141824973e-10                 	1.5186246135e-10                 	5.7013656112e-01                 	7.2137909699e-01                 
9.2530000000e-02	4.2844900048e+00	3.5186276508e-10                 	1.9926220454e-10                 	1.5260056054e-10                 	5.6630659540e-01                 	7.2314412034e-01                 
9.2870000000e-02	4.2688043517e+00	3.5022267907e-10                 	1.9691347234e-10                 	1.5330920673e-10                 	5.6225220154e-01                 	7.2528723452e-01                 
9.3220000000e-02	4.2527768734e+00	3.4821881875e-10                 	1.9395347930e-10                 	1.5426533945e-10                 	5.5698735638e-01                 	7.2870592261e-01                 
9.3570000000e-02	4.2368692972e+00	3.4629803901e-10                 	1.9107787658e-10                 	1.5522016243e-10                 	5.5177290963e-01                 	7.3227715344e-01                 
9.3930000000e-02	4.2206308969e+00	3.4393558374e-10                 	1.8711030262e-10                 	1.5682528112e-10                 	5.4402717098e-01                 	7.3859794431e-01                 
9.4280000000e-02	4.2049624538e+00	3.4205403476e-10                 	1.8362717372e-10                 	1.5842686105e-10                 	5.3683674231e-01                 	7.4485946797e-01                 
9.4640000000e-02	4.1889672458e+00	3.4055361221e-10                 	1.8060957918e-10                 	1.5994403303e-10                 	5.3034110550e-01                 	7.5072214533e-01                 
9.5010000000e-02	4.1726540379e+00	3.3941067615e-10                 	1.7812422273e-10                 	1.6128645342e-10                 	5.2480441909e-01                 	7.5579690966e-01                 
9.5370000000e-02	4.1569032205e+00	3.3853430739e-10                 	1.7611127346e-10                 	1.6242303393e-10                 	5.2021691632e-01                 	7.6000661085e-01                 
9.5740000000e-02	4.1408383136e+00	3.3774791081e-10                 	1.7421931712e-10                 	1.6352859369e-10                 	5.1582648344e-01                 	7.6408772659e-01                 
9.6110000000e-02	4.1248970986e+00	3.3711012054e-10                 	1.7259283475e-10                 	1.6451728579e-10                 	5.1197761276e-01                 	7.6766054585e-01                 
9.6860000000e-02	4.0929574658e+00	3.3602726087e-10                 	1.6967894556e-10                 	1.6634831531e-10                 	5.0495589293e-01                 	7.7422672871e-01                 
9.8400000000e-02	4.0289010177e+00	3.3448203229e-10                 	1.6512922983e-10                 	1.6935280246e-10                 	4.9368639833e-01                 	7.8468225748e-01                 
9.9190000000e-02	3.9968127850e+00	3.3391672086e-10                 	1.6339217599e-10                 	1.7052454487e-10                 	4.8932013818e-01                 	7.8859008249e-01                 
1.0000000000e-01	3.9644386014e+00	3.3321811605e-10                 	1.6158093769e-10                 	1.7163717836e-10                 	4.8491042324e-01                 	7.9267028861e-01                 
1.0250000000e-01	3.8677449770e+00	3.3096001218e-10                 	1.5733832025e-10                 	1.7362169193e-10                 	4.7539978989e-01                 	8.0005036289e-01                 
1.0330000000e-01	3.8377914825e+00	3.2971196103e-10                 	1.5591211822e-10                 	1.7379984281e-10                 	4.7287370994e-01                 	8.0128788026e-01                 
1.0420000000e-01	3.8046435714e+00	3.2805734354e-10                 	1.5434248711e-10                 	1.7371485643e-10                 	4.7047411116e-01                 	8.0158244695e-01                 
1.0510000000e-01	3.7720633696e+00	3.2660867641e-10                 	1.5339785262e-10                 	1.7321082379e-10                 	4.6966863927e-01                 	7.9922701236e-01                 
1.0640000000e-01	3.7259761292e+00	3.2543064772e-10                 	1.5349727478e-10                 	1.7193337294e-10                 	4.7167430559e-01                 	7.9168757596e-01                 
1.0690000000e-01	3.7085487385e+00	3.2708051862e-10                 	1.5598786912e-10                 	1.7109264950e-10                 	4.7690969116e-01                 	7.8409002325e-01                 
1.0780000000e-01	3.6775868288e+00	3.3346215476e-10                 	1.6340835283e-10                 	1.7005380192e-10                 	4.9003567722e-01                 	7.6813394171e-01                 
1.0880000000e-01	3.6437854792e+00	3.3881391139e-10                 	1.6914697454e-10                 	1.6966693685e-10                 	4.9923267273e-01                 	7.5675361058e-01                 
1.0970000000e-01	3.6138911590e+00	3.4361682371e-10                 	1.7455889268e-10                 	1.6905793103e-10                 	5.0800449987e-01                 	7.4612748445e-01                 
1.1070000000e-01	3.5812453491e+00	3.4646884135e-10                 	1.7767286849e-10                 	1.6879597286e-10                 	5.1281052516e-01                 	7.3921355170e-01                 
1.1120000000e-01	3.5651426272e+00	3.4714660271e-10                 	1.7832220423e-10                 	1.6882439848e-10                 	5.1367981953e-01                 	7.3723523718e-01                 
1.1170000000e-01	3.5491840657e+00	3.4775668755e-10                 	1.7898311951e-10                 	1.6877356804e-10                 	5.1467915906e-01                 	7.3509640752e-01                 
1.1270000000e-01	3.5176917493e+00	3.4816799900e-10                 	1.7920999063e-10                 	1.6895800836e-10                 	5.1472275209e-01                 	7.3271226550e-01                 
1.1370000000e-01	3.4867533874e+00	3.4794843144e-10                 	1.7843303078e-10                 	1.6951540065e-10                 	5.1281458591e-01                 	7.3229337846e-01                 
1.1480000000e-01	3.4533437295e+00	3.4764595923e-10                 	1.7735155897e-10                 	1.7029440026e-10                 	5.1014992195e-01                 	7.3250625204e-01                 
1.1810000000e-01	3.3568489428e+00	3.4704601469e-10                 	1.7393910995e-10                 	1.7310690474e-10                 	5.0119898395e-01                 	7.3458632768e-01                 
1.2160000000e-01	3.2602291130e+00	3.4722314292e-10                 	1.7078642724e-10                 	1.7643671567e-10                 	4.9186360624e-01                 	7.3729121988e-01                 
1.2400000000e-01	3.1971279044e+00	3.4787346583e-10                 	1.6957385013e-10                 	1.7829961571e-10                 	4.8745842032e-01                 	7.3715433093e-01                 
1.2650000000e-01	3.1339435584e+00	3.4882121197e-10                 	1.6865182396e-10                 	1.8016938801e-10                 	4.8349073443e-01                 	7.3642590225e-01                 
1.2780000000e-01	3.1020646333e+00	3.4942140962e-10                 	1.6830941961e-10                 	1.8111199001e-10                 	4.8168032918e-01                 	7.3583482896e-01                 
1.3050000000e-01	3.0378839858e+00	3.5087716064e-10                 	1.6788249958e-10                 	1.8299466106e-10                 	4.7846516791e-01                 	7.3404518429e-01                 
1.3330000000e-01	2.9740724692e+00	3.5264276718e-10                 	1.6767687278e-10                 	1.8496589440e-10                 	4.7548649337e-01                 	7.3187743308e-01                 
1.3780000000e-01	2.8769510896e+00	3.5579047777e-10                 	1.6762061940e-10                 	1.8816985837e-10                 	4.7112171312e-01                 	7.2741400477e-01                 
1.4090000000e-01	2.8136540819e+00	3.5816501768e-10                 	1.6759230222e-10                 	1.9057271545e-10                 	4.6791923821e-01                 	7.2417207760e-01                 
1.4590000000e-01	2.7172300215e+00	3.6237673193e-10                 	1.6799093962e-10                 	1.9438579232e-10                 	4.6358092232e-01                 	7.1838009926e-01                 
1.5120000000e-01	2.6219832020e+00	3.6638686766e-10                 	1.6913940798e-10                 	1.9724745968e-10                 	4.6164156773e-01                 	7.0887133003e-01                 
1.5310000000e-01	2.5894438938e+00	3.6798929707e-10                 	1.7002390326e-10                 	1.9796539380e-10                 	4.6203491411e-01                 	7.0494827644e-01                 
1.5500000000e-01	2.5577023235e+00	3.6965557078e-10                 	1.7143297844e-10                 	1.9822259234e-10                 	4.6376408741e-01                 	7.0145978829e-01                 
1.5600000000e-01	2.5413067958e+00	3.7012024647e-10                 	1.7206967922e-10                 	1.9805056724e-10                 	4.6490209835e-01                 	6.9981980730e-01                 
1.5690000000e-01	2.5267295101e+00	3.6996771859e-10                 	1.7232938332e-10                 	1.9763833528e-10                 	4.6579572935e-01                 	6.9842289408e-01                 
1.5790000000e-01	2.5107274233e+00	3.6972088573e-10                 	1.7254721612e-10                 	1.9717366962e-10                 	4.6669588539e-01                 	6.9683119692e-01                 
1.5830000000e-01	2.5043831974e+00	3.6858373083e-10                 	1.7206669683e-10                 	1.9651703400e-10                 	4.6683204504e-01                 	6.9569266591e-01                 
1.5900000000e-01	2.4933576110e+00	3.6728725768e-10                 	1.7160467304e-10                 	1.9568258464e-10                 	4.6722196170e-01                 	6.9280362232e-01                 
1.6000000000e-01	2.4777741259e+00	3.6498959832e-10                 	1.7123961122e-10                 	1.9374998710e-10                 	4.6916298987e-01                 	6.8439102628e-01                 
1.6100000000e-01	2.4623842245e+00	3.6332693258e-10                 	1.7225264316e-10                 	1.9107428942e-10                 	4.7409819563e-01                 	6.7267265707e-01                 
1.6140000000e-01	2.4562816613e+00	3.6267282330e-10                 	1.7321482244e-10                 	1.8945800086e-10                 	4.7760629226e-01                 	6.6649907108e-01                 
1.6190000000e-01	2.4486958625e+00	3.6213956059e-10                 	1.7438099063e-10                 	1.8775856996e-10                 	4.8152980123e-01                 	6.6012912154e-01                 
1.6230000000e-01	2.4426608758e+00	3.6131293978e-10                 	1.7668943616e-10                 	1.8462350362e-10                 	4.8902050468e-01                 	6.5060449460e-01                 
1.6250000000e-01	2.4396545239e+00	3.6073325412e-10                 	1.7792532403e-10                 	1.8280793009e-10                 	4.9323238708e-01                 	6.4552396901e-01                 
1.6270000000e-01	2.4366555633e+00	3.5999920101e-10                 	1.7906111220e-10                 	1.8093808881e-10                 	4.9739308226e-01                 	6.4072470640e-01                 
1.6290000000e-01	2.4336639665e+00	3.5924905923e-10                 	1.7971932669e-10                 	1.7952973254e-10                 	5.0026387563e-01                 	6.3754162007e-01                 
1.6310000000e-01	2.4306797066e+00	3.5863926922e-10                 	1.8047132904e-10                 	1.7816794018e-10                 	5.0321128926e-01                 	6.3494941673e-01                 
1.6340000000e-01	2.4262170143e+00	3.5828978225e-10                 	1.8125475082e-10                 	1.7703503143e-10                 	5.0588869625e-01                 	6.3341496236e-01                 
1.6360000000e-01	2.4232509789e+00	3.5850017618e-10                 	1.8245739083e-10                 	1.7604278535e-10                 	5.0894644676e-01                 	6.3360580073e-01                 
1.6380000000e-01	2.4202921865e+00	3.5981666755e-10                 	1.8469220514e-10                 	1.7512446241e-10                 	5.1329530229e-01                 	6.3613805682e-01                 
1.6400000000e-01	2.4173406106e+00	3.6243686119e-10                 	1.8802261379e-10                 	1.7441424739e-10                 	5.1877343043e-01                 	6.4321493617e-01                 
1.6420000000e-01	2.4143962250e+00	3.6400436331e-10                 	1.9105554462e-10                 	1.7294881870e-10                 	5.2487157812e-01                 	6.5177191581e-01                 
1.6440000000e-01	2.4114590033e+00	3.5977394160e-10                 	1.9090973198e-10                 	1.6886420962e-10                 	5.3063801990e-01                 	6.4919585418e-01                 
1.6470000000e-01	2.4070665461e+00	3.4870972761e-10                 	1.8813885548e-10                 	1.6057087213e-10                 	5.3952855508e-01                 	6.2117946444e-01                 
1.6490000000e-01	2.4041471203e+00	3.3513018144e-10                 	1.8443565898e-10                 	1.5069452245e-10                 	5.5034034295e-01                 	5.6037499184e-01                 
1.6530000000e-01	2.3983294624e+00	3.4643851185e-10                 	1.9551623537e-10                 	1.5092227647e-10                 	5.6436056814e-01                 	3.6649686594e-01                 
1.6580000000e-01	2.3910968645e+00	3.7441561499e-10                 	2.5949752187e-10                 	1.1491809312e-10                 	6.9307344961e-01                 	2.6352842362e-01                 
1.6640000000e-01	2.3824751210e+00	2.0772632768e-10                 	1.6478706067e-10                 	4.2939267014e-11                 	7.9328924025e-01                 	1.7237788879e-01                 
1.6750000000e-01	2.3668290158e+00	1.3671690538e-10                 	1.3224525860e-10                 	4.4716467838e-12                 	9.6729265652e-01                 	1.1956128529e-01                 
1.6870000000e-01	2.3499932433e+00	2.5943751410e-10                 	2.5858662112e-10                 	8.5089297904e-13                 	9.9672023924e-01                 	2.4385451627e-01                 
1.6980000000e-01	2.3347694944e+00	5.4954087636e-10                 	5.4825444512e-10                 	1.2864312398e-12                 	9.9765907998e-01                 	1.9953902806e-01                 
1.7030000000e-01	2.3279146221e+00	5.5386360632e-10                 	5.5281762217e-10                 	1.0459841536e-12                 	9.9811147701e-01                 	1.3895321691e-01                 
1.7100000000e-01	2.3183851470e+00	4.4186114219e-10                 	4.4135857791e-10                 	5.0256428022e-13                 	9.9886261942e-01                 	1.1155701287e-01                 
1.7220000000e-01	2.3022291530e+00	4.0387142692e-10                 	4.0366868259e-10                 	2.0274433101e-13                 	9.9949799783e-01                 	1.7626513576e-01                 
1.7260000000e-01	2.2968937436e+00	4.0826669107e-10                 	4.0810111386e-10                 	1.6557720046e-13                 	9.9959443863e-01                 	1.9906907786e-01                 
1.7340000000e-01	2.2862967713e+00	4.2186207760e-10                 	4.2173842590e-10                 	1.2365170259e-13                 	9.9970689069e-01                 	2.3648877416e-01                 
1.7370000000e-01	2.2823480722e+00	4.2729284433e-10                 	4.2717916582e-10                 	1.1367851041e-13                 	9.9973395644e-01                 	2.4833746046e-01                 
1.7460000000e-01	2.2705833914e+00	4.4413785745e-10                 	4.4404543350e-10                 	9.2423945364e-14                 	9.9979190257e-01                 	2.8192256602e-01                 
1.7570000000e-01	2.2563680145e+00	4.6285618270e-10                 	4.6277885733e-10                 	7.7325372006e-14                 	9.9983293866e-01                 	3.1702702447e-01                 
1.7590000000e-01	2.2538025022e+00	4.6518502392e-10                 	4.6510948798e-10                 	7.5535948547e-14                 	9.9983762171e-01                 	3.2101938643e-01                 
1.7710000000e-01	2.2385311132e+00	4.8397094111e-10                 	4.8390357405e-10                 	6.7367056081e-14                 	9.9986080351e-01                 	3.5487090379e-01                 
1.7970000000e-01	2.2061427943e+00	5.2563407106e-10                 	5.2557884413e-10                 	5.5226923743e-14                 	9.9989493275e-01                 	4.2029305024e-01                 
1.8000000000e-01	2.2024658897e+00	5.3038946501e-10                 	5.3033519323e-10                 	5.4271785831e-14                 	9.9989767560e-01                 	4.2655019623e-01                 
1.8230000000e-01	2.1746783332e+00	5.7697023278e-10                 	5.7692056021e-10                 	4.9672564515e-14                 	9.9991390793e-01                 	4.7786986429e-01                 
1.8510000000e-01	2.1417820645e+00	6.3858307733e-10                 	6.3853620603e-10                 	4.6871303395e-14                 	9.9992660109e-01                 	5.1906481305e-01                 
1.8790000000e-01	2.1098662062e+00	7.0119378402e-10                 	7.0114923513e-10                 	4.4548896041e-14                 	9.9993646707e-01                 	5.4065807449e-01                 
1.9070000000e-01	2.0788875728e+00	7.3290934649e-10                 	7.3286707260e-10                 	4.2273892993e-14                 	9.9994232043e-01                 	5.4293440394e-01                 
1.9370000000e-01	2.0466900369e+00	7.0042601416e-10                 	7.0038826351e-10                 	3.7750650196e-14                 	9.9994610330e-01                 	5.3101158371e-01                 
2.0000000000e-01	1.9822193007e+00	5.5209670466e-10                 	5.5207394092e-10                 	2.2763744368e-14                 	9.9995876856e-01                 	4.9693743393e-01                 
2.0660000000e-01	1.9188957412e+00	4.7682069023e-10                 	4.7680625434e-10                 	1.4435898989e-14                 	9.9996972468e-01                 	4.7350255655e-01                 
2.1380000000e-01	1.8542743692e+00	4.5243222191e-10                 	4.5242206292e-10                 	1.0158994306e-14                 	9.9997754582e-01                 	4.6044693107e-01                 
2.2140000000e-01	1.7906226745e+00	4.5181839764e-10                 	4.5181039179e-10                 	8.0058454583e-15                 	9.9998228083e-01                 	4.5929167347e-01                 
2.2540000000e-01	1.7588458746e+00	4.5574367569e-10                 	4.5573669055e-10                 	6.9851390040e-15                 	9.9998467310e-01                 	4.6375044918e-01                 
2.2960000000e-01	1.7266718647e+00	4.6050131128e-10                 	4.6049527608e-10                 	6.0352059959e-15                 	9.9998689427e-01                 	4.7164659901e-01                 
2.3840000000e-01	1.6629356550e+00	4.6250873711e-10                 	4.6250381682e-10                 	4.9202933753e-15                 	9.9998936173e-01                 	4.9832949387e-01                 
2.4360000000e-01	1.6274378495e+00	4.5326776262e-10                 	4.5326331175e-10                 	4.4508768076e-15                 	9.9999018047e-01                 	5.1728550072e-01                 
2.4800000000e-01	1.5985639522e+00	4.3747436220e-10                 	4.3746996329e-10                 	4.3989044328e-15                 	9.9998994477e-01                 	5.3329170852e-01                 
2.6100000000e-01	1.5189419929e+00	3.5880936268e-10                 	3.5880560956e-10                 	3.7531234374e-15                 	9.9998954006e-01                 	5.6660350777e-01                 
2.7550000000e-01	1.4389976775e+00	2.6762477527e-10                 	2.6762200281e-10                 	2.7724603115e-15                 	9.9998964049e-01                 	5.6041596451e-01                 
2.9170000000e-01	1.3590807684e+00	1.9972455603e-10                 	1.9972264846e-10                 	1.9075706576e-15                 	9.9999044899e-01                 	5.1082977736e-01                 
3.1000000000e-01	1.2788511617e+00	1.5380110585e-10                 	1.5379984669e-10                 	1.2591543613e-15                 	9.9999181310e-01                 	4.4009817526e-01                 
3.3060000000e-01	1.1991647312e+00	1.1964649098e-10                 	1.1964571793e-10                 	7.7304349045e-16                 	9.9999353894e-01                 	3.6874781921e-01                 
3.5110000000e-01	1.1291479924e+00	9.5932565212e-11                 	9.5932116068e-11                 	4.4914409519e-16                 	9.9999531813e-01                 	3.1378596474e-01                 
3.5560000000e-01	1.1148589993e+00	9.1593512120e-11                 	9.1593117863e-11                 	3.9425707344e-16                 	9.9999569558e-01                 	3.0357057640e-01                 
3.6090000000e-01	1.0984867280e+00	8.6593978813e-11                 	8.6593720742e-11                 	2.5807120421e-16                 	9.9999701976e-01                 	2.9205483085e-01                 
3.6117000000e-01	1.0976655319e+00	8.6368035226e-11                 	8.6367782047e-11                 	2.5317875698e-16                 	9.9999706861e-01                 	2.9150920120e-01                 
3.6502000000e-01	1.0860880504e+00	8.3003658010e-11                 	8.3003443396e-11                 	2.1461318338e-16                 	9.9999741441e-01                 	2.8369198115e-01                 
3.8210000000e-01	1.0375395450e+00	6.9825945425e-11                 	6.9825835782e-11                 	1.0964313712e-16                 	9.9999842977e-01                 	2.5306695636e-01                 
3.8670000000e-01	1.0251974661e+00	6.6685109656e-11                 	6.6685014256e-11                 	9.5400813579e-17                 	9.9999856938e-01                 	2.4578043142e-01                 
3.9340000000e-01	1.0077373161e+00	6.2409681915e-11                 	6.2409599057e-11                 	8.2858557175e-17                 	9.9999867234e-01                 	2.3582010118e-01                 
4.0470000000e-01	9.7959935790e-01	5.5873333386e-11                 	5.5873263781e-11                 	6.9605080836e-17                 	9.9999875423e-01                 	2.2052270307e-01                 
4.3100000000e-01	9.1982334140e-01	4.3511807140e-11                 	4.3511753040e-11                 	5.4099765813e-17                 	9.9999875666e-01                 	1.9089793178e-01                 
4.3580000000e-01	9.0969219858e-01	4.1602717777e-11                 	4.1602666291e-11                 	5.1485974618e-17                 	9.9999876244e-01                 	1.8620978782e-01                 
4.5790000000e-01	8.6578698437e-01	3.4045212633e-11                 	3.4045171127e-11                 	4.1505754275e-17                 	9.9999878086e-01                 	1.6700199105e-01                 
4.7800000000e-01	8.2938046055e-01	2.8542340397e-11                 	2.8542309796e-11                 	3.0601010676e-17                 	9.9999892787e-01                 	1.5223211785e-01                 
4.8610000000e-01	8.1556029653e-01	2.6622869407e-11                 	2.6622843534e-11                 	2.5872685045e-17                 	9.9999902818e-01                 	1.4687048998e-01                 
4.8800000000e-01	8.1238495931e-01	2.6199252897e-11                 	2.6199227834e-11                 	2.5062542267e-17                 	9.9999904339e-01                 	1.4566249120e-01                 
5.0000000000e-01	7.9288772028e-01	2.3691101994e-11                 	2.3691081621e-11                 	2.0372859865e-17                 	9.9999914006e-01                 	1.3837679283e-01                 
5.0240000000e-01	7.8910004009e-01	2.3235421837e-11                 	2.3235402237e-11                 	1.9600230428e-17                 	9.9999915645e-01                 	1.3700461766e-01                 
5.0850000000e-01	7.7963394325e-01	2.2092732667e-11                 	2.2092715851e-11                 	1.6816124686e-17                 	9.9999923884e-01                 	1.3357174549e-01                 
5.1450000000e-01	7.7054200222e-01	2.1046907059e-11                 	2.1046891621e-11                 	1.5437986553e-17                 	9.9999926650e-01                 	1.3034546432e-01                 
5.4610000000e-01	7.2595469720e-01	1.6419773359e-11                 	1.6419759315e-11                 	1.4043610616e-17                 	9.9999914471e-01                 	1.1521484095e-01                 
5.8930000000e-01	6.7273690844e-01	1.1951468826e-11                 	1.1951456319e-11                 	1.2507095258e-17                 	9.9999895351e-01                 	9.8631360319e-02                 
6.3280000000e-01	6.2649156154e-01	8.8786905195e-12                 	8.8786792417e-12                 	1.1277841000e-17                 	9.9999872979e-01                 	8.5413601912e-02                 
6.4380000000e-01	6.1578729441e-01	8.2633389386e-12                 	8.2633279320e-12                 	1.1006523347e-17                 	9.9999866803e-01                 	8.2504713908e-02                 
6.5630000000e-01	6.0405890620e-01	7.6271438849e-12                 	7.6271331701e-12                 	1.0714795951e-17                 	9.9999859518e-01                 	7.9380232634e-02                 
6.6780000000e-01	5.9365657404e-01	7.0947336558e-12                 	7.0947231949e-12                 	1.0460869762e-17                 	9.9999852554e-01                 	7.6662870201e-02                 
6.9070000000e-01	5.7397402656e-01	6.1688289258e-12                 	6.1688189345e-12                 	9.9913174561e-18                 	9.9999838035e-01                 	7.1666875464e-02                 
7.0650000000e-01	5.6113780629e-01	5.6123659436e-12                 	5.6123562486e-12                 	9.6950335611e-18                 	9.9999827256e-01                 	6.8491912466e-02                 
7.6790000000e-01	5.1627016557e-01	3.9717735297e-12                 	3.9717648254e-12                 	8.7043034478e-18                 	9.9999780846e-01                 	5.8004705022e-02                 
1.0000000000e+00	3.9644386014e-01	1.3372965868e-12                 	1.3372901994e-12                 	6.3874136517e-18                 	9.9999522364e-01                 	3.4304175180e-02                 
1.0139800000e+00	3.9097798787e-01	1.2631445844e-12                 	1.2631382925e-12                 	6.2918729965e-18                 	9.9999501888e-01                 	3.3369289125e-02                 
1.0600000000e+00	3.7400364164e-01	1.0529231556e-12                 	1.0529171560e-12                 	5.9996669029e-18                 	9.9999430189e-01                 	3.0548694333e-02                 
1.1286600000e+00	3.5125180315e-01	8.1448803946e-13                 	8.1448242096e-13                 	5.6185024933e-18                 	9.9999310180e-01                 	2.6962502740e-02                 
1.3190000000e+00	3.0056395765e-01	4.3099559673e-13                 	4.3099078624e-13                 	4.8104900265e-18                 	9.9998883866e-01                 	1.9765223360e-02                 
1.3672800000e+00	2.8995074904e-01	3.7233319471e-13                 	3.7232854222e-13                 	4.6524881374e-18                 	9.9998750450e-01                 	1.8398574543e-02                 
1.5000000000e+00	2.6429590676e-01	2.5523412060e-13                 	2.5522979936e-13                 	4.3212446758e-18                 	9.9998306949e-01                 	1.5291354568e-02                 
1.5295200000e+00	2.5919495014e-01	2.3578408719e-13                 	2.3577982413e-13                 	4.2630554333e-18                 	9.9998191966e-01                 	1.4707750714e-02                 
1.5500000000e+00	2.5577023235e-01	2.2335661611e-13                 	2.2335239065e-13                 	4.2254609086e-18                 	9.9998108200e-01                 	1.4322027185e-02                 
1.6932000000e+00	2.3413882598e-01	1.5585348081e-13                 	1.5584946768e-13                 	4.0131283626e-18                 	9.9997425063e-01                 	1.2002039392e-02                 
1.7092000000e+00	2.3194702793e-01	1.4999079650e-13                 	1.4998680252e-13                 	3.9939790229e-18                 	9.9997337184e-01                 	1.1778132022e-02                 
1.8130700000e+00	2.1865888253e-01	1.1792212586e-13                 	1.1791823936e-13                 	3.8865078884e-18                 	9.9996704174e-01                 	1.0465193957e-02                 
1.9700900000e+00	2.0123134483e-01	8.4036453017e-14                 	8.4032686326e-14                 	3.7666907821e-18                 	9.9995517789e-01                 	8.8595118740e-03                 
2.0000000000e+00	1.9822193007e-01	7.9046934395e-14                 	7.9043186486e-14                 	3.7479088632e-18                 	9.9995258628e-01                 	8.5961504978e-03                 
2.2492900000e+00	1.7625288875e-01	4.8913819247e-14                 	4.8910187681e-14                 	3.6315656925e-18                 	9.9992575583e-01                 	6.7887826990e-03                 
2.3254200000e+00	1.7048269136e-01	4.2684885644e-14                 	4.2681280071e-14                 	3.6055735396e-18                 	9.9991553044e-01                 	6.3489859791e-03                 
2.5000000000e+00	1.5857754406e-01	3.1730189017e-14                 	3.1726632714e-14                 	3.5563026587e-18                 	9.9988792053e-01                 	5.4876586866e-03                 
2.7000000000e+00	1.4683105931e-01	2.3129973660e-14                 	2.3126462277e-14                 	3.5113827520e-18                 	9.9984818907e-01                 	4.6984806629e-03                 
2.8000000000e+00	1.4158709291e-01	1.9907825869e-14                 	1.9904333984e-14                 	3.4918853419e-18                 	9.9982459735e-01                 	4.3653916118e-03                 
3.0000000000e+00	1.3214795338e-01	1.4967606405e-14                 	1.4964151269e-14                 	3.4551351821e-18                 	9.9976915914e-01                 	3.7963450230e-03                 
3.3033000000e+00	1.2001448858e-01	1.0034390652e-14                 	1.0030991015e-14                 	3.3996372491e-18                 	9.9966120143e-01                 	3.1224985861e-03                 
3.3330000000e+00	1.1894505255e-01	9.6660838164e-15                 	9.6626896863e-15                 	3.3941300640e-18                 	9.9964886193e-01                 	3.0661408362e-03                 
3.4480000000e+00	1.1497791767e-01	8.3883851791e-15                 	8.3850131150e-15                 	3.3720640935e-18                 	9.9959800796e-01                 	2.8615934312e-03                 
3.5000000000e+00	1.1326967433e-01	7.8787022530e-15                 	7.8753404744e-15                 	3.3617785845e-18                 	9.9957330808e-01                 	2.7756496907e-03                 
3.5078000000e+00	1.1301780607e-01	7.8043108343e-15                 	7.8009504353e-15                 	3.3603989666e-18                 	9.9956941759e-01                 	2.7629925468e-03                 
3.5710000000e+00	1.1101760295e-01	7.2416651732e-15                 	7.2383176912e-15                 	3.3474820167e-18                 	9.9953774692e-01                 	2.6642605058e-03                 
3.7040000000e+00	1.0703127974e-01	6.2080332700e-15                 	6.2047136295e-15                 	3.3196405421e-18                 	9.9946526695e-01                 	2.4725294164e-03                 
3.8000000000e+00	1.0432733162e-01	5.5697201188e-15                 	5.5692615988e-15                 	4.5852007337e-19                 	9.9991767628e-01                 	2.3465208146e-03                 
4.0000000000e+00	9.9110965035e-02	4.6801461757e-15                 	4.6793495412e-15                 	7.9663447802e-19                 	9.9982978427e-01                 	2.1322838380e-03                 
4.1670000000e+00	9.5138915321e-02	3.7621956862e-15                 	3.7606384722e-15                 	1.5572139895e-18                 	9.9958608905e-01                 	1.9421100371e-03                 
4.2580000000e+00	9.3105650573e-02	3.4264754303e-15                 	3.4244117615e-15                 	2.0636688200e-18                 	9.9939772841e-01                 	1.8572896835e-03                 
4.3480000000e+00	9.1178440695e-02	3.1351606878e-15                 	3.1321245858e-15                 	3.0361019617e-18                 	9.9903159606e-01                 	1.7792442784e-03                 
4.5000000000e+00	8.8098635587e-02	2.7031059313e-15                 	2.6982001879e-15                 	4.9057434516e-18                 	9.9818514569e-01                 	1.6572333212e-03                 
4.5450000000e+00	8.7226371868e-02	2.5903174356e-15                 	2.5846779883e-15                 	5.6394472473e-18                 	9.9782287407e-01                 	1.6235614557e-03                 
4.7620000000e+00	8.3251545599e-02	2.1189291384e-15                 	2.1081102320e-15                 	1.0818906425e-17                 	9.9489416317e-01                 	1.4739644035e-03                 
5.0000000000e+00	7.9288772028e-02	1.7228881597e-15                 	1.7014506027e-15                 	2.1437557059e-17                 	9.8755719752e-01                 	1.3320044555e-03                 
5.1280000000e+00	7.7309645113e-02	1.5489371206e-15                 	1.5204507764e-15                 	2.8486344178e-17                 	9.8160910227e-01                 	1.2635750958e-03                 
5.2080000000e+00	7.6122092961e-02	1.4531480825e-15                 	1.4186587768e-15                 	3.4489305626e-17                 	9.7626580110e-01                 	1.2233296196e-03                 
5.2630000000e+00	7.5326593225e-02	1.3923112447e-15                 	1.3530019481e-15                 	3.9309296607e-17                 	9.7176687558e-01                 	1.1966730406e-03                 
5.3190000000e+00	7.4533532646e-02	1.3353521284e-15                 	1.2896176177e-15                 	4.5734510697e-17                 	9.6575097330e-01                 	1.1703556146e-03                 
5.3760000000e+00	7.3743277556e-02	1.2805284719e-15                 	1.2284862081e-15                 	5.2042263794e-17                 	9.5935876091e-01                 	1.1443890080e-03                 
5.4350000000e+00	7.2942752556e-02	1.2272431585e-15                 	1.1690240850e-15                 	5.8219073501e-17                 	9.5256109346e-01                 	1.1184271236e-03                 
5.4950000000e+00	7.2146289380e-02	1.1777623165e-15                 	1.1118348903e-15                 	6.5927426262e-17                 	9.4402314853e-01                 	1.0928607137e-03                 
5.5550000000e+00	7.1367031529e-02	1.1327775387e-15                 	1.0576396333e-15                 	7.5137905374e-17                 	9.3366931917e-01                 	1.0680812398e-03                 
5.6180000000e+00	7.0566724838e-02	1.0898772632e-15                 	1.0041095776e-15                 	8.5767685562e-17                 	9.2130518870e-01                 	1.0429420851e-03                 
5.6820000000e+00	6.9771886685e-02	1.0506102295e-15                 	9.5281082926e-16                 	9.7799400201e-17                 	9.0691181424e-01                 	1.0182428631e-03                 
5.7470000000e+00	6.8982749285e-02	1.0164675427e-15                 	9.0368640742e-16                 	1.1278113528e-16                 	8.8904600438e-01                 	9.9398669176e-04                 
5.8140000000e+00	6.8187798442e-02	9.8354813684e-16                 	8.5608806591e-16                 	1.2746007093e-16                 	8.7040789753e-01                 	9.6984225563e-04                 
5.8820000000e+00	6.7399500194e-02	9.5092084905e-16                 	8.1062008717e-16                 	1.4030076189e-16                 	8.5245800213e-01                 	9.4616819181e-04                 
5.9520000000e+00	6.6606831341e-02	9.3636175355e-16                 	7.6649153346e-16                 	1.6987022009e-16                 	8.1858483706e-01                 	9.2260900235e-04                 
6.0240000000e+00	6.5810733755e-02	9.0770033552e-16                 	7.2416149317e-16                 	1.8353884235e-16                 	7.9779797895e-01                 	8.9928875026e-04                 
6.0980000000e+00	6.5012112191e-02	8.9514729724e-16                 	6.8305914907e-16                 	2.1208814818e-16                 	7.6306899565e-01                 	8.7610598400e-04                 
6.1720000000e+00	6.4232640982e-02	8.8473541350e-16                 	6.4462346662e-16                 	2.4011194687e-16                 	7.2860592759e-01                 	8.5377304568e-04                 
6.2500000000e+00	6.3431017623e-02	8.7856925747e-16                 	6.0659154638e-16                 	2.7197771108e-16                 	6.9043110857e-01                 	8.3106343359e-04                 
6.3290000000e+00	6.2639257409e-02	8.9455996076e-16                 	5.7074899407e-16                 	3.2381096669e-16                 	6.3802206571e-01                 	8.0895525378e-04                 
6.4100000000e+00	6.1847716091e-02	9.0062535048e-16                 	5.3618495268e-16                 	3.6444039780e-16                 	5.9534739100e-01                 	7.8707545939e-04                 
6.4940000000e+00	6.1047714836e-02	9.2139979554e-16                 	5.0276474655e-16                 	4.1863504899e-16                 	5.4565319960e-01                 	7.6525147543e-04                 
6.5790000000e+00	6.0258984670e-02	9.4304729969e-16                 	4.7126557441e-16                 	4.7178172528e-16                 	4.9972633882e-01                 	7.4402061877e-04                 
6.6670000000e+00	5.9463605841e-02	1.0920506159e-15                 	4.4079870376e-16                 	6.5125191214e-16                 	4.0364310714e-01                 	7.2286563126e-04                 
6.7570000000e+00	5.8671579124e-02	1.1611912028e-15                 	4.0244983958e-16                 	7.5874136324e-16                 	3.4658361053e-01                 	6.9946473296e-04                 
6.8490000000e+00	5.7883466220e-02	1.0896118478e-15                 	3.8423869766e-16                 	7.0537315018e-16                 	3.5263814212e-01                 	6.8166127724e-04                 
6.9440000000e+00	5.7091569721e-02	1.3202667822e-15                 	3.5755870206e-16                 	9.6270808014e-16                 	2.7082306915e-01                 	6.6135052520e-04                 
7.0420000000e+00	5.6297054834e-02	1.4069678413e-15                 	3.3295373679e-16                 	1.0740141045e-15                 	2.3664630208e-01                 	6.4152630101e-04                 
7.1430000000e+00	5.5501030399e-02	1.4666968129e-15                 	3.0874793525e-16                 	1.1579488776e-15                 	2.1050562907e-01                 	6.2171684398e-04                 
7.2460000000e+00	5.4712097729e-02	1.5275564006e-15                 	2.8524040489e-16                 	1.2423159957e-15                 	1.8672986790e-01                 	6.0214028318e-04                 
7.3520000000e+00	5.3923267157e-02	1.6261809285e-15                 	2.6405582482e-16                 	1.3621251037e-15                 	1.6237788809e-01                 	5.8322311704e-04                 
7.4630000000e+00	5.3121246167e-02	1.7491439161e-15                 	2.4313540556e-16                 	1.5060085106e-15                 	1.3900251621e-01                 	5.6411033625e-04                 
7.5760000000e+00	5.2328915013e-02	1.9230108218e-15                 	2.2300943859e-16                 	1.7000013833e-15                 	1.1596889422e-01                 	5.4531967256e-04                 
7.6920000000e+00	5.1539763409e-02	2.1835273311e-15                 	2.0499955306e-16                 	1.9785277780e-15                 	9.3884583050e-02                 	5.2723401216e-04                 
7.8120000000e+00	5.0748061974e-02	2.5299829062e-15                 	1.8686394436e-16                 	2.3431189619e-15                 	7.3859765576e-02                 	5.0897633812e-04                 
7.9360000000e+00	4.9955123506e-02	2.8311424346e-15                 	1.7063317032e-16                 	2.6605092643e-15                 	6.0270076218e-02                 	4.9132595369e-04                 
8.0650000000e+00	4.9156089292e-02	3.2414546826e-15                 	1.5437572831e-16                 	3.0870789542e-15                 	4.7625447038e-02                 	4.7348654005e-04                 
8.1970000000e+00	4.8364506544e-02	3.5210373716e-15                 	1.3947816301e-16                 	3.3815592086e-15                 	3.9612803925e-02                 	4.5620062733e-04                 
8.3330000000e+00	4.7575166224e-02	3.9180877624e-15                 	1.2578701032e-16                 	3.7923007521e-15                 	3.2104183966e-02                 	4.3935798029e-04                 
8.4750000000e+00	4.6778036595e-02	4.0801935291e-15                 	1.1224541795e-16                 	3.9679481111e-15                 	2.7509826961e-02                 	4.2237328241e-04                 
8.6210000000e+00	4.5985832286e-02	4.3479701702e-15                 	9.9936997929e-17                 	4.2480331723e-15                 	2.2984747829e-02                 	4.0590509402e-04                 
8.7720000000e+00	4.5194238502e-02	5.0439809826e-15                 	8.8364383753e-17                 	4.9556165988e-15                 	1.7518778135e-02                 	3.8968544795e-04                 
8.9290000000e+00	4.4399581156e-02	6.9178573120e-15                 	7.7520341338e-17                 	6.8403369707e-15                 	1.1205831205e-02                 	3.7366991682e-04                 
9.0910000000e+00	4.3608388532e-02	7.4572812276e-15                 	6.7465550415e-17                 	7.3898156772e-15                 	9.0469365920e-03                 	3.5798669684e-04                 
9.2590000000e+00	4.2817135775e-02	9.9679253089e-15                 	5.8179349200e-17                 	9.9097459597e-15                 	5.8366558132e-03                 	3.4259127381e-04                 
9.4340000000e+00	4.2022881084e-02	1.2486534764e-14                 	4.9397593397e-17                 	1.2437137171e-14                 	3.9560690240e-03                 	3.2730437783e-04                 
9.5240000000e+00	4.1625772799e-02	1.5451021274e-14                 	4.5404664371e-17                 	1.5405616610e-14                 	2.9386189796e-03                 	3.1984075390e-04                 
9.6150000000e+00	4.1231810727e-02	1.8290300894e-14                 	4.1450288862e-17                 	1.8248850606e-14                 	2.2662442297e-03                 	3.1240196930e-04                 
9.7090000000e+00	4.0832615114e-02	2.2143662738e-14                 	3.7738766994e-17                 	2.2105923971e-14                 	1.7042694084e-03                 	3.0500800731e-04                 
9.8040000000e+00	4.0436950239e-02	2.8054672749e-14                 	3.4094661249e-17                 	2.8020578087e-14                 	1.2152934933e-03                 	2.9765679672e-04                 
9.9010000000e+00	4.0040789834e-02	3.4616126419e-14                 	3.0712827582e-17                 	3.4585413592e-14                 	8.8724045001e-04                 	2.9042678077e-04                 
1.0000000000e+01	3.9644386014e-02	3.4304234367e-14                 	2.7406833317e-17                 	3.4276827533e-14                 	7.9893441213e-04                 	2.8319525122e-04                 
1.0100000000e+01	3.9251867341e-02	5.3595063748e-14                 	2.4376602358e-17                 	5.3570687146e-14                 	4.5482924458e-04                 	2.7615062644e-04                 
1.0200000000e+01	3.8867045112e-02	5.8387702228e-14                 	2.1457079330e-17                 	5.8366245149e-14                 	3.6749312802e-04                 	2.6922497958e-04                 
1.0310000000e+01	3.8452362768e-02	4.8720358028e-14                 	1.8589734991e-17                 	4.8701768293e-14                 	3.8155990110e-04                 	2.6191095382e-04                 
1.0420000000e+01	3.8046435714e-02	4.0226850042e-14                 	1.6012958217e-17                 	4.0210837084e-14                 	3.9806642081e-04                 	2.5486445901e-04                 
1.0530000000e+01	3.7648989567e-02	3.8459877575e-14                 	1.3589805464e-17                 	3.8446287769e-14                 	3.5335020079e-04                 	2.4796751319e-04                 
1.0640000000e+01	3.7259761292e-02	4.1775686078e-14                 	1.1434512875e-17                 	4.1764251565e-14                 	2.7371215049e-04                 	2.4132217374e-04                 
1.0750000000e+01	3.6878498618e-02	5.1696110685e-14                 	9.2476651674e-18                 	5.1686863020e-14                 	1.7888512395e-04                 	2.3462172644e-04                 
1.0870000000e+01	3.6471376278e-02	6.6580723778e-14                 	7.4051878428e-18                 	6.6573318590e-14                 	1.1122119771e-04                 	2.2784757722e-04                 
1.0990000000e+01	3.6073144690e-02	8.7785021815e-14                 	5.6813318346e-18                 	8.7779340483e-14                 	6.4718692519e-05                 	2.2115657908e-04                 
1.1110000000e+01	3.5683515764e-02	1.1471329206e-13                 	4.1771230933e-18                 	1.1470911494e-13                 	3.6413592689e-05                 	2.1464524717e-04                 
1.1240000000e+01	3.5270806062e-02	1.5385809999e-13                 	2.8943545492e-18                 	1.5385520563e-13                 	1.8811843832e-05                 	2.0794054039e-04                 
1.1360000000e+01	3.4898227125e-02	1.8194008250e-13                 	1.8151041673e-18                 	1.8193826739e-13                 	9.9763842163e-06                 	2.0171970934e-04                 
1.1490000000e+01	3.4503382084e-02	2.1992624282e-13                 	9.9888844080e-19                 	2.1992524393e-13                 	4.5419247290e-06                 	1.9533940460e-04                 
1.1630000000e+01	3.4088036126e-02	2.4983295892e-13                 	4.2964150218e-19                 	2.4983252928e-13                 	1.7197150610e-06                 	1.8877254350e-04                 
1.1700000000e+01	3.3884090610e-02	2.5637942282e-13                 	2.4259228749e-19                 	2.5637918023e-13                 	9.4622370555e-07                 	1.8553818857e-04                 
1.1760000000e+01	3.3711212597e-02	2.5412250293e-13                 	1.3039864569e-19                 	2.5412237253e-13                 	5.1313301334e-07                 	1.8269491109e-04                 
1.1900000000e+01	3.3314610096e-02	2.2911120992e-13                 	1.3665425032e-19                 	2.2911107327e-13                 	5.9645379362e-07                 	1.7641487296e-04                 
1.2050000000e+01	3.2899905406e-02	1.9048102161e-13                 	5.1028304381e-19                 	1.9048051132e-13                 	2.6789180334e-06                 	1.7004932984e-04                 
1.2200000000e+01	3.2495398372e-02	1.6303874703e-13                 	1.3190520337e-18                 	1.6303742798e-13                 	8.0904205760e-06                 	1.6385478795e-04                 
1.2270000000e+01	3.2310013051e-02	1.5824879342e-13                 	1.9387496125e-18                 	1.5824685467e-13                 	1.2251275796e-05                 	1.6091098373e-04                 
1.2350000000e+01	3.2100717420e-02	1.6096403898e-13                 	2.6600752123e-18                 	1.6096137891e-13                 	1.6525897518e-05                 	1.5779564651e-04                 
1.2500000000e+01	3.1715508811e-02	1.8249929553e-13                 	4.6127709655e-18                 	1.8249468276e-13                 	2.5275554911e-05                 	1.5190083772e-04                 
1.2660000000e+01	3.1314680896e-02	2.5431509978e-13                 	7.3100890483e-18                 	2.5430778969e-13                 	2.8744219492e-05                 	1.4592060254e-04                 
1.2820000000e+01	3.0923858045e-02	3.1119723302e-13                 	1.0962111321e-17                 	3.1118627091e-13                 	3.5225606650e-05                 	1.4008067938e-04                 
1.2990000000e+01	3.0519157825e-02	3.5275956639e-13                 	1.5703613968e-17                 	3.5274386278e-13                 	4.4516479394e-05                 	1.3420774887e-04                 
1.3330000000e+01	2.9740724692e-02	4.2066938014e-13                 	2.8995606164e-17                 	4.2064038453e-13                 	6.8927303798e-05                 	1.2323506454e-04                 
1.3510000000e+01	2.9344475214e-02	6.8507730348e-13                 	3.9346568330e-17                 	6.8503795691e-13                 	5.7433764234e-05                 	1.1773849303e-04                 
1.3700000000e+01	2.8937508040e-02	9.5442418431e-13                 	5.1838800668e-17                 	9.5437234551e-13                 	5.4314215336e-05                 	1.1242133443e-04                 
1.3890000000e+01	2.8541674596e-02	1.1408816765e-12                 	6.9581997840e-17                 	1.1408120945e-12                 	6.0989670774e-05                 	1.0724138264e-04                 
1.4080000000e+01	2.8156524158e-02	1.7399418145e-12                 	9.6076924319e-17                 	1.7398457376e-12                 	5.5218469674e-05                 	1.0219598276e-04                 
1.4290000000e+01	2.7742747386e-02	2.3407111334e-12                 	1.2801932260e-16                 	2.3405831141e-12                 	5.4692490999e-05                 	9.7442051452e-05                 
1.4490000000e+01	2.7359824716e-02	3.1654337630e-12                 	1.6840806929e-16                 	3.1652653549e-12                 	5.3202209208e-05                 	9.3329571086e-05                 
1.4710000000e+01	2.6950636311e-02	4.3166466721e-12                 	2.2875116496e-16                 	4.3164179209e-12                 	5.2992793328e-05                 	8.9351787822e-05                 
1.4930000000e+01	2.6553507042e-02	6.1285219731e-12                 	3.1714930487e-16                 	6.1282048238e-12                 	5.1749721428e-05                 	8.5825822885e-05                 
1.5150000000e+01	2.6167911561e-02	8.7216423941e-12                 	4.3107438623e-16                 	8.7212113197e-12                 	4.9425826783e-05                 	8.2399641013e-05                 
1.5380000000e+01	2.5776583884e-02	1.1975582348e-11                 	6.0657555954e-16                 	1.1974975772e-11                 	5.0651028229e-05                 	7.8925113258e-05                 
1.5630000000e+01	2.5364290476e-02	1.5532281607e-11                 	8.2047228465e-16                 	1.5531461135e-11                 	5.2823680732e-05                 	7.4559470186e-05                 
1.5870000000e+01	2.4980709524e-02	2.2654672062e-11                 	1.3970286357e-15                 	2.2653275034e-11                 	6.1666248437e-05                 	6.3862406078e-05                 
1.6130000000e+01	2.4578044646e-02	4.0268464874e-11                 	3.0494863123e-15                 	4.0265415388e-11                 	7.5728894106e-05                 	2.6488560446e-05                 
1.6390000000e+01	2.4188154981e-02	8.7305677085e-11                 	7.5174468865e-15                 	8.7298159638e-11                 	8.6104903341e-05                 	7.8774138070e-06                 
1.6670000000e+01	2.3781875233e-02	1.1386914346e-10                 	1.1550292271e-14                 	1.1385759317e-10                 	1.0143478663e-04                 	7.1102336927e-06                 
1.6950000000e+01	2.3389018297e-02	3.7330086693e-11                 	4.6709399087e-15                 	3.7325415753e-11                 	1.2512534319e-04                 	5.9492310193e-06                 
1.7240000000e+01	2.2995583535e-02	1.4485470986e-11                 	1.9369660147e-15                 	1.4483534020e-11                 	1.3371784850e-04                 	2.8576546248e-06                 
1.7540000000e+01	2.2602272528e-02	7.2245428933e-12                 	1.0537262411e-15                 	7.2234891671e-12                 	1.4585369022e-04                 	-1.6531802377e-06                
1.7860000000e+01	2.2197304599e-02	4.1678777423e-12                 	6.4482245696e-16                 	4.1672329199e-12                 	1.5471242124e-04                 	-7.3771180343e-06                
1.8180000000e+01	2.1806592967e-02	2.5784945664e-12                 	4.3189556436e-16                 	2.5780626708e-12                 	1.6749911750e-04                 	-1.4157405966e-05                
1.8520000000e+01	2.1406255947e-02	1.7532490978e-12                 	3.1253486983e-16                 	1.7529365630e-12                 	1.7826039107e-04                 	-2.1221711294e-05                
1.8870000000e+01	2.1009213574e-02	1.2053752144e-12                 	2.3244145231e-16                 	1.2051427730e-12                 	1.9283742483e-04                 	-2.9700022754e-05                
1.9230000000e+01	2.0615905364e-02	8.7490721488e-13                 	1.7953146296e-16                 	8.7472768341e-13                 	2.0520057431e-04                 	-3.8962942927e-05                
1.9610000000e+01	2.0216413062e-02	6.5755169216e-13                 	1.4260311935e-16                 	6.5740908904e-13                 	2.1686982339e-04                 	-4.8932777489e-05                
2.0000000000e+01	1.9822193007e-02	4.9802449672e-13                 	1.1459991816e-16                 	4.9790989680e-13                 	2.3010899848e-04                 	-6.1071564528e-05                
2.0410000000e+01	1.9424000987e-02	3.8973424026e-13                 	9.3757538408e-17                 	3.8964048272e-13                 	2.4056787606e-04                 	-7.4690655684e-05                
2.0830000000e+01	1.9032350463e-02	3.0752488598e-13                 	7.7793041007e-17                 	3.0744709294e-13                 	2.5296502675e-04                 	-9.0693147406e-05                
2.1280000000e+01	1.8629880646e-02	2.4703330967e-13                 	6.5037068193e-17                 	2.4696827260e-13                 	2.6327246427e-04                 	-1.0984655836e-04                
2.1740000000e+01	1.8235688139e-02	1.9787564709e-13                 	5.4839035742e-17                 	1.9782080805e-13                 	2.7713888268e-04                 	-1.3429699221e-04                
2.2220000000e+01	1.7841757882e-02	1.6245141087e-13                 	4.6471759650e-17                 	1.6240493911e-13                 	2.8606559586e-04                 	-1.6718756821e-04                
2.2730000000e+01	1.7441436874e-02	1.3296543680e-13                 	3.9571987799e-17                 	1.3292586481e-13                 	2.9761108413e-04                 	-2.1238334706e-04                
2.3260000000e+01	1.7044018063e-02	1.1224978584e-13                 	3.3868342489e-17                 	1.1221591749e-13                 	3.0172300319e-04                 	-2.8044852707e-04                
2.3810000000e+01	1.6650309120e-02	9.1041617667e-14                 	2.9099449532e-17                 	9.1012518218e-14                 	3.1962799297e-04                 	-3.9936606038e-04                
2.4390000000e+01	1.6254360809e-02	7.1226997372e-14                 	2.5032624292e-17                 	7.1201964748e-14                 	3.5144854080e-04                 	-6.6743338953e-04                
2.5000000000e+01	1.5857754406e-02	6.6366925146e-14                 	2.1496459453e-17                 	6.6345428686e-14                 	3.2390320037e-04                 	-1.6894851178e-03                
2.5640000000e+01	1.5461929023e-02	7.0188144610e-14                 	1.8594171531e-17                 	7.0169550439e-14                 	2.6491897790e-04                 	1.3515087706e-03                 
2.6320000000e+01	1.5062456692e-02	5.5009567897e-14                 	1.6061569734e-17                 	5.4993506327e-14                 	2.9197774765e-04                 	6.7097262658e-04                 
2.7030000000e+01	1.4666809476e-02	5.5668807208e-14                 	1.3889138063e-17                 	5.5654918070e-14                 	2.4949588036e-04                 	4.2023490418e-04                 
2.7780000000e+01	1.4270837298e-02	5.4778624489e-14                 	1.2020067435e-17                 	5.4766604421e-14                 	2.1942988797e-04                 	3.0638635029e-04                 
2.8570000000e+01	1.3876228916e-02	4.9858828179e-14                 	1.0402851721e-17                 	4.9848425327e-14                 	2.0864613351e-04                 	2.4040376063e-04                 
2.9410000000e+01	1.3479900039e-02	4.8009800291e-14                 	8.9698905964e-18                 	4.8000830400e-14                 	1.8683457423e-04                 	1.9451635860e-04                 
3.0300000000e+01	1.3083955780e-02	4.4529694813e-14                 	7.7512256252e-18                 	4.4521943587e-14                 	1.7406868962e-04                 	1.6438872709e-04                 
3.1250000000e+01	1.2686203525e-02	3.8906001735e-14                 	6.6549526533e-18                 	3.8899346782e-14                 	1.7105208340e-04                 	1.3941432013e-04                 
3.2260000000e+01	1.2289022323e-02	4.2000835144e-14                 	5.7053605886e-18                 	4.1995129783e-14                 	1.3583921770e-04                 	1.2012350497e-04                 
3.3330000000e+01	1.1894505255e-02	3.9851510618e-14                 	4.9090407381e-18                 	3.9846601577e-14                 	1.2318330377e-04                 	1.0628129903e-04                 
3.7040000000e+01	1.0703127974e-02	1.1734061708e-14                 	3.0236495590e-18                 	1.1731038058e-14                 	2.5768140941e-04                 	7.3717556101e-05                 
3.8460000000e+01	1.0307952682e-02	1.1473872880e-14                 	2.5526043816e-18                 	1.1471320276e-14                 	2.2247103556e-04                 	6.5604296003e-05                 
4.0000000000e+01	9.9110965035e-03	1.1238229878e-14                 	2.1422038392e-18                 	1.1236087674e-14                 	1.9061754943e-04                 	5.8401549341e-05                 
4.1670000000e+01	9.5138915321e-03	1.0834080351e-14                 	1.7916638578e-18                 	1.0832288687e-14                 	1.6537295274e-04                 	5.2236942380e-05                 
4.3470000000e+01	9.1199415722e-03	9.9879045312e-15                 	1.4889199185e-18                 	9.9864156113e-15                 	1.4907230179e-04                 	4.6578669308e-05                 
4.5460000000e+01	8.7207184369e-03	9.1814221829e-15                 	1.2270582506e-18                 	9.1801951247e-15                 	1.3364577145e-04                 	4.1495617389e-05                 
4.7620000000e+01	8.3251545599e-03	9.0299999871e-15                 	1.0064339439e-18                 	9.0289935531e-15                 	1.1145447900e-04                 	3.6998160672e-05                 
5.0000000000e+01	7.9288772028e-03	9.0707479583e-15                 	8.1732751967e-19                 	9.0699306308e-15                 	9.0105857139e-05                 	3.2827961257e-05                 
5.2630000000e+01	7.5326593225e-03	8.9436411046e-15                 	6.5862182201e-19                 	8.9429824828e-15                 	7.3641351918e-05                 	2.9107510178e-05                 
5.5560000000e+01	7.1354186491e-03	9.3481343022e-15                 	5.2439264921e-19                 	9.3476099095e-15                 	5.6095968699e-05                 	2.5655888935e-05                 
5.8820000000e+01	6.7399500194e-03	9.7460832847e-15                 	4.1385595245e-19                 	9.7456694287e-15                 	4.2463822682e-05                 	2.2584453166e-05                 
6.2500000000e+01	6.3431017623e-03	9.0399776862e-15                 	3.2178631062e-19                 	9.0396558999e-15                 	3.5595918684e-05                 	1.9734483291e-05                 
6.6670000000e+01	5.9463605841e-03	9.8553846740e-15                 	2.4627236463e-19                 	9.8551384016e-15                 	2.4988610062e-05                 	1.7108753996e-05                 
7.1430000000e+01	5.5501030399e-03	1.0037453591e-14                 	1.8516391944e-19                 	1.0037268427e-14                 	1.8447300181e-05                 	1.4702377117e-05                 
7.6920000000e+01	5.1539763409e-03	9.8996657661e-15                 	1.3682219155e-19                 	9.8995289439e-15                 	1.3820889996e-05                 	1.2563241950e-05                 
8.3330000000e+01	4.7575166224e-03	1.0012248874e-14                 	9.8695767776e-20                 	1.0012150178e-14                 	9.8575024468e-06                 	1.0607060095e-05                 
9.0910000000e+01	4.3608388532e-03	1.0661769241e-14                 	6.9216597113e-20                 	1.0661700024e-14                 	6.4920366919e-06                 	8.8302784854e-06                 
9.5240000000e+01	4.1625772799e-03	1.2052248046e-14                 	5.7274692329e-20                 	1.2052190772e-14                 	4.7521999306e-06                 	8.0083309543e-06                 
1.0000000000e+02	3.9644386014e-03	9.0478225478e-15                 	4.6959128464e-20                 	9.0477755886e-15                 	5.1901027253e-06                 	7.2311056452e-06                 
1.0520000000e+02	3.7684777580e-03	5.7019464413e-15                 	3.8336216884e-20                 	5.7019081051e-15                 	6.7233561869e-06                 	6.5342496188e-06                 
1.1110000000e+02	3.5683515764e-03	3.3648706676e-15                 	3.0712239984e-20                 	3.3648399554e-15                 	9.1273166247e-06                 	5.8318427847e-06                 
1.1760000000e+02	3.3711212597e-03	1.3599309465e-15                 	2.4379875798e-20                 	1.3599065666e-15                 	1.7927289515e-05                 	5.1810505713e-06                 
1.2500000000e+02	3.1715508811e-03	9.9197926636e-16                 	1.9086163658e-20                 	9.9196018020e-16                 	1.9240486475e-05                 	4.5815358411e-06                 
1.3330000000e+02	2.9740724692e-03	7.5914275828e-16                 	1.4727604947e-20                 	7.5912803067e-16                 	1.9400310135e-05                 	4.0175852089e-06                 
1.4290000000e+02	2.7742747386e-03	6.2327733293e-16                 	1.1131795039e-20                 	6.2326620113e-16                 	1.7860099271e-05                 	3.4878297805e-06                 
1.5380000000e+02	2.5776583884e-03	5.3535409552e-16                 	8.2814589848e-21                 	5.3534581407e-16                 	1.5469124182e-05                 	3.0040050422e-06                 
1.6670000000e+02	2.3781875233e-03	4.4066691612e-16                 	5.9899664797e-21                 	4.4066092615e-16                 	1.3592957085e-05                 	2.5511443121e-06                 
1.8180000000e+02	2.1806592967e-03	3.6618127052e-16                 	4.2284033098e-21                 	3.6617704211e-16                 	1.1547295425e-05                 	2.1409782684e-06                 
2.0000000000e+02	1.9822193007e-03	3.0085467923e-16                 	2.8828022442e-21                 	3.0085179643e-16                 	9.5820422390e-06                 	1.7657668685e-06                 
2.2220000000e+02	1.7841757882e-03	2.3806746234e-16                 	1.8901412036e-21                 	2.3806557220e-16                 	7.9395192648e-06                 	1.4285648187e-06                 
2.5000000000e+02	1.5857754406e-03	1.8979720734e-16                 	1.1782700603e-21                 	1.8979602907e-16                 	6.2080474039e-06                 	1.1269443935e-06                 
2.8570000000e+02	1.3876228916e-03	1.4041288559e-16                 	6.9007621421e-22                 	1.4041219552e-16                 	4.9146216980e-06                 	8.6170026505e-07                 
3.3330000000e+02	1.1894505255e-03	9.6590113845e-17                 	3.7229290139e-22                 	9.6589741552e-17                 	3.8543582419e-06                 	6.3256050068e-07                 
4.0000000000e+02	9.9110965035e-04	6.5281682193e-17                 	1.7933849064e-22                 	6.5281502854e-17                 	2.7471487348e-06                 	4.3878178261e-07                 
5.0000000000e+02	7.9288772028e-04	3.8960197090e-17                 	7.3404110546e-23                 	3.8960123686e-17                 	1.8840795486e-06                 	2.8055907969e-07                 
6.2500000000e+02	6.3431017623e-04	2.4782077075e-17                 	3.0055472419e-23                 	2.4782047019e-17                 	1.2127906926e-06                 	1.7947424606e-07                 
