#wavelengths (mu)	size parameter  	extinction cross section (cm^2)  	scattering cross section (cm^2)  	absorption cross section (cm^2)  	single scattering albedo         	asymmetry parameter              
1.6530000000e-02	1.5132479750e+01	7.8796931819e-11                 	3.5591863266e-11                 	4.3205068553e-11                 	4.5169097888e-01                 	9.7922449256e-01                 
1.6750000000e-02	1.4933724792e+01	7.8075021938e-11                 	3.4919637121e-11                 	4.3155384817e-11                 	4.4725747434e-01                 	9.7905403596e-01                 
1.6980000000e-02	1.4731442301e+01	7.6765994526e-11                 	3.3767468405e-11                 	4.2998526121e-11                 	4.3987534602e-01                 	9.7906660663e-01                 
1.7220000000e-02	1.4526126032e+01	7.6269531352e-11                 	3.3393802811e-11                 	4.2875728542e-11                 	4.3783936021e-01                 	9.7876874611e-01                 
1.7710000000e-02	1.4124217406e+01	7.7343505059e-11                 	3.4038745252e-11                 	4.3304759807e-11                 	4.4009830206e-01                 	9.7741461018e-01                 
1.8230000000e-02	1.3721332434e+01	7.7247103765e-11                 	3.3740425576e-11                 	4.3506678190e-11                 	4.3678563896e-01                 	9.7640304201e-01                 
1.8790000000e-02	1.3312394373e+01	7.4645739993e-11                 	3.1192792187e-11                 	4.3452947806e-11                 	4.1787772738e-01                 	9.7629339440e-01                 
1.9070000000e-02	1.3116931844e+01	7.2283651094e-11                 	2.9205784142e-11                 	4.3077866952e-11                 	4.0404411925e-01                 	9.7654708316e-01                 
1.9370000000e-02	1.2913778537e+01	6.7615247297e-11                 	2.6254842411e-11                 	4.1360404886e-11                 	3.8829766155e-01                 	9.7718886797e-01                 
1.9680000000e-02	1.2710360278e+01	6.6355883468e-11                 	2.5329473907e-11                 	4.1026409561e-11                 	3.8172159849e-01                 	9.7692254827e-01                 
2.0000000000e-02	1.2506994513e+01	6.7326246720e-11                 	2.6556654312e-11                 	4.0769592409e-11                 	3.9444727139e-01                 	9.7602000764e-01                 
2.0330000000e-02	1.2303978862e+01	7.0423406128e-11                 	2.9787600203e-11                 	4.0635805925e-11                 	4.2297869190e-01                 	9.7441877110e-01                 
2.0660000000e-02	1.2107448706e+01	7.4414195599e-11                 	3.3861712361e-11                 	4.0552483238e-11                 	4.5504371967e-01                 	9.7233420471e-01                 
2.1010000000e-02	1.1905753939e+01	7.9667948588e-11                 	3.8331301207e-11                 	4.1336647381e-11                 	4.8113829823e-01                 	9.6919533613e-01                 
2.1380000000e-02	1.1699714231e+01	8.4664826249e-11                 	3.9710252753e-11                 	4.4954573496e-11                 	4.6902892869e-01                 	9.6497270820e-01                 
2.1750000000e-02	1.1500684610e+01	8.1869815735e-11                 	3.5185791212e-11                 	4.6684024523e-11                 	4.2977733486e-01                 	9.6706918348e-01                 
2.2140000000e-02	1.1298098025e+01	7.7559555233e-11                 	3.1504743371e-11                 	4.6054811862e-11                 	4.0620067090e-01                 	9.6879128169e-01                 
2.2540000000e-02	1.1097599391e+01	7.7002108195e-11                 	3.1068354690e-11                 	4.5933753505e-11                 	4.0347407906e-01                 	9.6820417932e-01                 
2.2750000000e-02	1.0995160012e+01	7.6352760588e-11                 	3.0531614059e-11                 	4.5821146529e-11                 	3.9987570618e-01                 	9.6808201002e-01                 
2.2960000000e-02	1.0894594524e+01	7.6577918256e-11                 	3.0563640036e-11                 	4.6014278220e-11                 	3.9911818879e-01                 	9.6761104085e-01                 
2.3390000000e-02	1.0694309118e+01	7.6479566722e-11                 	2.9817448814e-11                 	4.6662117909e-11                 	3.8987470891e-01                 	9.6723383643e-01                 
2.3840000000e-02	1.0492445061e+01	7.0783658075e-11                 	2.5410680716e-11                 	4.5372977359e-11                 	3.5899078131e-01                 	9.6871527151e-01                 
2.4070000000e-02	1.0392184888e+01	6.5826325485e-11                 	2.2532724793e-11                 	4.3293600692e-11                 	3.4230567523e-01                 	9.6931867788e-01                 
2.4310000000e-02	1.0289588246e+01	6.4777659885e-11                 	2.2608087845e-11                 	4.2169572040e-11                 	3.4901056761e-01                 	9.6870113592e-01                 
2.4800000000e-02	1.0086285898e+01	6.6969405266e-11                 	2.4655519137e-11                 	4.2313886129e-11                 	3.6816093915e-01                 	9.6682045584e-01                 
2.5300000000e-02	9.8869521844e+00	6.6238937734e-11                 	2.4472543377e-11                 	4.1766394357e-11                 	3.6945857247e-01                 	9.6589236763e-01                 
2.5830000000e-02	9.6840840211e+00	6.6876758783e-11                 	2.5270310351e-11                 	4.1606448431e-11                 	3.7786386199e-01                 	9.6445777993e-01                 
2.6380000000e-02	9.4821793125e+00	6.6480714534e-11                 	2.5545975922e-11                 	4.0934738612e-11                 	3.8426145238e-01                 	9.6324106798e-01                 
2.6950000000e-02	9.2816285812e+00	6.8751054082e-11                 	2.7431237516e-11                 	4.1319816566e-11                 	3.9899370100e-01                 	9.6102098156e-01                 
2.7550000000e-02	9.0794878499e+00	6.7780178051e-11                 	2.7181342715e-11                 	4.0598835336e-11                 	4.0102200225e-01                 	9.5987778694e-01                 
2.8180000000e-02	8.8765042677e+00	7.0375677021e-11                 	2.9588889749e-11                 	4.0786787272e-11                 	4.2044199078e-01                 	9.5710174191e-01                 
2.8830000000e-02	8.6763749658e+00	7.2488439208e-11                 	3.0840781421e-11                 	4.1647657788e-11                 	4.2545793174e-01                 	9.5456025951e-01                 
2.9520000000e-02	8.4735735184e+00	7.2630308919e-11                 	3.0907888341e-11                 	4.1722420578e-11                 	4.2555083134e-01                 	9.5281147243e-01                 
3.0240000000e-02	8.2718217680e+00	7.4216557893e-11                 	3.2132921689e-11                 	4.2083636204e-11                 	4.3296162745e-01                 	9.5007325142e-01                 
3.1000000000e-02	8.0690287182e+00	7.5830014572e-11                 	3.2953371993e-11                 	4.2876642579e-11                 	4.3456897877e-01                 	9.4721359940e-01                 
3.1790000000e-02	7.8685086588e+00	7.6033203099e-11                 	3.2667463769e-11                 	4.3365739330e-11                 	4.2964734403e-01                 	9.4521253400e-01                 
3.2630000000e-02	7.6659482153e+00	7.6024380096e-11                 	3.2501569949e-11                 	4.3522810147e-11                 	4.2751509329e-01                 	9.4306077480e-01                 
3.3510000000e-02	7.4646341469e+00	7.6380516179e-11                 	3.2712247853e-11                 	4.3668268326e-11                 	4.2828000503e-01                 	9.4042699223e-01                 
3.4440000000e-02	7.2630630158e+00	7.6098632914e-11                 	3.2588593919e-11                 	4.3510038995e-11                 	4.2824151593e-01                 	9.3802598319e-01                 
3.4930000000e-02	7.1611763603e+00	7.6761901214e-11                 	3.3359646194e-11                 	4.3402255019e-11                 	4.3458598168e-01                 	9.3594433655e-01                 
3.5420000000e-02	7.0621087031e+00	7.8513602970e-11                 	3.4534192814e-11                 	4.3979410156e-11                 	4.3984980319e-01                 	9.3314412721e-01                 
3.6470000000e-02	6.8587850360e+00	7.9203142003e-11                 	3.4217857320e-11                 	4.4985284683e-11                 	4.3202651378e-01                 	9.3024335910e-01                 
3.7570000000e-02	6.6579688652e+00	7.8475472359e-11                 	3.3072529294e-11                 	4.5402943066e-11                 	4.2143778558e-01                 	9.2842100179e-01                 
3.8750000000e-02	6.4552229746e+00	7.6586428677e-11                 	3.1388452722e-11                 	4.5197975955e-11                 	4.0984353578e-01                 	9.2707771770e-01                 
3.9360000000e-02	6.3551801388e+00	7.4921796586e-11                 	3.0349283441e-11                 	4.4572513145e-11                 	4.0507949388e-01                 	9.2654818599e-01                 
3.9990000000e-02	6.2550610219e+00	7.3281025017e-11                 	2.9670708894e-11                 	4.3610316123e-11                 	4.0488938149e-01                 	9.2554602389e-01                 
4.0650000000e-02	6.1535028355e+00	7.1764814786e-11                 	2.9484767804e-11                 	4.2280046983e-11                 	4.1085269838e-01                 	9.2398116182e-01                 
4.1330000000e-02	6.0522596241e+00	7.1946750431e-11                 	3.0800794839e-11                 	4.1145955592e-11                 	4.2810543429e-01                 	9.2083280233e-01                 
4.2750000000e-02	5.8512255033e+00	7.3479261051e-11                 	3.3805470693e-11                 	3.9673790357e-11                 	4.6006819080e-01                 	9.1370189974e-01                 
4.4280000000e-02	5.6490490123e+00	7.6114659684e-11                 	3.8223714249e-11                 	3.7890945435e-11                 	5.0218597058e-01                 	9.0467061608e-01                 
4.5090000000e-02	5.5475690899e+00	7.8980472536e-11                 	4.1877131661e-11                 	3.7103340875e-11                 	5.3022133594e-01                 	8.9775085661e-01                 
4.5920000000e-02	5.4472972618e+00	8.2199039425e-11                 	4.5397581345e-11                 	3.6801458080e-11                 	5.5228846544e-01                 	8.8944639820e-01                 
4.6790000000e-02	5.3460117603e+00	8.5465455936e-11                 	4.8730309211e-11                 	3.6735146725e-11                 	5.7017550164e-01                 	8.7940931527e-01                 
4.7690000000e-02	5.2451224631e+00	8.8836210625e-11                 	5.1816530497e-11                 	3.7019680128e-11                 	5.8328163856e-01                 	8.6705826174e-01                 
4.8620000000e-02	5.1447941231e+00	9.2144408358e-11                 	5.4119310566e-11                 	3.8025097792e-11                 	5.8733146732e-01                 	8.5286982663e-01                 
4.9590000000e-02	5.0441599166e+00	9.4614862450e-11                 	5.4810407630e-11                 	3.9804454820e-11                 	5.7930018827e-01                 	8.4136633947e-01                 
4.9790000000e-02	5.0238981776e+00	9.5139489511e-11                 	5.4849276763e-11                 	4.0290212748e-11                 	5.7651430594e-01                 	8.3919439744e-01                 
4.9990000000e-02	5.0037985650e+00	9.5625316881e-11                 	5.4734567405e-11                 	4.0890749476e-11                 	5.7238573623e-01                 	8.3749289567e-01                 
5.0610000000e-02	4.9424993137e+00	9.5517924484e-11                 	5.3226162114e-11                 	4.2291762370e-11                 	5.5723742325e-01                 	8.3853311025e-01                 
5.1020000000e-02	4.9027810714e+00	9.5238893555e-11                 	5.2767705667e-11                 	4.2471187888e-11                 	5.5405626522e-01                 	8.3844047433e-01                 
5.1450000000e-02	4.8618054473e+00	9.5657326394e-11                 	5.3336754138e-11                 	4.2320572256e-11                 	5.5758148538e-01                 	8.3471539329e-01                 
5.1660000000e-02	4.8420420105e+00	9.5947385276e-11                 	5.3636949101e-11                 	4.2310436175e-11                 	5.5902460444e-01                 	8.3267692065e-01                 
5.1880000000e-02	4.8215090645e+00	9.6256273508e-11                 	5.3778368002e-11                 	4.2477905505e-11                 	5.5869987527e-01                 	8.3094900996e-01                 
5.2310000000e-02	4.7818751723e+00	9.6428391353e-11                 	5.3741921512e-11                 	4.2686469841e-11                 	5.5732467127e-01                 	8.2907811610e-01                 
5.2760000000e-02	4.7410896563e+00	9.6700935072e-11                 	5.4261849792e-11                 	4.2439085280e-11                 	5.6113055940e-01                 	8.2552335162e-01                 
5.3210000000e-02	4.7009939911e+00	9.7242710413e-11                 	5.5070153711e-11                 	4.2172556701e-11                 	5.6631652365e-01                 	8.2071408912e-01                 
5.3910000000e-02	4.6399534458e+00	9.8459345953e-11                 	5.6764401822e-11                 	4.1694944131e-11                 	5.7652629390e-01                 	8.1113709743e-01                 
5.4620000000e-02	4.5796391480e+00	9.9797914372e-11                 	5.8604880605e-11                 	4.1193033767e-11                 	5.8723552465e-01                 	8.0042452966e-01                 
5.5100000000e-02	4.5397439249e+00	1.0109700697e-10                 	6.0416907026e-11                 	4.0680099948e-11                 	5.9761321165e-01                 	7.9031735575e-01                 
5.5850000000e-02	4.4787804882e+00	1.0358368044e-10                 	6.3368348111e-11                 	4.0215332328e-11                 	6.1175995912e-01                 	7.7267946889e-01                 
5.6360000000e-02	4.4382521339e+00	1.0566512067e-10                 	6.5412981245e-11                 	4.0252139425e-11                 	6.1905935308e-01                 	7.5994061215e-01                 
5.6870000000e-02	4.3984506816e+00	1.0774159503e-10                 	6.6785519989e-11                 	4.0956075039e-11                 	6.1986756342e-01                 	7.5067917202e-01                 
5.7400000000e-02	4.3578378095e+00	1.0749904513e-10                 	6.6750155388e-11                 	4.0748889741e-11                 	6.2093719352e-01                 	7.4921480832e-01                 
5.7670000000e-02	4.3374352395e+00	1.1095941716e-10                 	6.8430587801e-11                 	4.2528829358e-11                 	6.1671726072e-01                 	7.4015180915e-01                 
5.7940000000e-02	4.3172228213e+00	1.1216827249e-10                 	6.8924460083e-11                 	4.3243812410e-11                 	6.1447375939e-01                 	7.3737789225e-01                 
5.8210000000e-02	4.2971979087e+00	1.1336413078e-10                 	6.9184478756e-11                 	4.4179652022e-11                 	6.1028544286e-01                 	7.3599540824e-01                 
5.8480000000e-02	4.2773579047e+00	1.1450435438e-10                 	6.9141404784e-11                 	4.5362949598e-11                 	6.0383210016e-01                 	7.3630527728e-01                 
5.8760000000e-02	4.2569756682e+00	1.1551881830e-10                 	6.8913323322e-11                 	4.6605494978e-11                 	5.9655495387e-01                 	7.3758211071e-01                 
5.9040000000e-02	4.2367867592e+00	1.1648621036e-10                 	6.8423198132e-11                 	4.8063012224e-11                 	5.8739311652e-01                 	7.4027635790e-01                 
5.9320000000e-02	4.2167884401e+00	1.1665801141e-10                 	6.7027415953e-11                 	4.9630595454e-11                 	5.7456333384e-01                 	7.4673272676e-01                 
5.9610000000e-02	4.1962739518e+00	1.1639649584e-10                 	6.5841896060e-11                 	5.0554599782e-11                 	5.6566905716e-01                 	7.5157141400e-01                 
5.9900000000e-02	4.1759581012e+00	1.1647437405e-10                 	6.5250812968e-11                 	5.1223561080e-11                 	5.6021604324e-01                 	7.5379747323e-01                 
6.0190000000e-02	4.1558380173e+00	1.1571922058e-10                 	6.3886693297e-11                 	5.1832527284e-11                 	5.5208368132e-01                 	7.5889041289e-01                 
6.0480000000e-02	4.1359108840e+00	1.1539592895e-10                 	6.3695734649e-11                 	5.1700194306e-11                 	5.5197557857e-01                 	7.5853231525e-01                 
6.0780000000e-02	4.1154967138e+00	1.1538884456e-10                 	6.3796648786e-11                 	5.1592195778e-11                 	5.5288402469e-01                 	7.5706031115e-01                 
6.1080000000e-02	4.0952830757e+00	1.1555740852e-10                 	6.4205590461e-11                 	5.1351818058e-11                 	5.5561639261e-01                 	7.5425524318e-01                 
6.1380000000e-02	4.0752670294e+00	1.1605228362e-10                 	6.4960376507e-11                 	5.1091907110e-11                 	5.5975095434e-01                 	7.5013218001e-01                 
6.1990000000e-02	4.0351651922e+00	1.1797861419e-10                 	6.7182402000e-11                 	5.0796212193e-11                 	5.6944559368e-01                 	7.3960892804e-01                 
6.2300000000e-02	4.0150865211e+00	1.1975647904e-10                 	6.8849249986e-11                 	5.0907229056e-11                 	5.7491043939e-01                 	7.3282084621e-01                 
6.2620000000e-02	3.9945686724e+00	1.2146606732e-10                 	6.9747343642e-11                 	5.1718723682e-11                 	5.7421257787e-01                 	7.2996678397e-01                 
6.2940000000e-02	3.9742594576e+00	1.2279566294e-10                 	7.0082091315e-11                 	5.2713571629e-11                 	5.7072122610e-01                 	7.2949777102e-01                 
6.3260000000e-02	3.9541557108e+00	1.2397162777e-10                 	7.0296510027e-11                 	5.3675117745e-11                 	5.6703708172e-01                 	7.2947646616e-01                 
6.3580000000e-02	3.9342543294e+00	1.2498518194e-10                 	7.0308684952e-11                 	5.4676496987e-11                 	5.6253616518e-01                 	7.3026931529e-01                 
6.3910000000e-02	3.9139397632e+00	1.2589055162e-10                 	7.0209004135e-11                 	5.5681547483e-11                 	5.5769875684e-01                 	7.3146673016e-01                 
6.4240000000e-02	3.8938339082e+00	1.2677461756e-10                 	6.9957478989e-11                 	5.6817138575e-11                 	5.5182559674e-01                 	7.3346146473e-01                 
6.4580000000e-02	3.8733336987e+00	1.2613329664e-10                 	6.8286566982e-11                 	5.7846729661e-11                 	5.4138414518e-01                 	7.3993592688e-01                 
6.4910000000e-02	3.8536418158e+00	1.2669136520e-10                 	6.8590475647e-11                 	5.8100889548e-11                 	5.4139818875e-01                 	7.3845835476e-01                 
6.5080000000e-02	3.8435754497e+00	1.2668331639e-10                 	6.8195617172e-11                 	5.8487699218e-11                 	5.3831569235e-01                 	7.4002367100e-01                 
6.5250000000e-02	3.8335615366e+00	1.2668743657e-10                 	6.7987566660e-11                 	5.8699869910e-11                 	5.3665595027e-01                 	7.4062891941e-01                 
6.5600000000e-02	3.8131080833e+00	1.2699494155e-10                 	6.7931084092e-11                 	5.9063857462e-11                 	5.3491173161e-01                 	7.4051014742e-01                 
6.5950000000e-02	3.7928717250e+00	1.2744703529e-10                 	6.7987817594e-11                 	5.9459217695e-11                 	5.3345938914e-01                 	7.4009608934e-01                 
6.6300000000e-02	3.7728490236e+00	1.2799292231e-10                 	6.8115276472e-11                 	5.9877645836e-11                 	5.3218002405e-01                 	7.3951527388e-01                 
6.6660000000e-02	3.7524736013e+00	1.2867521757e-10                 	6.8305917073e-11                 	6.0369300497e-11                 	5.3083972472e-01                 	7.3887754560e-01                 
6.7020000000e-02	3.7323170735e+00	1.2930010440e-10                 	6.8392306302e-11                 	6.0907798101e-11                 	5.2894239040e-01                 	7.3870336620e-01                 
6.7570000000e-02	3.7019371062e+00	1.2997375931e-10                 	6.8259955899e-11                 	6.1713803415e-11                 	5.2518259269e-01                 	7.3929535544e-01                 
6.8120000000e-02	3.6720477138e+00	1.3051160775e-10                 	6.8051375509e-11                 	6.2460232240e-11                 	5.2142009958e-01                 	7.4004732931e-01                 
6.8500000000e-02	3.6516772301e+00	1.3085971356e-10                 	6.7976305320e-11                 	6.2883408236e-11                 	5.1945937732e-01                 	7.4014798539e-01                 
6.8880000000e-02	3.6315315079e+00	1.3129450585e-10                 	6.8002925014e-11                 	6.3291580836e-11                 	5.1794189386e-01                 	7.3990173606e-01                 
6.9260000000e-02	3.6116068476e+00	1.3181124259e-10                 	6.8111248570e-11                 	6.3699994015e-11                 	5.1673322574e-01                 	7.3941165770e-01                 
6.9650000000e-02	3.5913839234e+00	1.3248847397e-10                 	6.8350688112e-11                 	6.4137785859e-11                 	5.1589912740e-01                 	7.3856864012e-01                 
7.0050000000e-02	3.5708763778e+00	1.3315162622e-10                 	6.8528445519e-11                 	6.4623180697e-11                 	5.1466472823e-01                 	7.3804236722e-01                 
7.0250000000e-02	3.5607101817e+00	1.3357522834e-10                 	6.8678800166e-11                 	6.4896428171e-11                 	5.1415820898e-01                 	7.3767994347e-01                 
7.0450000000e-02	3.5506017071e+00	1.3391444320e-10                 	6.8691760859e-11                 	6.5222682342e-11                 	5.1295259284e-01                 	7.3791475725e-01                 
7.0850000000e-02	3.5305559670e+00	1.3370929986e-10                 	6.7849530858e-11                 	6.5859769005e-11                 	5.0744062625e-01                 	7.4119947381e-01                 
7.1260000000e-02	3.5102426363e+00	1.3407912333e-10                 	6.7765809239e-11                 	6.6313314087e-11                 	5.0541655970e-01                 	7.4153418296e-01                 
7.1670000000e-02	3.4901617171e+00	1.3402877388e-10                 	6.7114824675e-11                 	6.6913949201e-11                 	5.0074937443e-01                 	7.4431049191e-01                 
7.2080000000e-02	3.4703092434e+00	1.3324051892e-10                 	6.5782374176e-11                 	6.7458144746e-11                 	4.9371148287e-01                 	7.4939740978e-01                 
7.2510000000e-02	3.4497295582e+00	1.3279307735e-10                 	6.4979549550e-11                 	6.7813527799e-11                 	4.8932934493e-01                 	7.5206397873e-01                 
7.2930000000e-02	3.4298627487e+00	1.3228655464e-10                 	6.4157274286e-11                 	6.8129280350e-11                 	4.8498711349e-01                 	7.5477982283e-01                 
7.3150000000e-02	3.4195473720e+00	1.3237325975e-10                 	6.4133417529e-11                 	6.8239842216e-11                 	4.8448922126e-01                 	7.5454725757e-01                 
7.3360000000e-02	3.4097585914e+00	1.3252170951e-10                 	6.4095718350e-11                 	6.8425991158e-11                 	4.8366202479e-01                 	7.5477845671e-01                 
7.3800000000e-02	3.3894294074e+00	1.3223753706e-10                 	6.3364037306e-11                 	6.8873499753e-11                 	4.7916831117e-01                 	7.5802037315e-01                 
7.4240000000e-02	3.3693411943e+00	1.3171460018e-10                 	6.2401861353e-11                 	6.9312738825e-11                 	4.7376571214e-01                 	7.6237761661e-01                 
7.4690000000e-02	3.3490412406e+00	1.3032643444e-10                 	6.0681369777e-11                 	6.9645064658e-11                 	4.6561060341e-01                 	7.6932435233e-01                 
7.5140000000e-02	3.3289844326e+00	1.2985476314e-10                 	6.0039195464e-11                 	6.9815567672e-11                 	4.6235651288e-01                 	7.7120665417e-01                 
7.5600000000e-02	3.3087287072e+00	1.2853656769e-10                 	5.8508751996e-11                 	7.0027815694e-11                 	4.5519149179e-01                 	7.7727752144e-01                 
7.6060000000e-02	3.2887179893e+00	1.2733975072e-10                 	5.7264193600e-11                 	7.0075557116e-11                 	4.4969613399e-01                 	7.8111354026e-01                 
7.6530000000e-02	3.2685207143e+00	1.2442966384e-10                 	5.4681227267e-11                 	6.9748436569e-11                 	4.3945491438e-01                 	7.8797672789e-01                 
7.7010000000e-02	3.2481481660e+00	1.2222425786e-10                 	5.3112836293e-11                 	6.9111421571e-11                 	4.3455233209e-01                 	7.8713819516e-01                 
7.7490000000e-02	3.2280280070e+00	1.2188968731e-10                 	5.3092229057e-11                 	6.8797458250e-11                 	4.3557605430e-01                 	7.8237396007e-01                 
7.7980000000e-02	3.2077441686e+00	1.2140560129e-10                 	5.2790860461e-11                 	6.8614740833e-11                 	4.3483051769e-01                 	7.8010295218e-01                 
7.8470000000e-02	3.1877136519e+00	1.2114000521e-10                 	5.2733536094e-11                 	6.8406469116e-11                 	4.3531066391e-01                 	7.7673432405e-01                 
7.8970000000e-02	3.1675305846e+00	1.2188951690e-10                 	5.3481004821e-11                 	6.8408512082e-11                 	4.3876623831e-01                 	7.7154869460e-01                 
7.9990000000e-02	3.1271395207e+00	1.2218038405e-10                 	5.3698094641e-11                 	6.8482289406e-11                 	4.3949849283e-01                 	7.6677586271e-01                 
8.0510000000e-02	3.1069418739e+00	1.2269306861e-10                 	5.4167757194e-11                 	6.8525311415e-11                 	4.4148995382e-01                 	7.6302095609e-01                 
8.1040000000e-02	3.0866225353e+00	1.2302281739e-10                 	5.4444720733e-11                 	6.8578096661e-11                 	4.4255790825e-01                 	7.6004892157e-01                 
8.1570000000e-02	3.0665672461e+00	1.2394172121e-10                 	5.5229289175e-11                 	6.8712432039e-11                 	4.4560692424e-01                 	7.5566539550e-01                 
8.2110000000e-02	3.0463998327e+00	1.2484972560e-10                 	5.5851665645e-11                 	6.8998059953e-11                 	4.4735112855e-01                 	7.5268776335e-01                 
8.2660000000e-02	3.0261298121e+00	1.2527337934e-10                 	5.6033582260e-11                 	6.9239797077e-11                 	4.4729041841e-01                 	7.5106502268e-01                 
8.3210000000e-02	3.0061277522e+00	1.2539400941e-10                 	5.6011939184e-11                 	6.9382070230e-11                 	4.4668752077e-01                 	7.4964357914e-01                 
8.3770000000e-02	2.9860318761e+00	1.2582457705e-10                 	5.6285912243e-11                 	6.9538664807e-11                 	4.4733639137e-01                 	7.4718496080e-01                 
8.4340000000e-02	2.9658512007e+00	1.2555827344e-10                 	5.5940369070e-11                 	6.9617904371e-11                 	4.4553311810e-01                 	7.4649017273e-01                 
8.4920000000e-02	2.9455945627e+00	1.2551127590e-10                 	5.5930039802e-11                 	6.9581236100e-11                 	4.4561764989e-01                 	7.4389088072e-01                 
8.5510000000e-02	2.9252706147e+00	1.2583676053e-10                 	5.6323214685e-11                 	6.9513545848e-11                 	4.4758951555e-01                 	7.3969866080e-01                 
8.6100000000e-02	2.9052252063e+00	1.2668746904e-10                 	5.7043868793e-11                 	6.9643600246e-11                 	4.5027238468e-01                 	7.3545790405e-01                 
8.6700000000e-02	2.8851198416e+00	1.2759684973e-10                 	5.7817780652e-11                 	6.9779069082e-11                 	4.5312859034e-01                 	7.3108044538e-01                 
8.7310000000e-02	2.8649626648e+00	1.2833112548e-10                 	5.8417052400e-11                 	6.9914073084e-11                 	4.5520564228e-01                 	7.2728971798e-01                 
8.7930000000e-02	2.8447616316e+00	1.2868353100e-10                 	5.8763060386e-11                 	6.9920470618e-11                 	4.5664787038e-01                 	7.2370837952e-01                 
8.8560000000e-02	2.8245245061e+00	1.2929876333e-10                 	5.9575014800e-11                 	6.9723748530e-11                 	4.6075471463e-01                 	7.1779319718e-01                 
8.9200000000e-02	2.8042588595e+00	1.3145624152e-10                 	6.2000076885e-11                 	6.9456164635e-11                 	4.7164041942e-01                 	7.0705905201e-01                 
8.9840000000e-02	2.7842819486e+00	1.3622987186e-10                 	6.6770256700e-11                 	6.9459615164e-11                 	4.9012933644e-01                 	6.9167250911e-01                 
9.0170000000e-02	2.7740921622e+00	1.3858209250e-10                 	6.9015908556e-11                 	6.9566183940e-11                 	4.9801462305e-01                 	6.8515038002e-01                 
9.0500000000e-02	2.7639766880e+00	1.4273282342e-10                 	7.3067445284e-11                 	6.9665378131e-11                 	5.1191760617e-01                 	6.7466529913e-01                 
9.1160000000e-02	2.7439654483e+00	1.4765359932e-10                 	7.7486402566e-11                 	7.0167196751e-11                 	5.2478505722e-01                 	6.6435858187e-01                 
9.1500000000e-02	2.7337692925e+00	1.4944332819e-10                 	7.9247082672e-11                 	7.0196245517e-11                 	5.3028183749e-01                 	6.5976349764e-01                 
9.1840000000e-02	2.7236486309e+00	1.5015632734e-10                 	7.9951380503e-11                 	7.0204946842e-11                 	5.3245428892e-01                 	6.5731148422e-01                 
9.2180000000e-02	2.7136026282e+00	1.4992573744e-10                 	7.9643910260e-11                 	7.0281827183e-11                 	5.3122240129e-01                 	6.5710064281e-01                 
9.2530000000e-02	2.7033382715e+00	1.4929702659e-10                 	7.8878256947e-11                 	7.0418769640e-11                 	5.2833106426e-01                 	6.5802069680e-01                 
9.2870000000e-02	2.6934412648e+00	1.4856788905e-10                 	7.7996998762e-11                 	7.0570890292e-11                 	5.2499230660e-01                 	6.5933715341e-01                 
9.3220000000e-02	2.6833285804e+00	1.4764958244e-10                 	7.6801856718e-11                 	7.0847725722e-11                 	5.2016304719e-01                 	6.6187033041e-01                 
9.3570000000e-02	2.6732915493e+00	1.4679200224e-10                 	7.5646927787e-11                 	7.1145074449e-11                 	5.1533412335e-01                 	6.6456986086e-01                 
9.3930000000e-02	2.6630457816e+00	1.4568512088e-10                 	7.3960366645e-11                 	7.1724754236e-11                 	5.0767275476e-01                 	6.6991251447e-01                 
9.4280000000e-02	2.6531596337e+00	1.4479070589e-10                 	7.2462984280e-11                 	7.2327721607e-11                 	5.0046709722e-01                 	6.7529598791e-01                 
9.4640000000e-02	2.6430673105e+00	1.4406843437e-10                 	7.1165568272e-11                 	7.2902866096e-11                 	4.9397058130e-01                 	6.8032225453e-01                 
9.5010000000e-02	2.6327743423e+00	1.4350520529e-10                 	7.0098391566e-11                 	7.3406813725e-11                 	4.8847281480e-01                 	6.8459203849e-01                 
9.5370000000e-02	2.6228362196e+00	1.4307687796e-10                 	6.9252591225e-11                 	7.3824286733e-11                 	4.8402363969e-01                 	6.8803816400e-01                 
9.5740000000e-02	2.6126999192e+00	1.4268828452e-10                 	6.8470168966e-11                 	7.4218115549e-11                 	4.7985837939e-01                 	6.9132824752e-01                 
9.6110000000e-02	2.6026416633e+00	1.4236053842e-10                 	6.7803441121e-11                 	7.4557097303e-11                 	4.7627974628e-01                 	6.9411413606e-01                 
9.6860000000e-02	2.5824890591e+00	1.4176917729e-10                 	6.6630504128e-11                 	7.5138673158e-11                 	4.6999288141e-01                 	6.9904953826e-01                 
9.8400000000e-02	2.5420720555e+00	1.4070380916e-10                 	6.4799195483e-11                 	7.5904613677e-11                 	4.6053618498e-01                 	7.0606901980e-01                 
9.9190000000e-02	2.5218256907e+00	1.4013254070e-10                 	6.4020294317e-11                 	7.6112246383e-11                 	4.5685530282e-01                 	7.0821300635e-01                 
1.0000000000e-01	2.5013989026e+00	1.3932508490e-10                 	6.3089131870e-11                 	7.6235953029e-11                 	4.5281961906e-01                 	7.1043236598e-01                 
1.0250000000e-01	2.4403891733e+00	1.3620500795e-10                 	6.0031413961e-11                 	7.6173593992e-11                 	4.4074307445e-01                 	7.1215203052e-01                 
1.0330000000e-01	2.4214897412e+00	1.3473104917e-10                 	5.8700953314e-11                 	7.6030095857e-11                 	4.3568987012e-01                 	7.1147941893e-01                 
1.0420000000e-01	2.4005747626e+00	1.3299112748e-10                 	5.7156482010e-11                 	7.5834645469e-11                 	4.2977665573e-01                 	7.0961964134e-01                 
1.0510000000e-01	2.3800179854e+00	1.3160454564e-10                 	5.5935136011e-11                 	7.5669409631e-11                 	4.2502434652e-01                 	7.0533084978e-01                 
1.0640000000e-01	2.3509388183e+00	1.3050666122e-10                 	5.5019292730e-11                 	7.5487368486e-11                 	4.2158225655e-01                 	6.9551146693e-01                 
1.0690000000e-01	2.3399428463e+00	1.3158390684e-10                 	5.6008164870e-11                 	7.5575741973e-11                 	4.2564600956e-01                 	6.8777554433e-01                 
1.0780000000e-01	2.3204071453e+00	1.3567872818e-10                 	5.9711799111e-11                 	7.5966929072e-11                 	4.4009698433e-01                 	6.7229130307e-01                 
1.0880000000e-01	2.2990798738e+00	1.3902324844e-10                 	6.2805429271e-11                 	7.6217819172e-11                 	4.5176206120e-01                 	6.6050505149e-01                 
1.0970000000e-01	2.2802177782e+00	1.4204839466e-10                 	6.5836563176e-11                 	7.6211831487e-11                 	4.6347981145e-01                 	6.4916840560e-01                 
1.1070000000e-01	2.2596196049e+00	1.4397137849e-10                 	6.7879623546e-11                 	7.6091754940e-11                 	4.7147998623e-01                 	6.4078075518e-01                 
1.1120000000e-01	2.2494594448e+00	1.4452158302e-10                 	6.8472950135e-11                 	7.6048632887e-11                 	4.7379047962e-01                 	6.3798005297e-01                 
1.1170000000e-01	2.2393902441e+00	1.4504120832e-10                 	6.9057697490e-11                 	7.5983510827e-11                 	4.7612467030e-01                 	6.3504004815e-01                 
1.1270000000e-01	2.2195198781e+00	1.4568439627e-10                 	6.9718496149e-11                 	7.5965900118e-11                 	4.7855843134e-01                 	6.3115670568e-01                 
1.1370000000e-01	2.1999990349e+00	1.4604025019e-10                 	6.9903635180e-11                 	7.6136615014e-11                 	4.7866006178e-01                 	6.2950145017e-01                 
1.1480000000e-01	2.1789189047e+00	1.4637277941e-10                 	6.9916446852e-11                 	7.6456332559e-11                 	4.7766017106e-01                 	6.2866703564e-01                 
1.1810000000e-01	2.1180346339e+00	1.4771802188e-10                 	6.9876563132e-11                 	7.7841458749e-11                 	4.7304020351e-01                 	6.2893840303e-01                 
1.2160000000e-01	2.0570714660e+00	1.4962492514e-10                 	7.0081253177e-11                 	7.9543671963e-11                 	4.6837953711e-01                 	6.3123589801e-01                 
1.2400000000e-01	2.0172571795e+00	1.5099535810e-10                 	7.0488012147e-11                 	8.0507345953e-11                 	4.6682237808e-01                 	6.3092949999e-01                 
1.2650000000e-01	1.9773904369e+00	1.5241821370e-10                 	7.1034752911e-11                 	8.1383460788e-11                 	4.6605160359e-01                 	6.2972514572e-01                 
1.2780000000e-01	1.9572761367e+00	1.5308556335e-10                 	7.1321131012e-11                 	8.1764432337e-11                 	4.6589063953e-01                 	6.2860932997e-01                 
1.3050000000e-01	1.9167807683e+00	1.5435439852e-10                 	7.1963427611e-11                 	8.2390970906e-11                 	4.6622207272e-01                 	6.2488276783e-01                 
1.3330000000e-01	1.8765183066e+00	1.5545342847e-10                 	7.2652139135e-11                 	8.2801289340e-11                 	4.6735629987e-01                 	6.1928680804e-01                 
1.3780000000e-01	1.8152386812e+00	1.5712464559e-10                 	7.4115654192e-11                 	8.3008991397e-11                 	4.7169973822e-01                 	6.0631601530e-01                 
1.4090000000e-01	1.7753008535e+00	1.5824398374e-10                 	7.5481914066e-11                 	8.2762069670e-11                 	4.7699705407e-01                 	5.9492505302e-01                 
1.4590000000e-01	1.7144612081e+00	1.5942044305e-10                 	7.7929895260e-11                 	8.1490547788e-11                 	4.8883250962e-01                 	5.7221385161e-01                 
1.5120000000e-01	1.6543643536e+00	1.6023671942e-10                 	8.0671733371e-11                 	7.9564986049e-11                 	5.0345347597e-01                 	5.4455660826e-01                 
1.5310000000e-01	1.6338333786e+00	1.6027585524e-10                 	8.1540272596e-11                 	7.8735582647e-11                 	5.0874957100e-01                 	5.3492788175e-01                 
1.5500000000e-01	1.6138057436e+00	1.5942034033e-10                 	8.1358422411e-11                 	7.8061917921e-11                 	5.1033903353e-01                 	5.2690617092e-01                 
1.5600000000e-01	1.6034608350e+00	1.5851112743e-10                 	8.0522151893e-11                 	7.7988975537e-11                 	5.0799053163e-01                 	5.2345293827e-01                 
1.5690000000e-01	1.5942631629e+00	1.5732647180e-10                 	7.9120532845e-11                 	7.8205938951e-11                 	5.0290667516e-01                 	5.2064810042e-01                 
1.5790000000e-01	1.5841664995e+00	1.5600483948e-10                 	7.7553204325e-11                 	7.8451635159e-11                 	4.9712050332e-01                 	5.1745936316e-01                 
1.5830000000e-01	1.5801635519e+00	1.5498734205e-10                 	7.6012274750e-11                 	7.8975067300e-11                 	4.9044182412e-01                 	5.1579752027e-01                 
1.5900000000e-01	1.5732068570e+00	1.5413150543e-10                 	7.4575775910e-11                 	7.9555729516e-11                 	4.8384511462e-01                 	5.1183710169e-01                 
1.6000000000e-01	1.5633743142e+00	1.5404782776e-10                 	7.3492524494e-11                 	8.0555303270e-11                 	4.7707601957e-01                 	5.0230168467e-01                 
1.6100000000e-01	1.5536639147e+00	1.5481400975e-10                 	7.3619589587e-11                 	8.1194420161e-11                 	4.7553570705e-01                 	4.8992899952e-01                 
1.6140000000e-01	1.5498134465e+00	1.5518136689e-10                 	7.3835859250e-11                 	8.1345507641e-11                 	4.7580364015e-01                 	4.8376849970e-01                 
1.6190000000e-01	1.5450271171e+00	1.5542814868e-10                 	7.4050840358e-11                 	8.1377308322e-11                 	4.7643133491e-01                 	4.7709647399e-01                 
1.6230000000e-01	1.5412192869e+00	1.5539703407e-10                 	7.4153515594e-11                 	8.1243518475e-11                 	4.7718745753e-01                 	4.6821202185e-01                 
1.6250000000e-01	1.5393224016e+00	1.5535422168e-10                 	7.4206884204e-11                 	8.1147337473e-11                 	4.7766248901e-01                 	4.6360069140e-01                 
1.6270000000e-01	1.5374301799e+00	1.5523904754e-10                 	7.4124875357e-11                 	8.1114172186e-11                 	4.7748859923e-01                 	4.5942275109e-01                 
1.6290000000e-01	1.5355426044e+00	1.5513823527e-10                 	7.3853329857e-11                 	8.1284905411e-11                 	4.7604853652e-01                 	4.5688043776e-01                 
1.6310000000e-01	1.5336596583e+00	1.5478921055e-10                 	7.3244670650e-11                 	8.1544539901e-11                 	4.7318976813e-01                 	4.5502378902e-01                 
1.6340000000e-01	1.5308438817e+00	1.5427110789e-10                 	7.2256315014e-11                 	8.2014792875e-11                 	4.6837230900e-01                 	4.5398216761e-01                 
1.6360000000e-01	1.5289724344e+00	1.5343584723e-10                 	7.0800676275e-11                 	8.2635170955e-11                 	4.6143503981e-01                 	4.5465402450e-01                 
1.6380000000e-01	1.5271055572e+00	1.5213960057e-10                 	6.8915501091e-11                 	8.3224099478e-11                 	4.5297543068e-01                 	4.5607382435e-01                 
1.6400000000e-01	1.5252432333e+00	1.5094138285e-10                 	6.7535266706e-11                 	8.3406116143e-11                 	4.4742710999e-01                 	4.5782722668e-01                 
1.6420000000e-01	1.5233854462e+00	1.5120123091e-10                 	6.8354360014e-11                 	8.2846870900e-11                 	4.5207542029e-01                 	4.5902194044e-01                 
1.6440000000e-01	1.5215321792e+00	1.5563244819e-10                 	7.3151752470e-11                 	8.2480695724e-11                 	4.7002892597e-01                 	4.6086342476e-01                 
1.6470000000e-01	1.5187607181e+00	1.6670070544e-10                 	8.3598992279e-11                 	8.3101713163e-11                 	5.0149153273e-01                 	4.5950484619e-01                 
1.6490000000e-01	1.5169186796e+00	1.8915972316e-10                 	1.0397940954e-10                 	8.5180313618e-11                 	5.4969106428e-01                 	4.4618619925e-01                 
1.6530000000e-01	1.5132479750e+00	2.2096061308e-10                 	1.6671125451e-10                 	5.4249358576e-11                 	7.5448403306e-01                 	3.2262674833e-01                 
1.6580000000e-01	1.5086845010e+00	2.2147644907e-10                 	1.8907947549e-10                 	3.2396973581e-11                 	8.5372271537e-01                 	2.7725833343e-01                 
1.6640000000e-01	1.5032445328e+00	2.0792744532e-10                 	1.9794519378e-10                 	9.9822515421e-12                 	9.5199165975e-01                 	2.6701383365e-01                 
1.6750000000e-01	1.4933724792e+00	2.0777463075e-10                 	2.0691660782e-10                 	8.5802292386e-13                 	9.9587041536e-01                 	2.6598680913e-01                 
1.6870000000e-01	1.4827497941e+00	2.1139962935e-10                 	2.1129490255e-10                 	1.0472679663e-13                 	9.9950460274e-01                 	2.7547638672e-01                 
1.6980000000e-01	1.4731442301e+00	2.1687949881e-10                 	2.1681197902e-10                 	6.7519796741e-14                 	9.9968867598e-01                 	2.8985139002e-01                 
1.7030000000e-01	1.4688190855e+00	2.1942535251e-10                 	2.1936790840e-10                 	5.7444108622e-14                 	9.9973820660e-01                 	2.9585353855e-01                 
1.7100000000e-01	1.4628063758e+00	2.2382939457e-10                 	2.2378178906e-10                 	4.7605506621e-14                 	9.9978731343e-01                 	3.0745584331e-01                 
1.7220000000e-01	1.4526126032e+00	2.3161995632e-10                 	2.3158326240e-10                 	3.6693916269e-14                 	9.9984157705e-01                 	3.2893420985e-01                 
1.7260000000e-01	1.4492461777e+00	2.3430285723e-10                 	2.3426857875e-10                 	3.4278484337e-14                 	9.9985370010e-01                 	3.3708527329e-01                 
1.7340000000e-01	1.4425599208e+00	2.3928270841e-10                 	2.3925171470e-10                 	3.0993715411e-14                 	9.9987047240e-01                 	3.5331382152e-01                 
1.7370000000e-01	1.4400684529e+00	2.4098437990e-10                 	2.4095429127e-10                 	3.0088634975e-14                 	9.9987514280e-01                 	3.5933881388e-01                 
1.7460000000e-01	1.4326454196e+00	2.4559877832e-10                 	2.4557074323e-10                 	2.8035097570e-14                 	9.9988585001e-01                 	3.7883135126e-01                 
1.7570000000e-01	1.4236760971e+00	2.4936114241e-10                 	2.4933487868e-10                 	2.6263728191e-14                 	9.9989467594e-01                 	4.0220344839e-01                 
1.7590000000e-01	1.4220573636e+00	2.4980716196e-10                 	2.4978119501e-10                 	2.5966944520e-14                 	9.9989605204e-01                 	4.0505484989e-01                 
1.7710000000e-01	1.4124217406e+00	2.5073279954e-10                 	2.5070792987e-10                 	2.4869670004e-14                 	9.9990081206e-01                 	4.2923531107e-01                 
1.7970000000e-01	1.3919860337e+00	2.4202804751e-10                 	2.4200694503e-10                 	2.1102481178e-14                 	9.9991280977e-01                 	4.7560821106e-01                 
1.8000000000e-01	1.3896660570e+00	2.4035858250e-10                 	2.4033793273e-10                 	2.0649767196e-14                 	9.9991408766e-01                 	4.7994518906e-01                 
1.8230000000e-01	1.3721332434e+00	2.1979105182e-10                 	2.1977390000e-10                 	1.7151822480e-14                 	9.9992196305e-01                 	5.1334298707e-01                 
1.8510000000e-01	1.3513770409e+00	1.9119548692e-10                 	1.9118237086e-10                 	1.3116063495e-14                 	9.9993139972e-01                 	5.3789505591e-01                 
1.8790000000e-01	1.3312394373e+00	1.6296842962e-10                 	1.6295894743e-10                 	9.4821896424e-15                 	9.9994181579e-01                 	5.4818934871e-01                 
1.9070000000e-01	1.3116931844e+00	1.3954318453e-10                 	1.3953610834e-10                 	7.0761866246e-15                 	9.9994929035e-01                 	5.4584235923e-01                 
1.9370000000e-01	1.2913778537e+00	1.2028765082e-10                 	1.2028202520e-10                 	5.6256219365e-15                 	9.9995323192e-01                 	5.3370005716e-01                 
2.0000000000e-01	1.2506994513e+00	9.2759466726e-11                 	9.2755621895e-11                 	3.8448313512e-15                 	9.9995855052e-01                 	4.9189588829e-01                 
2.0660000000e-01	1.2107448706e+00	7.5107593845e-11                 	7.5104758507e-11                 	2.8353380825e-15                 	9.9996224965e-01                 	4.4328873801e-01                 
2.1380000000e-01	1.1699714231e+00	6.2121512124e-11                 	6.2119471075e-11                 	2.0410490002e-15                 	9.9996714425e-01                 	3.9513711362e-01                 
2.2140000000e-01	1.1298098025e+00	5.2140811204e-11                 	5.2139343331e-11                 	1.4678728426e-15                 	9.9997184791e-01                 	3.5231188536e-01                 
2.2540000000e-01	1.1097599391e+00	4.7872057673e-11                 	4.7870872374e-11                 	1.1852989585e-15                 	9.9997524028e-01                 	3.3291375330e-01                 
2.2960000000e-01	1.0894594524e+00	4.3970689972e-11                 	4.3969755936e-11                 	9.3403574596e-16                 	9.9997875776e-01                 	3.1470387510e-01                 
2.3840000000e-01	1.0492445061e+00	3.6976142992e-11                 	3.6975519134e-11                 	6.2385784503e-16                 	9.9998312810e-01                 	2.8166076650e-01                 
2.4360000000e-01	1.0268468402e+00	3.3538053492e-11                 	3.3537541742e-11                 	5.1174927598e-16                 	9.9998474124e-01                 	2.6511444450e-01                 
2.4800000000e-01	1.0086285898e+00	3.0938215383e-11                 	3.0937739784e-11                 	4.7559857536e-16                 	9.9998462747e-01                 	2.5248063953e-01                 
2.6100000000e-01	9.5839038415e-01	2.4585363432e-11                 	2.4584977934e-11                 	3.8549775318e-16                 	9.9998432003e-01                 	2.2097135752e-01                 
2.7550000000e-01	9.0794878499e-01	1.9294324097e-11                 	1.9294010403e-11                 	3.1369388688e-16                 	9.9998374165e-01                 	1.9348123820e-01                 
2.9170000000e-01	8.5752447811e-01	1.4952671593e-11                 	1.4952422166e-11                 	2.4942700599e-16                 	9.9998331890e-01                 	1.6931578258e-01                 
3.1000000000e-01	8.0690287182e-01	1.1422094731e-11                 	1.1421908131e-11                 	1.8660012945e-16                 	9.9998366323e-01                 	1.4776586906e-01                 
3.3060000000e-01	7.5662398749e-01	8.5575268671e-12                 	8.5574012547e-12                 	1.2561236931e-16                 	9.9998532142e-01                 	1.2836654588e-01                 
3.5110000000e-01	7.1244628386e-01	6.5778919932e-12                 	6.5778149665e-12                 	7.7026777468e-17                 	9.9998829005e-01                 	1.1302876547e-01                 
3.5560000000e-01	7.0343051255e-01	6.2266273852e-12                 	6.2265591717e-12                 	6.8213566523e-17                 	9.9998904486e-01                 	1.1007250096e-01                 
3.6090000000e-01	6.9310027782e-01	5.8315130386e-12                 	5.8314679304e-12                 	4.5108191373e-17                 	9.9999226475e-01                 	1.0669868533e-01                 
3.6117000000e-01	6.9258213657e-01	5.8134555824e-12                 	5.8134113108e-12                 	4.4271617897e-17                 	9.9999238463e-01                 	1.0653652304e-01                 
3.6502000000e-01	6.8527721841e-01	5.5505092869e-12                 	5.5504715109e-12                 	3.7776006826e-17                 	9.9999319414e-01                 	1.0420893458e-01                 
3.8210000000e-01	6.5464509360e-01	4.5515867870e-12                 	4.5515670014e-12                 	1.9785546461e-17                 	9.9999565304e-01                 	9.4806192678e-02                 
3.8670000000e-01	6.4685774571e-01	4.3213594085e-12                 	4.3213420919e-12                 	1.7316646037e-17                 	9.9999599278e-01                 	9.2498182251e-02                 
3.9340000000e-01	6.3584110387e-01	4.0124960295e-12                 	4.0124808692e-12                 	1.5160358785e-17                 	9.9999622171e-01                 	8.9295485134e-02                 
4.0470000000e-01	6.1808720105e-01	3.5509952557e-12                 	3.5509823613e-12                 	1.2894465546e-17                 	9.9999636877e-01                 	8.4267947644e-02                 
4.3100000000e-01	5.8037097509e-01	2.7110589646e-12                 	2.7110486879e-12                 	1.0276728013e-17                 	9.9999620933e-01                 	7.4143098807e-02                 
4.3580000000e-01	5.7397863760e-01	2.5851073152e-12                 	2.5850974935e-12                 	9.8217150883e-18                 	9.9999620065e-01                 	7.2493913115e-02                 
4.5790000000e-01	5.4627623993e-01	2.0946599394e-12                 	2.0946518778e-12                 	8.0616376160e-18                 	9.9999615134e-01                 	6.5602872167e-02                 
4.7800000000e-01	5.2330520976e-01	1.7457325335e-12                 	1.7457264998e-12                 	6.0336621151e-18                 	9.9999654376e-01                 	6.0164120426e-02                 
4.8610000000e-01	5.1458525049e-01	1.6255163871e-12                 	1.6255112561e-12                 	5.1309446361e-18                 	9.9999684350e-01                 	5.8161266812e-02                 
4.8800000000e-01	5.1258174234e-01	1.5990520910e-12                 	1.5990471142e-12                 	4.9767868949e-18                 	9.9999688766e-01                 	5.7707908614e-02                 
5.0000000000e-01	5.0027978053e-01	1.4431198018e-12                 	1.4431157232e-12                 	4.0785864857e-18                 	9.9999717377e-01                 	5.4958461105e-02                 
5.0240000000e-01	4.9788990897e-01	1.4148424173e-12                 	1.4148384875e-12                 	3.9298775823e-18                 	9.9999722239e-01                 	5.4437567018e-02                 
5.0850000000e-01	4.9191718833e-01	1.3442902253e-12                 	1.3442868401e-12                 	3.3852075601e-18                 	9.9999748179e-01                 	5.3131059850e-02                 
5.1450000000e-01	4.8618054473e-01	1.2798264711e-12                 	1.2798233516e-12                 	3.1195409235e-18                 	9.9999756253e-01                 	5.1897997378e-02                 
5.4610000000e-01	4.5804777562e-01	9.9663380313e-13                 	9.9663091159e-13                 	2.8915441287e-18                 	9.9999709869e-01                 	4.6055220886e-02                 
5.8930000000e-01	4.2446952361e-01	7.2547383364e-13                 	7.2547120007e-13                 	2.6335687913e-18                 	9.9999636986e-01                 	3.9550624289e-02                 
6.3280000000e-01	3.9529059776e-01	5.3981737641e-13                 	5.3981495529e-13                 	2.4211272630e-18                 	9.9999551491e-01                 	3.4305199978e-02                 
6.4380000000e-01	3.8853664222e-01	5.0267072935e-13                 	5.0266835597e-13                 	2.3733856791e-18                 	9.9999527845e-01                 	3.3144907633e-02                 
6.5630000000e-01	3.8113650810e-01	4.6426687840e-13                 	4.6426455672e-13                 	2.3216849991e-18                 	9.9999499924e-01                 	3.1896581135e-02                 
6.6780000000e-01	3.7457306119e-01	4.3212493907e-13                 	4.3212266270e-13                 	2.2763664501e-18                 	9.9999473216e-01                 	3.0809325585e-02                 
6.9070000000e-01	3.6215417730e-01	3.7619836016e-13                 	3.7619616857e-13                 	2.1915952744e-18                 	9.9999417436e-01                 	2.8806879331e-02                 
7.0650000000e-01	3.5405504638e-01	3.4257941256e-13                 	3.4257727484e-13                 	2.1377241631e-18                 	9.9999375992e-01                 	2.7532292564e-02                 
7.6790000000e-01	3.2574539688e-01	2.4327527224e-13                 	2.4327331872e-13                 	1.9535176961e-18                 	9.9999196993e-01                 	2.3313332415e-02                 
1.0000000000e+00	2.5013989026e-01	8.2757252258e-14                 	8.2755755595e-14                 	1.4966632365e-18                 	9.9998191502e-01                 	1.3757751401e-02                 
1.0139800000e+00	2.4669114801e-01	7.8205242340e-14                 	7.8203765423e-14                 	1.4769176445e-18                 	9.9998111485e-01                 	1.3380988850e-02                 
1.0600000000e+00	2.3598102855e-01	6.5283849471e-14                 	6.5282433470e-14                 	1.4160006116e-18                 	9.9997831009e-01                 	1.2244620649e-02                 
1.1286600000e+00	2.2162554734e-01	5.0595469507e-14                 	5.0594134167e-14                 	1.3353394377e-18                 	9.9997360753e-01                 	1.0800699102e-02                 
1.3190000000e+00	1.8964358625e-01	2.6879483160e-14                 	2.6878323375e-14                 	1.1597854414e-18                 	9.9995685239e-01                 	7.9067675359e-03                 
1.3672800000e+00	1.8294708492e-01	2.3238937523e-14                 	2.3237812735e-14                 	1.1247881132e-18                 	9.9995159899e-01                 	7.3579713532e-03                 
1.5000000000e+00	1.6675992684e-01	1.5959013776e-14                 	1.5957962437e-14                 	1.0513386245e-18                 	9.9993412258e-01                 	6.1112101427e-03                 
1.5295200000e+00	1.6354143147e-01	1.4747905914e-14                 	1.4746867493e-14                 	1.0384211554e-18                 	9.9992958857e-01                 	5.8772028131e-03                 
1.5500000000e+00	1.6138057436e-01	1.3973767607e-14                 	1.3972737528e-14                 	1.0300786299e-18                 	9.9992628483e-01                 	5.7225687096e-03                 
1.6932000000e+00	1.4773204008e-01	9.7641290449e-15                 	9.7631460366e-15                 	9.8300839145e-19                 	9.9989932452e-01                 	4.7930086756e-03                 
1.7092000000e+00	1.4634910500e-01	9.3981119302e-15                 	9.3971331582e-15                 	9.7877199537e-19                 	9.9989585440e-01                 	4.7033421378e-03                 
1.8130700000e+00	1.3796482776e-01	7.3946944539e-15                 	7.3937394165e-15                 	9.5503736206e-19                 	9.9987084830e-01                 	4.1777338104e-03                 
1.9700900000e+00	1.2696876298e-01	5.2750647887e-15                 	5.2741360857e-15                 	9.2870291640e-19                 	9.9982394474e-01                 	3.5353477980e-03                 
2.0000000000e+00	1.2506994513e-01	4.9626872415e-15                 	4.9617626614e-15                 	9.2458011295e-19                 	9.9981369366e-01                 	3.4300297549e-03                 
2.2492900000e+00	1.1120837698e-01	3.0745087482e-15                 	3.0736094594e-15                 	8.9928881018e-19                 	9.9970750163e-01                 	2.7076163312e-03                 
2.3254200000e+00	1.0756761801e-01	2.6837886867e-15                 	2.6828950057e-15                 	8.9368094799e-19                 	9.9966700771e-01                 	2.5319225148e-03                 
2.5000000000e+00	1.0005595611e-01	1.9962358499e-15                 	1.9953527756e-15                 	8.8307436190e-19                 	9.9955763025e-01                 	2.1879424066e-03                 
2.7000000000e+00	9.2644403802e-02	1.4560511717e-15                 	1.4551777924e-15                 	8.7337934932e-19                 	9.9940017263e-01                 	1.8729062130e-03                 
2.8000000000e+00	8.9335675094e-02	1.2535609711e-15                 	1.2526918262e-15                 	8.6914492683e-19                 	9.9930665923e-01                 	1.7399765378e-03                 
3.0000000000e+00	8.3379963421e-02	9.4297219130e-16                 	9.4211115174e-16                 	8.6103956566e-19                 	9.9908688764e-01                 	1.5129333932e-03                 
3.3033000000e+00	7.5724242504e-02	6.3264300792e-16                 	6.3179458139e-16                 	8.4842653000e-19                 	9.9865891740e-01                 	1.2441634445e-03                 
3.3330000000e+00	7.5049472026e-02	6.0946604709e-16                 	6.0861889290e-16                 	8.4715418616e-19                 	9.9861000594e-01                 	1.2216889396e-03                 
3.4480000000e+00	7.2546371886e-02	5.2905210645e-16                 	5.2821009193e-16                 	8.4201451995e-19                 	9.9840844690e-01                 	1.1401245981e-03                 
3.5000000000e+00	7.1468540075e-02	4.9696977619e-16                 	4.9613017579e-16                 	8.3960040339e-19                 	9.9831056043e-01                 	1.1058567299e-03                 
3.5078000000e+00	7.1309621490e-02	4.9228707995e-16                 	4.9144780111e-16                 	8.3927884220e-19                 	9.9829514347e-01                 	1.1008101358e-03                 
3.5710000000e+00	7.0047574983e-02	4.5686715719e-16                 	4.5603092807e-16                 	8.3622911234e-19                 	9.9816964494e-01                 	1.0614454697e-03                 
3.7040000000e+00	6.7532367782e-02	3.9178819227e-16                 	3.9095857766e-16                 	8.2961460474e-19                 	9.9788249207e-01                 	9.8500779488e-04                 
3.8000000000e+00	6.5826286912e-02	3.5106116686e-16                 	3.5094654674e-16                 	1.1462011223e-19                 	9.9967350387e-01                 	9.3477607386e-04                 
4.0000000000e+00	6.2534972566e-02	2.9508864390e-16                 	2.9488942559e-16                 	1.9921830826e-19                 	9.9932488656e-01                 	8.4938350338e-04                 
4.1670000000e+00	6.0028771362e-02	2.3742642093e-16                 	2.3703681322e-16                 	3.8960771407e-19                 	9.9835903809e-01                 	7.7358587082e-04                 
4.2580000000e+00	5.8745864318e-02	2.1637236426e-16                 	2.1585594915e-16                 	5.1641510742e-19                 	9.9761330376e-01                 	7.3978256431e-04                 
4.3480000000e+00	5.7529873566e-02	1.9820120702e-16                 	1.9744132256e-16                 	7.5988445901e-19                 	9.9616609570e-01                 	7.0868073733e-04                 
4.5000000000e+00	5.5586642281e-02	1.7132920914e-16                 	1.7010106259e-16                 	1.2281465485e-18                 	9.9283165693e-01                 	6.6006077412e-04                 
4.5450000000e+00	5.5036279486e-02	1.6435971790e-16                 	1.6294778775e-16                 	1.4119301450e-18                 	9.9140951224e-01                 	6.4664350997e-04                 
4.7620000000e+00	5.2528326389e-02	1.3562539864e-16                 	1.3291583175e-16                 	2.7095668977e-18                 	9.8002168528e-01                 	5.8703634021e-04                 
5.0000000000e+00	5.0027978053e-02	1.1265629434e-16                 	1.0728567681e-16                 	5.3706175309e-18                 	9.5232740823e-01                 	5.3047673476e-04                 
5.1280000000e+00	4.8779229771e-02	1.0301441803e-16                 	9.5876858709e-17                 	7.1375593163e-18                 	9.3071300646e-01                 	5.0321470324e-04                 
5.2080000000e+00	4.8029932846e-02	9.8102771115e-17                 	8.9460354549e-17                 	8.6424165654e-18                 	9.1190446032e-01                 	4.8718151490e-04                 
5.2630000000e+00	4.7528004990e-02	9.5172315400e-17                 	8.5321524641e-17                 	9.8507907591e-18                 	8.9649520748e-01                 	4.7656212654e-04                 
5.3190000000e+00	4.7027616143e-02	9.2787433718e-17                 	8.1325849251e-17                 	1.1461584467e-17                 	8.7647481984e-01                 	4.6607799909e-04                 
5.3760000000e+00	4.6528997445e-02	9.0515216233e-17                 	7.7472101575e-17                 	1.3043114658e-17                 	8.5590141414e-01                 	4.5573377461e-04                 
5.4350000000e+00	4.6023898853e-02	8.8315480384e-17                 	7.3723479967e-17                 	1.4592000417e-17                 	8.3477414884e-01                 	4.4539158766e-04                 
5.4950000000e+00	4.5521363105e-02	8.6642996741e-17                 	7.0118062422e-17                 	1.6524934319e-17                 	8.0927559133e-01                 	4.3520708433e-04                 
5.5550000000e+00	4.5029683216e-02	8.5535904404e-17                 	6.6701316994e-17                 	1.8834587410e-17                 	7.7980489549e-01                 	4.2533619269e-04                 
5.6180000000e+00	4.4524722368e-02	8.4826717251e-17                 	6.3326422090e-17                 	2.1500295161e-17                 	7.4653863950e-01                 	4.1532216445e-04                 
5.6820000000e+00	4.4023211944e-02	8.4609856616e-17                 	6.0092127521e-17                 	2.4517729095e-17                 	7.1022608860e-01                 	4.0548351437e-04                 
5.7470000000e+00	4.3525298463e-02	8.5269902029e-17                 	5.6994848109e-17                 	2.8275053920e-17                 	6.6840522568e-01                 	3.9582147755e-04                 
5.8140000000e+00	4.3023716936e-02	8.5950563782e-17                 	5.3993714909e-17                 	3.1956848873e-17                 	6.2819500575e-01                 	3.8620407879e-04                 
5.8820000000e+00	4.2526332925e-02	8.6304924526e-17                 	5.1126837821e-17                 	3.5178086705e-17                 	5.9239768880e-01                 	3.7677416592e-04                 
5.9520000000e+00	4.2026191241e-02	9.0938684091e-17                 	4.8344354764e-17                 	4.2594329328e-17                 	5.3161484847e-01                 	3.6739012826e-04                 
6.0240000000e+00	4.1523886166e-02	9.1699226242e-17                 	4.5675206043e-17                 	4.6024020199e-17                 	4.9809805289e-01                 	3.5810139245e-04                 
6.0980000000e+00	4.1019988564e-02	9.6269134409e-17                 	4.3083419943e-17                 	5.3185714466e-17                 	4.4753097873e-01                 	3.4886752789e-04                 
6.1720000000e+00	4.0528174054e-02	1.0087595910e-16                 	4.0659728175e-17                 	6.0216230927e-17                 	4.0306658333e-01                 	3.3997227099e-04                 
6.2500000000e+00	4.0022382442e-02	1.0647249479e-16                 	3.8261445950e-17                 	6.8211048843e-17                 	3.5935521211e-01                 	3.3092709375e-04                 
6.3290000000e+00	3.9522814072e-02	1.1721573962e-16                 	3.6001170069e-17                 	8.1214569554e-17                 	3.0713597154e-01                 	3.2212158054e-04                 
6.4100000000e+00	3.9023383817e-02	1.2523065014e-16                 	3.3821476440e-17                 	9.1409173702e-17                 	2.7007347164e-01                 	3.1340712993e-04                 
6.4940000000e+00	3.8518615686e-02	1.3672121577e-16                 	3.1713869067e-17                 	1.0500734670e-16                 	2.3196011599e-01                 	3.0471501416e-04                 
6.5790000000e+00	3.8020959152e-02	1.4807115757e-16                 	2.9727365972e-17                 	1.1834379160e-16                 	2.0076405466e-01                 	2.9625923273e-04                 
6.6670000000e+00	3.7519107584e-02	1.9117642451e-16                 	2.7805926262e-17                 	1.6337049825e-16                 	1.4544641858e-01                 	2.8783376367e-04                 
6.7570000000e+00	3.7019371062e-02	2.1573434080e-16                 	2.5387525951e-17                 	1.9034681485e-16                 	1.1767957691e-01                 	2.7851354605e-04                 
6.8490000000e+00	3.6522103995e-02	2.0120201952e-16                 	2.4238771595e-17                 	1.7696324792e-16                 	1.2046982258e-01                 	2.7142344768e-04                 
6.9440000000e+00	3.6022449635e-02	2.6409014850e-16                 	2.2556056270e-17                 	2.4153409223e-16                 	8.5410441845e-02                 	2.6333448111e-04                 
7.0420000000e+00	3.5521143179e-02	2.9047546835e-16                 	2.1004165173e-17                 	2.6947130318e-16                 	7.2309600851e-02                 	2.5543940586e-04                 
7.1430000000e+00	3.5018884259e-02	3.1002087389e-16                 	1.9477433668e-17                 	2.9054344022e-16                 	6.2826200779e-02                 	2.4755026606e-04                 
7.2460000000e+00	3.4521099954e-02	3.2972080573e-16                 	1.7994725142e-17                 	3.1172608059e-16                 	5.4575643483e-02                 	2.3975393088e-04                 
7.3520000000e+00	3.4023380069e-02	3.5846167545e-16                 	1.6658487903e-17                 	3.4180318755e-16                 	4.6472158795e-02                 	2.3222033212e-04                 
7.4630000000e+00	3.3517337567e-02	3.9326345336e-16                 	1.5338894982e-17                 	3.7792455838e-16                 	3.9004120142e-02                 	2.2460888850e-04                 
7.5760000000e+00	3.3017408958e-02	4.4069373809e-16                 	1.4069395880e-17                 	4.2662434221e-16                 	3.1925563410e-02                 	2.1712577536e-04                 
7.6920000000e+00	3.2519486514e-02	5.0947517607e-16                 	1.2933337955e-17                 	4.9654183812e-16                 	2.5385609668e-02                 	2.0992354306e-04                 
7.8120000000e+00	3.2019955231e-02	5.9985572250e-16                 	1.1789342181e-17                 	5.8806638032e-16                 	1.9653629596e-02                 	2.0265282591e-04                 
7.9360000000e+00	3.1519643430e-02	6.7851541031e-16                 	1.0765471501e-17                 	6.6774993881e-16                 	1.5866215177e-02                 	1.9562406900e-04                 
8.0650000000e+00	3.1015485464e-02	7.8458484171e-16                 	9.7399095060e-18                 	7.7484493220e-16                 	1.2414093401e-02                 	1.8852005680e-04                 
8.1970000000e+00	3.0516029067e-02	8.5759221968e-16                 	8.8001101449e-18                 	8.4879210954e-16                 	1.0261415557e-02                 	1.8163654135e-04                 
8.3330000000e+00	3.0017987551e-02	9.5986367907e-16                 	7.9363966511e-18                 	9.5192728242e-16                 	8.2682539449e-03                 	1.7492962096e-04                 
8.4750000000e+00	2.9515031300e-02	1.0031395848e-15                 	7.0821077233e-18                 	9.9605747712e-16                 	7.0599424351e-03                 	1.6816615879e-04                 
8.6210000000e+00	2.9015182724e-02	1.0727126834e-15                 	6.3055967665e-18                 	1.0664070866e-15                 	5.8781786251e-03                 	1.6160845406e-04                 
8.7720000000e+00	2.8515719364e-02	1.2496588109e-15                 	5.5754926804e-18                 	1.2440833183e-15                 	4.4616119469e-03                 	1.5514977047e-04                 
8.9290000000e+00	2.8014323022e-02	1.7221900488e-15                 	4.8913400722e-18                 	1.7172987087e-15                 	2.8401860036e-03                 	1.4877241851e-04                 
9.0910000000e+00	2.7515112778e-02	1.8595749294e-15                 	4.2569689852e-18                 	1.8553179604e-15                 	2.2892161633e-03                 	1.4252744295e-04                 
9.2590000000e+00	2.7015864593e-02	2.4917461568e-15                 	3.6710774059e-18                 	2.4880750794e-15                 	1.4732951011e-03                 	1.3639711809e-04                 
9.4340000000e+00	2.6514722309e-02	3.1258720018e-15                 	3.1170024328e-18                 	3.1227549994e-15                 	9.9716252968e-04                 	1.3031003908e-04                 
9.5240000000e+00	2.6264163194e-02	3.8710260981e-15                 	2.8650683527e-18                 	3.8681610298e-15                 	7.4013150005e-04                 	1.2733813223e-04                 
9.6150000000e+00	2.6015589211e-02	4.5847646504e-15                 	2.6155651197e-18                 	4.5821490853e-15                 	5.7049059639e-04                 	1.2437611101e-04                 
9.7090000000e+00	2.5763713077e-02	5.5531157889e-15                 	2.3813817057e-18                 	5.5507344072e-15                 	4.2883703424e-04                 	1.2143195991e-04                 
9.8040000000e+00	2.5514064694e-02	7.0381733521e-15                 	2.1514501717e-18                 	7.0360219019e-15                 	3.0568303224e-04                 	1.1850482729e-04                 
9.9010000000e+00	2.5264103653e-02	8.6865649784e-15                 	1.9380643383e-18                 	8.6846269141e-15                 	2.2311055557e-04                 	1.1562597233e-04                 
1.0000000000e+01	2.5013989026e-02	8.6090334950e-15                 	1.7294617567e-18                 	8.6073040333e-15                 	2.0088918898e-04                 	1.1274651537e-04                 
1.0100000000e+01	2.4766325769e-02	1.3454002341e-14                 	1.5382569624e-18                 	1.3452464084e-14                 	1.1433452465e-04                 	1.0994149399e-04                 
1.0200000000e+01	2.4523518653e-02	1.4658338472e-14                 	1.3540358721e-18                 	1.4656984436e-14                 	9.2373079985e-05                 	1.0718384472e-04                 
1.0310000000e+01	2.4261871025e-02	1.2231447653e-14                 	1.1731045736e-18                 	1.2230274548e-14                 	9.5908890496e-05                 	1.0427157505e-04                 
1.0420000000e+01	2.4005747626e-02	1.0099185220e-14                 	1.0105060808e-18                 	1.0098174714e-14                 	1.0005817883e-04                 	1.0146584519e-04                 
1.0530000000e+01	2.3754975334e-02	9.6560869097e-15                 	8.5759978828e-19                 	9.6552293099e-15                 	8.8814423099e-05                 	9.8719657611e-05                 
1.0640000000e+01	2.3509388183e-02	1.0489405561e-14                 	7.2159419197e-19                 	1.0488683966e-14                 	6.8792667783e-05                 	9.6073667087e-05                 
1.0750000000e+01	2.3268827001e-02	1.2981504863e-14                 	5.8359600958e-19                 	1.2980921267e-14                 	4.4955959710e-05                 	9.3405695918e-05                 
1.0870000000e+01	2.3011949426e-02	1.6720380183e-14                 	4.6732662333e-19                 	1.6719912856e-14                 	2.7949521376e-05                 	9.0708436361e-05                 
1.0990000000e+01	2.2760681553e-02	2.2046624275e-14                 	3.5854144312e-19                 	2.2046265734e-14                 	1.6262872658e-05                 	8.8044267107e-05                 
1.1110000000e+01	2.2514841608e-02	2.8810685828e-14                 	2.6361579089e-19                 	2.8810422212e-14                 	9.1499311214e-06                 	8.5451635276e-05                 
1.1240000000e+01	2.2254438636e-02	3.8643373797e-14                 	1.8266310476e-19                 	3.8643191134e-14                 	4.7268933017e-06                 	8.2782033005e-05                 
1.1360000000e+01	2.2019356537e-02	4.5697803045e-14                 	1.1455294283e-19                 	4.5697688492e-14                 	2.5067494540e-06                 	8.0305056845e-05                 
1.1490000000e+01	2.1770225436e-02	5.5240195933e-14                 	6.3041603616e-20                 	5.5240132891e-14                 	1.1412270096e-06                 	7.7764611026e-05                 
1.1630000000e+01	2.1508159094e-02	6.2753594371e-14                 	2.7115792961e-20                 	6.2753567255e-14                 	4.3209943960e-07                 	7.5149900983e-05                 
1.1700000000e+01	2.1379477800e-02	6.4398740895e-14                 	1.5310740964e-20                 	6.4398725584e-14                 	2.3774907322e-07                 	7.3862080145e-05                 
1.1760000000e+01	2.1270398832e-02	6.3832585427e-14                 	8.2299190977e-21                 	6.3832577197e-14                 	1.2892974713e-07                 	7.2729952081e-05                 
1.1900000000e+01	2.1020158846e-02	5.7551447662e-14                 	8.6248692347e-21                 	5.7551439037e-14                 	1.4986363654e-07                 	7.0229420007e-05                 
1.2050000000e+01	2.0758497117e-02	4.7848875791e-14                 	3.2206796518e-20                 	4.7848843585e-14                 	6.7309411111e-07                 	6.7694866020e-05                 
1.2200000000e+01	2.0503269694e-02	4.0956265937e-14                 	8.3254161241e-20                 	4.0956182683e-14                 	2.0327576095e-06                 	6.5228383557e-05                 
1.2270000000e+01	2.0386299125e-02	3.9753436618e-14                 	1.2236864617e-19                 	3.9753314250e-14                 	3.0781903800e-06                 	6.4056218412e-05                 
1.2350000000e+01	2.0254242127e-02	4.0435948828e-14                 	1.6789835379e-19                 	4.0435780929e-14                 	4.1522051209e-06                 	6.2815788486e-05                 
1.2500000000e+01	2.0011191221e-02	4.5846877201e-14                 	2.9115463053e-19                 	4.5846586046e-14                 	6.3505880510e-06                 	6.0468605660e-05                 
1.2660000000e+01	1.9758285171e-02	6.3890011662e-14                 	4.6141796785e-19                 	6.3889550244e-14                 	7.2220673600e-06                 	5.8087411690e-05                 
1.2820000000e+01	1.9511691908e-02	7.8182395763e-14                 	6.9195423967e-19                 	7.8181703809e-14                 	8.8505120994e-06                 	5.5762051409e-05                 
1.2990000000e+01	1.9256342592e-02	8.8626690231e-14                 	9.9127718486e-19                 	8.8625698953e-14                 	1.1184860704e-05                 	5.3423547636e-05                 
1.3330000000e+01	1.8765183066e-02	1.0569442938e-13                 	1.8304395389e-18                 	1.0569259894e-13                 	1.7318221496e-05                 	4.9054335973e-05                 
1.3510000000e+01	1.8515165823e-02	1.7213720030e-13                 	2.4839771008e-18                 	1.7213471632e-13                 	1.4430216691e-05                 	4.6865579358e-05                 
1.3700000000e+01	1.8258386151e-02	2.3982720280e-13                 	3.2727585711e-18                 	2.3982393005e-13                 	1.3646319237e-05                 	4.4748274983e-05                 
1.3890000000e+01	1.8008631409e-02	2.8669573943e-13                 	4.3931847848e-18                 	2.8669134625e-13                 	1.5323509144e-05                 	4.2685460933e-05                 
1.4080000000e+01	1.7765617206e-02	4.3726914902e-13                 	6.0664049721e-18                 	4.3726308262e-13                 	1.3873388931e-05                 	4.0676058946e-05                 
1.4290000000e+01	1.7504540956e-02	5.8829392190e-13                 	8.0838536026e-18                 	5.8828583805e-13                 	1.3741181579e-05                 	3.8782754874e-05                 
1.4490000000e+01	1.7262932385e-02	7.9563617335e-13                 	1.0635036234e-17                 	7.9562553831e-13                 	1.3366707787e-05                 	3.7144785932e-05                 
1.4710000000e+01	1.7004751208e-02	1.0851029494e-12                 	1.4447141689e-17                 	1.0850885022e-12                 	1.3314074667e-05                 	3.5560254349e-05                 
1.4930000000e+01	1.6754178852e-02	1.5407463252e-12                 	2.0032411902e-17                 	1.5407262928e-12                 	1.3001758677e-05                 	3.4155439763e-05                 
1.5150000000e+01	1.6510883846e-02	2.1929265495e-12                 	2.7231530646e-17                 	2.1928993179e-12                 	1.2417894549e-05                 	3.2790483132e-05                 
1.5380000000e+01	1.6263972059e-02	3.0115203052e-12                 	3.8323958201e-17                 	3.0114819813e-12                 	1.2725784427e-05                 	3.1406032096e-05                 
1.5630000000e+01	1.6003831751e-02	3.9064943601e-12                 	5.1845935998e-17                 	3.9064425142e-12                 	1.3271729387e-05                 	2.9667061799e-05                 
1.5870000000e+01	1.5761807830e-02	5.6996776499e-12                 	8.8308755286e-17                 	5.6995893412e-12                 	1.5493640292e-05                 	2.5406618594e-05                 
1.6130000000e+01	1.5507742732e-02	1.0137258346e-11                 	1.9287455826e-16                 	1.0137065472e-11                 	1.9026303925e-05                 	1.0540126627e-05                 
1.6390000000e+01	1.5261738271e-02	2.1978256498e-11                 	4.7543462067e-16                 	2.1977781063e-11                 	2.1632044412e-05                 	3.1446575507e-06                 
1.6670000000e+01	1.5005392337e-02	2.8542497878e-11                 	7.2735678359e-16                 	2.8541770521e-11                 	2.5483291150e-05                 	2.8366102484e-06                 
1.6950000000e+01	1.4757515650e-02	9.3472055932e-12                 	2.9383480656e-16                 	9.3469117584e-12                 	3.1435577578e-05                 	2.3705342642e-06                 
1.7240000000e+01	1.4509274377e-02	3.6303985518e-12                 	1.2196171029e-16                 	3.6302765901e-12                 	3.3594578819e-05                 	1.1370130382e-06                 
1.7540000000e+01	1.4261111190e-02	1.8115883089e-12                 	6.6383730368e-17                 	1.8115219251e-12                 	3.6643938385e-05                 	-6.6068024137e-07                
1.7860000000e+01	1.4005592960e-02	1.0454681528e-12                 	4.0637308892e-17                 	1.0454275155e-12                 	3.8869963453e-05                 	-2.9410158664e-06                
1.8180000000e+01	1.3759069872e-02	6.4692814046e-13                 	2.7224737236e-17                 	6.4690091572e-13                 	4.2083093211e-05                 	-5.6417518320e-06                
1.8520000000e+01	1.3506473556e-02	4.3994167903e-13                 	1.9703853481e-17                 	4.3992197517e-13                 	4.4787421652e-05                 	-8.4553685083e-06                
1.8870000000e+01	1.3255956029e-02	3.0249486993e-13                 	1.4656132193e-17                 	3.0248021380e-13                 	4.8450845454e-05                 	-1.1832066728e-05                
1.9230000000e+01	1.3007794606e-02	2.1957767083e-13                 	1.1321044990e-17                 	2.1956634979e-13                 	5.1558270688e-05                 	-1.5521199705e-05                
1.9610000000e+01	1.2755731273e-02	1.6503497201e-13                 	8.9930371395e-18                 	1.6502597897e-13                 	5.4491705788e-05                 	-1.9491860218e-05                
2.0000000000e+01	1.2506994513e-02	1.2499917777e-13                 	7.2275011803e-18                 	1.2499195027e-13                 	5.7820389777e-05                 	-2.4326466483e-05                
2.0410000000e+01	1.2255751605e-02	9.7819787927e-14                 	5.9133248178e-18                 	9.7813874602e-14                 	6.0451212818e-05                 	-2.9750774429e-05                
2.0830000000e+01	1.2008636114e-02	7.7184194384e-14                 	4.9066423249e-18                 	7.7179287742e-14                 	6.3570558248e-05                 	-3.6124622162e-05                
2.1280000000e+01	1.1754694091e-02	6.1998343082e-14                 	4.1022325288e-18                 	6.1994240849e-14                 	6.6166809062e-05                 	-4.3753864231e-05                
2.1740000000e+01	1.1505974713e-02	4.9655699335e-14                 	3.4590964181e-18                 	4.9652240239e-14                 	6.9661619197e-05                 	-5.3493742348e-05                
2.2220000000e+01	1.1257420804e-02	4.0757992025e-14                 	2.9313922425e-18                 	4.0755060633e-14                 	7.1921900390e-05                 	-6.6597012519e-05                
2.2730000000e+01	1.1004834591e-02	3.3347523724e-14                 	2.4962221738e-18                 	3.3345027502e-14                 	7.4854798650e-05                 	-8.4604841652e-05                
2.3260000000e+01	1.0754079547e-02	2.8130302914e-14                 	2.1364790652e-18                 	2.8128166435e-14                 	7.5949379988e-05                 	-1.1172975904e-04                
2.3810000000e+01	1.0505665278e-02	2.2770983955e-14                 	1.8356834188e-18                 	2.2769148272e-14                 	8.0615024033e-05                 	-1.5913432323e-04                
2.4390000000e+01	1.0255838059e-02	1.7687505023e-14                 	1.5791626897e-18                 	1.7685925861e-14                 	8.9281257457e-05                 	-2.6605714809e-04                
2.5000000000e+01	1.0005595611e-02	1.5141169734e-14                 	1.3561042159e-18                 	1.5139813630e-14                 	8.9564032354e-05                 	-6.7357874516e-04                
2.5640000000e+01	9.7558459541e-03	1.6591336076e-14                 	1.1730314704e-18                 	1.6590163044e-14                 	7.0701447128e-05                 	5.3742800768e-04                 
2.6320000000e+01	9.5037952228e-03	1.3648307837e-14                 	1.0132749683e-18                 	1.3647294562e-14                 	7.4241802014e-05                 	2.6687327916e-04                 
2.7030000000e+01	9.2541579824e-03	1.3911895543e-14                 	8.7623367075e-19                 	1.3911019309e-14                 	6.2984491802e-05                 	1.6720836275e-04                 
2.7780000000e+01	9.0043157043e-03	1.3719378647e-14                 	7.5832667312e-19                 	1.3718620321e-14                 	5.5274126664e-05                 	1.2193039251e-04                 
2.8570000000e+01	8.7553339259e-03	1.2499257055e-14                 	6.5630576872e-19                 	1.2498600749e-14                 	5.2507582319e-05                 	9.5681344300e-05                 
2.9410000000e+01	8.5052665850e-03	1.2042439851e-14                 	5.6590705529e-19                 	1.2041873944e-14                 	4.6992724256e-05                 	7.7423303609e-05                 
3.0300000000e+01	8.2554419229e-03	1.1172945976e-14                 	4.8902613905e-19                 	1.1172456950e-14                 	4.3768773259e-05                 	6.5434374636e-05                 
3.1250000000e+01	8.0044764885e-03	9.7640710628e-15                 	4.1986558134e-19                 	9.7636511972e-15                 	4.3001077997e-05                 	5.5495276225e-05                 
3.2260000000e+01	7.7538713659e-03	1.0542623934e-14                 	3.5995792881e-19                 	1.0542263977e-14                 	3.4143106218e-05                 	4.7817565702e-05                 
3.3330000000e+01	7.5049472026e-03	1.0004166885e-14                 	3.0971928356e-19                 	1.0003857166e-14                 	3.0959028085e-05                 	4.2308084255e-05                 
3.7040000000e+01	6.7532367782e-03	2.9459634157e-15                 	1.9077047662e-19                 	2.9457726452e-15                 	6.4756566767e-05                 	2.9346250688e-05                 
3.8460000000e+01	6.5038973028e-03	2.8808419478e-15                 	1.6105180076e-19                 	2.8806808960e-15                 	5.5904420888e-05                 	2.6116642065e-05                 
4.0000000000e+01	6.2534972566e-03	2.8218486771e-15                 	1.3515904025e-19                 	2.8217135180e-15                 	4.7897338136e-05                 	2.3249425959e-05                 
4.1670000000e+01	6.0028771362e-03	2.7205019546e-15                 	1.1304279761e-19                 	2.7203889118e-15                 	4.1552183934e-05                 	2.0795424957e-05                 
4.3470000000e+01	5.7543107951e-03	2.5081198863e-15                 	9.3941966223e-20                 	2.5080259443e-15                 	3.7455133918e-05                 	1.8542960098e-05                 
4.5460000000e+01	5.5024172957e-03	2.3056793529e-15                 	7.7420383298e-20                 	2.3056019326e-15                 	3.3578122300e-05                 	1.6519459128e-05                 
4.7620000000e+01	5.2528326389e-03	2.2677359425e-15                 	6.3500493634e-20                 	2.2676724420e-15                 	2.8001714151e-05                 	1.4729060341e-05                 
5.0000000000e+01	5.0027978053e-03	2.2780464440e-15                 	5.1569099134e-20                 	2.2779948749e-15                 	2.2637422196e-05                 	1.3068928757e-05                 
5.2630000000e+01	4.7528004990e-03	2.2461870832e-15                 	4.1555739646e-20                 	2.2461455274e-15                 	1.8500569235e-05                 	1.1587829369e-05                 
5.5560000000e+01	4.5021578521e-03	2.3478392973e-15                 	3.3086656926e-20                 	2.3478062107e-15                 	1.4092385694e-05                 	1.0213743625e-05                 
5.8820000000e+01	4.2526332925e-03	2.4478415261e-15                 	2.6112399196e-20                 	2.4478154137e-15                 	1.0667520310e-05                 	8.9910032461e-06                 
6.2500000000e+01	4.0022382442e-03	2.2705321561e-15                 	2.0303286066e-20                 	2.2705118528e-15                 	8.9420825912e-06                 	7.8564246697e-06                 
6.6670000000e+01	3.7519107584e-03	2.4753794421e-15                 	1.5538731623e-20                 	2.4753639034e-15                 	6.2773130289e-06                 	6.8111135337e-06                 
7.1430000000e+01	3.5018884259e-03	2.5211455200e-15                 	1.1683078226e-20                 	2.5211338370e-15                 	4.6340356529e-06                 	5.8531247070e-06                 
7.6920000000e+01	3.2519486514e-03	2.4865655118e-15                 	8.6329336309e-21                 	2.4865568789e-15                 	3.4718303579e-06                 	5.0015236771e-06                 
8.3330000000e+01	3.0017987551e-03	2.5148696593e-15                 	6.2273210307e-21                 	2.5148634320e-15                 	2.4762003103e-06                 	4.2227558926e-06                 
9.0910000000e+01	2.7515112778e-03	2.6780401732e-15                 	4.3673073925e-21                 	2.6780358059e-15                 	1.6307848688e-06                 	3.5154072816e-06                 
9.5240000000e+01	2.6264163194e-03	3.0273159953e-15                 	3.6138210984e-21                 	3.0273123815e-15                 	1.1937376554e-06                 	3.1881841323e-06                 
1.0000000000e+02	2.5013989026e-03	2.2726621138e-15                 	2.9629495833e-21                 	2.2726591509e-15                 	1.3037351946e-06                 	2.8787650011e-06                 
1.0520000000e+02	2.3777556109e-03	1.4322357901e-15                 	2.4188771235e-21                 	1.4322333712e-15                 	1.6888819147e-06                 	2.6013412352e-06                 
1.1110000000e+02	2.2514841608e-03	8.4520119502e-16                 	1.9378330719e-21                 	8.4519925718e-16                 	2.2927476716e-06                 	2.3217075937e-06                 
1.1760000000e+02	2.1270398832e-03	3.4159126329e-16                 	1.5382844647e-21                 	3.4158972501e-16                 	4.5032898378e-06                 	2.0626220012e-06                 
1.2500000000e+02	2.0011191221e-03	2.4916842124e-16                 	1.2042706004e-21                 	2.4916721697e-16                 	4.8331590110e-06                 	1.8239502407e-06                 
1.3330000000e+02	1.8765183066e-03	1.9068419242e-16                 	9.2926124358e-22                 	1.9068326316e-16                 	4.8732998356e-06                 	1.5994367689e-06                 
1.4290000000e+02	1.7504540956e-03	1.5655750813e-16                 	7.0237839260e-22                 	1.5655680575e-16                 	4.4863922593e-06                 	1.3885366121e-06                 
1.5380000000e+02	1.6263972059e-03	1.3447304191e-16                 	5.2253215279e-22                 	1.3447251938e-16                 	3.8857762519e-06                 	1.1959217892e-06                 
1.6670000000e+02	1.5005392337e-03	1.1068935615e-16                 	3.7794687935e-22                 	1.1068897821e-16                 	3.4144825888e-06                 	1.0156339507e-06                 
1.8180000000e+02	1.3759069872e-03	9.1979881193e-17                 	2.6679824280e-22                 	9.1979614395e-17                 	2.9006152144e-06                 	8.5234319544e-07                 
2.0000000000e+02	1.2506994513e-03	7.5570919855e-17                 	1.8189534532e-22                 	7.5570737960e-17                 	2.4069489384e-06                 	7.0296815784e-07                 
2.2220000000e+02	1.1257420804e-03	5.9799704290e-17                 	1.1926173960e-22                 	5.9799585028e-17                 	1.9943533337e-06                 	5.6872495447e-07                 
2.5000000000e+02	1.0005595611e-03	4.7674905475e-17                 	7.4345018220e-23                 	4.7674831130e-17                 	1.5594161641e-06                 	4.4864709573e-07                 
2.8570000000e+02	8.7553339259e-04	3.5270191439e-17                 	4.3541582630e-23                 	3.5270147898e-17                 	1.2345150637e-06                 	3.4305095649e-07                 
3.3330000000e+02	7.5049472026e-04	2.4262426271e-17                 	2.3490486705e-23                 	2.4262402780e-17                 	9.6818374401e-07                 	2.5182828452e-07                 
4.0000000000e+02	6.2534972566e-04	1.6398100569e-17                 	1.1315685258e-23                 	1.6398089253e-17                 	6.9006073055e-07                 	1.7468316429e-07                 
5.0000000000e+02	5.0027978053e-04	9.7864206353e-18                 	4.6315654332e-24                 	9.7864160037e-18                 	4.7326449637e-07                 	1.1169321972e-07                 
6.2500000000e+02	4.0022382442e-04	6.2250208366e-18                 	1.8964047197e-24                 	6.2250189402e-18                 	3.0464230876e-07                 	7.1450394837e-08                 
