#wavelengths (mu)	size parameter  	extinction cross section (cm^2)  	scattering cross section (cm^2)  	absorption cross section (cm^2)  	single scattering albedo         	asymmetry parameter              
1.6530000000e-02	6.0243051489e+02	1.5893947085e-07                 	8.3645936957e-08                 	7.5293533895e-08                 	5.2627542113e-01                 	9.9125647722e-01                 
1.6750000000e-02	5.9451799469e+02	1.5894229301e-07                 	8.3586209244e-08                 	7.5356083767e-08                 	5.2589029427e-01                 	9.9140490509e-01                 
1.6980000000e-02	5.8646504188e+02	1.5893518667e-07                 	8.3450904554e-08                 	7.5484282116e-08                 	5.2506248806e-01                 	9.9178168178e-01                 
1.7220000000e-02	5.7829131307e+02	1.5893989872e-07                 	8.3452781801e-08                 	7.5487116921e-08                 	5.2505873272e-01                 	9.9177943795e-01                 
1.7710000000e-02	5.6229115816e+02	1.5899460452e-07                 	8.3654837193e-08                 	7.5339767325e-08                 	5.2614890579e-01                 	9.9104490139e-01                 
1.8230000000e-02	5.4625213445e+02	1.5902978954e-07                 	8.3708174026e-08                 	7.5321615519e-08                 	5.2636788532e-01                 	9.9076655942e-01                 
1.8790000000e-02	5.2997213470e+02	1.5902657905e-07                 	8.3360048934e-08                 	7.5666530118e-08                 	5.2418941180e-01                 	9.9166689208e-01                 
1.9070000000e-02	5.2219068752e+02	1.5900110486e-07                 	8.3083245037e-08                 	7.5917859823e-08                 	5.2253250133e-01                 	9.9244227584e-01                 
1.9370000000e-02	5.1410306717e+02	1.5890686126e-07                 	8.2770331610e-08                 	7.6136529650e-08                 	5.2087323954e-01                 	9.9350682908e-01                 
1.9680000000e-02	5.0600489894e+02	1.5889695882e-07                 	8.2689252455e-08                 	7.6207706362e-08                 	5.2039543784e-01                 	9.9370925799e-01                 
2.0000000000e-02	4.9790882055e+02	1.5892088496e-07                 	8.3009027087e-08                 	7.5911857872e-08                 	5.2232925275e-01                 	9.9300561955e-01                 
2.0330000000e-02	4.8982668033e+02	1.5898266574e-07                 	8.3701502630e-08                 	7.5281163113e-08                 	5.2648194216e-01                 	9.9131358893e-01                 
2.0660000000e-02	4.8200273045e+02	1.5906163823e-07                 	8.4569546876e-08                 	7.4492091350e-08                 	5.3167783143e-01                 	9.8891720308e-01                 
2.1010000000e-02	4.7397317520e+02	1.5918038081e-07                 	8.5521845623e-08                 	7.3658535184e-08                 	5.3726373307e-01                 	9.8557415290e-01                 
2.1380000000e-02	4.6577064598e+02	1.5937314024e-07                 	8.5704292998e-08                 	7.3668847243e-08                 	5.3775870180e-01                 	9.8296867037e-01                 
2.1750000000e-02	4.5784719131e+02	1.5940032385e-07                 	8.4477311134e-08                 	7.4923012720e-08                 	5.2996950754e-01                 	9.8669671559e-01                 
2.2140000000e-02	4.4978213239e+02	1.5934197002e-07                 	8.3801837562e-08                 	7.5540132454e-08                 	5.2592444761e-01                 	9.8921482166e-01                 
2.2540000000e-02	4.4180019570e+02	1.5935256401e-07                 	8.3804351403e-08                 	7.5548212605e-08                 	5.2590525872e-01                 	9.8921075040e-01                 
2.2750000000e-02	4.3772204005e+02	1.5935187603e-07                 	8.3741639025e-08                 	7.5610237003e-08                 	5.2551398272e-01                 	9.8942571890e-01                 
2.2960000000e-02	4.3371848480e+02	1.5937379957e-07                 	8.3758620671e-08                 	7.5615178894e-08                 	5.2554824507e-01                 	9.8928968973e-01                 
2.3390000000e-02	4.2574503681e+02	1.5942558608e-07                 	8.3541309843e-08                 	7.5884276234e-08                 	5.2401444397e-01                 	9.8972868733e-01                 
2.3840000000e-02	4.1770874207e+02	1.5934698942e-07                 	8.2790296892e-08                 	7.6556692532e-08                 	5.1955984353e-01                 	9.9217340366e-01                 
2.4070000000e-02	4.1371734155e+02	1.5921126534e-07                 	8.2513741435e-08                 	7.6697523906e-08                 	5.1826572233e-01                 	9.9322751085e-01                 
2.4310000000e-02	4.0963292518e+02	1.5915312738e-07                 	8.2759338698e-08                 	7.6393788684e-08                 	5.1999819331e-01                 	9.9282608629e-01                 
2.4800000000e-02	4.0153937141e+02	1.5920870594e-07                 	8.3305126246e-08                 	7.5903579693e-08                 	5.2324479214e-01                 	9.9139834483e-01                 
2.5300000000e-02	3.9360381071e+02	1.5920461112e-07                 	8.3426308082e-08                 	7.5778303040e-08                 	5.2401942063e-01                 	9.9115295256e-01                 
2.5830000000e-02	3.8552754205e+02	1.5923638215e-07                 	8.3730908316e-08                 	7.5505473835e-08                 	5.2582774856e-01                 	9.9032363096e-01                 
2.6380000000e-02	3.7748962893e+02	1.5923948012e-07                 	8.3986190136e-08                 	7.5253289982e-08                 	5.2742065017e-01                 	9.8973371343e-01                 
2.6950000000e-02	3.6950561822e+02	1.5931906874e-07                 	8.4494732030e-08                 	7.4824336709e-08                 	5.3034914589e-01                 	9.8809314977e-01                 
2.7550000000e-02	3.6145830893e+02	1.5931570396e-07                 	8.4645643837e-08                 	7.4670060127e-08                 	5.3130759700e-01                 	9.8779148397e-01                 
2.8180000000e-02	3.5337744539e+02	1.5940297227e-07                 	8.5339287493e-08                 	7.4063684776e-08                 	5.3536823234e-01                 	9.8547075537e-01                 
2.8830000000e-02	3.4541021197e+02	1.5949545230e-07                 	8.5682943301e-08                 	7.3812508997e-08                 	5.3721245381e-01                 	9.8388604255e-01                 
2.9520000000e-02	3.3733659929e+02	1.5953592909e-07                 	8.5840700080e-08                 	7.3695229007e-08                 	5.3806500248e-01                 	9.8321581483e-01                 
3.0240000000e-02	3.2930477550e+02	1.5961314885e-07                 	8.6274145768e-08                 	7.3339003078e-08                 	5.4052029167e-01                 	9.8137239793e-01                 
3.1000000000e-02	3.2123149713e+02	1.5970252254e-07                 	8.6559380615e-08                 	7.3143141921e-08                 	5.4200384089e-01                 	9.7978189437e-01                 
3.1790000000e-02	3.1324870749e+02	1.5975863907e-07                 	8.6585460072e-08                 	7.3173179003e-08                 	5.4197670044e-01                 	9.7934016450e-01                 
3.2630000000e-02	3.0518468928e+02	1.5980580696e-07                 	8.6699677901e-08                 	7.3106129055e-08                 	5.4253146086e-01                 	9.7870985040e-01                 
3.3510000000e-02	2.9717028980e+02	1.5986242326e-07                 	8.6931880361e-08                 	7.2930542898e-08                 	5.4379183418e-01                 	9.7758059479e-01                 
3.4440000000e-02	2.8914565653e+02	1.5990130715e-07                 	8.7124836115e-08                 	7.2776471031e-08                 	5.4486631579e-01                 	9.7676924586e-01                 
3.4930000000e-02	2.8508950504e+02	1.5993950656e-07                 	8.7483806875e-08                 	7.2455699681e-08                 	5.4698059759e-01                 	9.7523265843e-01                 
3.5420000000e-02	2.8114557908e+02	1.6001605348e-07                 	8.7865516167e-08                 	7.2150537313e-08                 	5.4910438207e-01                 	9.7309968472e-01                 
3.6470000000e-02	2.7305117661e+02	1.6010657828e-07                 	8.7833420829e-08                 	7.2273157448e-08                 	5.4859345427e-01                 	9.7249997236e-01                 
3.7570000000e-02	2.6505659864e+02	1.6015508124e-07                 	8.7628840864e-08                 	7.2526240373e-08                 	5.4714992610e-01                 	9.7312160182e-01                 
3.8750000000e-02	2.5698519770e+02	1.6016665510e-07                 	8.7368204448e-08                 	7.2798450648e-08                 	5.4548310568e-01                 	9.7437895489e-01                 
3.9360000000e-02	2.5300244947e+02	1.6014468954e-07                 	8.7273802632e-08                 	7.2870886913e-08                 	5.4496844622e-01                 	9.7512380786e-01                 
3.9990000000e-02	2.4901666444e+02	1.6011697463e-07                 	8.7361109770e-08                 	7.2755864857e-08                 	5.4560804670e-01                 	9.7523267547e-01                 
4.0650000000e-02	2.4497358945e+02	1.6008812200e-07                 	8.7677885743e-08                 	7.2410236254e-08                 	5.4768514147e-01                 	9.7454784120e-01                 
4.1330000000e-02	2.4094305374e+02	1.6011018096e-07                 	8.8456746684e-08                 	7.1653434278e-08                 	5.5247421590e-01                 	9.7173681775e-01                 
4.2750000000e-02	2.3293979909e+02	1.6020525620e-07                 	9.0045949107e-08                 	7.0159307095e-08                 	5.6206613467e-01                 	9.6521920683e-01                 
4.4280000000e-02	2.2489106619e+02	1.6033672132e-07                 	9.2289372740e-08                 	6.8047348578e-08                 	5.7559723051e-01                 	9.5519439700e-01                 
4.5090000000e-02	2.2085110692e+02	1.6044724972e-07                 	9.4003350098e-08                 	6.6443899622e-08                 	5.8588321247e-01                 	9.4649412355e-01                 
4.5920000000e-02	2.1685924240e+02	1.6057359231e-07                 	9.5699775264e-08                 	6.4873817046e-08                 	5.9598701061e-01                 	9.3677350572e-01                 
4.6790000000e-02	2.1282702310e+02	1.6070891092e-07                 	9.7431638395e-08                 	6.3277272521e-08                 	6.0626158089e-01                 	9.2584164754e-01                 
4.7690000000e-02	2.0881057687e+02	1.6085851969e-07                 	9.9190874790e-08                 	6.1667644903e-08                 	6.1663426332e-01                 	9.1338817093e-01                 
4.8620000000e-02	2.0481646259e+02	1.6102461010e-07                 	1.0067852444e-07                 	6.0346085660e-08                 	6.2523687764e-01                 	9.0065939349e-01                 
4.9590000000e-02	2.0081017163e+02	1.6117985648e-07                 	1.0126320586e-07                 	5.9916650615e-08                 	6.2826216672e-01                 	8.9253770615e-01                 
4.9790000000e-02	2.0000354310e+02	1.6121363222e-07                 	1.0130135914e-07                 	5.9912273086e-08                 	6.2836720282e-01                 	8.9122522009e-01                 
4.9990000000e-02	1.9920336889e+02	1.6124704722e-07                 	1.0122692390e-07                 	6.0020123324e-08                 	6.2777536483e-01                 	8.9056840196e-01                 
5.0610000000e-02	1.9676301938e+02	1.6128999460e-07                 	1.0033614996e-07                 	6.0953844639e-08                 	6.2208539475e-01                 	8.9489787758e-01                 
5.1020000000e-02	1.9518181911e+02	1.6130432132e-07                 	1.0016874708e-07                 	6.1135574240e-08                 	6.2099233462e-01                 	8.9595184926e-01                 
5.1450000000e-02	1.9355056193e+02	1.6134031759e-07                 	1.0064913400e-07                 	6.0691183587e-08                 	6.2383126242e-01                 	8.9251195561e-01                 
5.1660000000e-02	1.9276377102e+02	1.6136142455e-07                 	1.0088870153e-07                 	6.0472723028e-08                 	6.2523432602e-01                 	8.9065354611e-01                 
5.1880000000e-02	1.9194634563e+02	1.6138525052e-07                 	1.0101041994e-07                 	6.0374830583e-08                 	6.2589623037e-01                 	8.8937629370e-01                 
5.2310000000e-02	1.9036850337e+02	1.6141596114e-07                 	1.0108247137e-07                 	6.0333489770e-08                 	6.2622352000e-01                 	8.8846458630e-01                 
5.2760000000e-02	1.8874481446e+02	1.6144744166e-07                 	1.0156530178e-07                 	5.9882139873e-08                 	6.2909204842e-01                 	8.8515788014e-01                 
5.3210000000e-02	1.8714858882e+02	1.6148824848e-07                 	1.0222989352e-07                 	5.9258354964e-08                 	6.3304850030e-01                 	8.8038470697e-01                 
5.3910000000e-02	1.8471853851e+02	1.6156506078e-07                 	1.0356813990e-07                 	5.7996920873e-08                 	6.4103055083e-01                 	8.7048817508e-01                 
5.4620000000e-02	1.8231740042e+02	1.6164775549e-07                 	1.0505005579e-07                 	5.6597699697e-08                 	6.4987017898e-01                 	8.5929985497e-01                 
5.5100000000e-02	1.8072915447e+02	1.6171781563e-07                 	1.0649075643e-07                 	5.5227059201e-08                 	6.5849737095e-01                 	8.4828720737e-01                 
5.5850000000e-02	1.7830217388e+02	1.6184760860e-07                 	1.0882877078e-07                 	5.3018837812e-08                 	6.7241506828e-01                 	8.2933846314e-01                 
5.6360000000e-02	1.7668872269e+02	1.6195215281e-07                 	1.1038794118e-07                 	5.1564211626e-08                 	6.8160835944e-01                 	8.1583588419e-01                 
5.6870000000e-02	1.7510420980e+02	1.6205753641e-07                 	1.1128447993e-07                 	5.0773056475e-08                 	6.8669734466e-01                 	8.0668306360e-01                 
5.7400000000e-02	1.7348739392e+02	1.6207553170e-07                 	1.1145531829e-07                 	5.0620213411e-08                 	6.8767516676e-01                 	8.0593356695e-01                 
5.7670000000e-02	1.7267515885e+02	1.6221915295e-07                 	1.1211862249e-07                 	5.0100530459e-08                 	6.9115527022e-01                 	7.9667526761e-01                 
5.7940000000e-02	1.7187049380e+02	1.6227756113e-07                 	1.1227743038e-07                 	5.0000130744e-08                 	6.9188512326e-01                 	7.9410742092e-01                 
5.8210000000e-02	1.7107329344e+02	1.6233555379e-07                 	1.1220036164e-07                 	5.0135192147e-08                 	6.9116320500e-01                 	7.9318457127e-01                 
5.8480000000e-02	1.7028345436e+02	1.6239190922e-07                 	1.1183759506e-07                 	5.0554314160e-08                 	6.8868945256e-01                 	7.9427672560e-01                 
5.8760000000e-02	1.6947202878e+02	1.6244454849e-07                 	1.1133520442e-07                 	5.1109344078e-08                 	6.8537359639e-01                 	7.9649696571e-01                 
5.9040000000e-02	1.6866829965e+02	1.6249647358e-07                 	1.1059254306e-07                 	5.1903930523e-08                 	6.8058426513e-01                 	8.0040245244e-01                 
5.9320000000e-02	1.6787215797e+02	1.6252234249e-07                 	1.0925619638e-07                 	5.3266146108e-08                 	6.7225339426e-01                 	8.0908383194e-01                 
5.9610000000e-02	1.6705546739e+02	1.6253199275e-07                 	1.0828320559e-07                 	5.4248787161e-08                 	6.6622702250e-01                 	8.1583959994e-01                 
5.9900000000e-02	1.6624668466e+02	1.6255232695e-07                 	1.0776273500e-07                 	5.4789591948e-08                 	6.6294181710e-01                 	8.1926379659e-01                 
6.0190000000e-02	1.6544569548e+02	1.6254414742e-07                 	1.0680336642e-07                 	5.5740781000e-08                 	6.5707297443e-01                 	8.2644243476e-01                 
6.0480000000e-02	1.6465238775e+02	1.6254713688e-07                 	1.0680835807e-07                 	5.5738778814e-08                 	6.5709159888e-01                 	8.2678092804e-01                 
6.0780000000e-02	1.6383969087e+02	1.6256153110e-07                 	1.0698100783e-07                 	5.5580523265e-08                 	6.5809547382e-01                 	8.2568867393e-01                 
6.1080000000e-02	1.6303497726e+02	1.6258128215e-07                 	1.0738352690e-07                 	5.5197755257e-08                 	6.6049132762e-01                 	8.2289829365e-01                 
6.1380000000e-02	1.6223812986e+02	1.6261204785e-07                 	1.0799975938e-07                 	5.4612288469e-08                 	6.6415595159e-01                 	8.1837674010e-01                 
6.1990000000e-02	1.6064165851e+02	1.6270662661e-07                 	1.0958445225e-07                 	5.3122174357e-08                 	6.7350946015e-01                 	8.0617472239e-01                 
6.2300000000e-02	1.5984231799e+02	1.6278238156e-07                 	1.1061730981e-07                 	5.2165071752e-08                 	6.7954104583e-01                 	7.9782195728e-01                 
6.2620000000e-02	1.5902549363e+02	1.6285939034e-07                 	1.1093133573e-07                 	5.1928054610e-08                 	6.8114792459e-01                 	7.9433420657e-01                 
6.2940000000e-02	1.5821697507e+02	1.6292508169e-07                 	1.1083400008e-07                 	5.2091081609e-08                 	6.8027586011e-01                 	7.9391141666e-01                 
6.3260000000e-02	1.5741663628e+02	1.6298616803e-07                 	1.1067063356e-07                 	5.2315534465e-08                 	6.7901856275e-01                 	7.9407151289e-01                 
6.3580000000e-02	1.5662435374e+02	1.6304302324e-07                 	1.1036550708e-07                 	5.2677516162e-08                 	6.7691033252e-01                 	7.9529943788e-01                 
6.3910000000e-02	1.5581562214e+02	1.6309788648e-07                 	1.0998754682e-07                 	5.3110339666e-08                 	6.7436524893e-01                 	7.9709463242e-01                 
6.4240000000e-02	1.5501519942e+02	1.6315463095e-07                 	1.0945771871e-07                 	5.3696912240e-08                 	6.7088330911e-01                 	7.9988597897e-01                 
6.4580000000e-02	1.5419907728e+02	1.6315987789e-07                 	1.0814132895e-07                 	5.5018548939e-08                 	6.6279363744e-01                 	8.0909732977e-01                 
6.4910000000e-02	1.5341513497e+02	1.6319796336e-07                 	1.0828908163e-07                 	5.4908881734e-08                 	6.6354432002e-01                 	8.0775132065e-01                 
6.5080000000e-02	1.5301438861e+02	1.6321026725e-07                 	1.0793627462e-07                 	5.5273992632e-08                 	6.6133262593e-01                 	8.1010589518e-01                 
6.5250000000e-02	1.5261573044e+02	1.6322107701e-07                 	1.0776608954e-07                 	5.5454987468e-08                 	6.6024616132e-01                 	8.1126218861e-01                 
6.5600000000e-02	1.5180146968e+02	1.6325304734e-07                 	1.0765997408e-07                 	5.5593073256e-08                 	6.5946685735e-01                 	8.1178991898e-01                 
6.5950000000e-02	1.5099585157e+02	1.6329069312e-07                 	1.0760247208e-07                 	5.5688221037e-08                 	6.5896267586e-01                 	8.1187374959e-01                 
6.6300000000e-02	1.5019873923e+02	1.6333227478e-07                 	1.0757179558e-07                 	5.5760479201e-08                 	6.5860709847e-01                 	8.1169976343e-01                 
6.6660000000e-02	1.4938758492e+02	1.6338068715e-07                 	1.0754117536e-07                 	5.5839511792e-08                 	6.5822452601e-01                 	8.1140521197e-01                 
6.7020000000e-02	1.4858514490e+02	1.6342842476e-07                 	1.0742268480e-07                 	5.6005739964e-08                 	6.5730722764e-01                 	8.1172298299e-01                 
6.7570000000e-02	1.4737570536e+02	1.6349219115e-07                 	1.0708662456e-07                 	5.6405566589e-08                 	6.5499534752e-01                 	8.1344453988e-01                 
6.8120000000e-02	1.4618579582e+02	1.6355126418e-07                 	1.0672198670e-07                 	5.6829277483e-08                 	6.5252926801e-01                 	8.1545650368e-01                 
6.8500000000e-02	1.4537483812e+02	1.6359015034e-07                 	1.0655028680e-07                 	5.7039863544e-08                 	6.5132458510e-01                 	8.1634617477e-01                 
6.8880000000e-02	1.4457282827e+02	1.6363262912e-07                 	1.0643765712e-07                 	5.7194972002e-08                 	6.5046719404e-01                 	8.1676737901e-01                 
6.9260000000e-02	1.4377961899e+02	1.6367901235e-07                 	1.0636334301e-07                 	5.7315669338e-08                 	6.4982884173e-01                 	8.1685433494e-01                 
6.9650000000e-02	1.4297453569e+02	1.6373394984e-07                 	1.0633729045e-07                 	5.7396659392e-08                 	6.4945169008e-01                 	8.1646249339e-01                 
7.0050000000e-02	1.4215812150e+02	1.6379127038e-07                 	1.0623729452e-07                 	5.7553975859e-08                 	6.4861389912e-01                 	8.1653085593e-01                 
7.0250000000e-02	1.4175340087e+02	1.6382540013e-07                 	1.0619304767e-07                 	5.7632352458e-08                 	6.4820868796e-01                 	8.1641577255e-01                 
7.0450000000e-02	1.4135097816e+02	1.6385794918e-07                 	1.0603054860e-07                 	5.7827400579e-08                 	6.4708821960e-01                 	8.1711469771e-01                 
7.0850000000e-02	1.4055294864e+02	1.6388312305e-07                 	1.0523180635e-07                 	5.8651316700e-08                 	6.4211496824e-01                 	8.2245607342e-01                 
7.1260000000e-02	1.3974426622e+02	1.6393063916e-07                 	1.0495419302e-07                 	5.8976446142e-08                 	6.4023536756e-01                 	8.2387805333e-01                 
7.1670000000e-02	1.3894483621e+02	1.6396168857e-07                 	1.0422933696e-07                 	5.9732351604e-08                 	6.3569323953e-01                 	8.2858165675e-01                 
7.2080000000e-02	1.3815450071e+02	1.6395167822e-07                 	1.0317683963e-07                 	6.0774838589e-08                 	6.2931249469e-01                 	8.3634892928e-01                 
7.2510000000e-02	1.3733521461e+02	1.6395426530e-07                 	1.0256437705e-07                 	6.1389888251e-08                 	6.2556699494e-01                 	8.4097339828e-01                 
7.2930000000e-02	1.3654430839e+02	1.6395179426e-07                 	1.0196569375e-07                 	6.1986100515e-08                 	6.2192484203e-01                 	8.4561521419e-01                 
7.3150000000e-02	1.3613364882e+02	1.6396760575e-07                 	1.0191436743e-07                 	6.2053238319e-08                 	6.2155184230e-01                 	8.4591120716e-01                 
7.3360000000e-02	1.3574395326e+02	1.6398626659e-07                 	1.0176737745e-07                 	6.2218889146e-08                 	6.2058475725e-01                 	8.4674929783e-01                 
7.3800000000e-02	1.3493463972e+02	1.6399277771e-07                 	1.0104341145e-07                 	6.2949366263e-08                 	6.1614549651e-01                 	8.5201165438e-01                 
7.4240000000e-02	1.3413491933e+02	1.6398269077e-07                 	1.0018038943e-07                 	6.3802301334e-08                 	6.1092051218e-01                 	8.5859939802e-01                 
7.4690000000e-02	1.3332676946e+02	1.6392777914e-07                 	9.9017444349e-08                 	6.4910334788e-08                 	6.0403090233e-01                 	8.6836370270e-01                 
7.5140000000e-02	1.3252829932e+02	1.6392367824e-07                 	9.8607826833e-08                 	6.5315851411e-08                 	6.0154718275e-01                 	8.7186825482e-01                 
7.5600000000e-02	1.3172191020e+02	1.6387507428e-07                 	9.7607477903e-08                 	6.6267596380e-08                 	5.9562125802e-01                 	8.8044687166e-01                 
7.6060000000e-02	1.3092527493e+02	1.6384049243e-07                 	9.6947253428e-08                 	6.6893239002e-08                 	5.9171729766e-01                 	8.8638701080e-01                 
7.6530000000e-02	1.3012121274e+02	1.6374427899e-07                 	9.5876954905e-08                 	6.7867324084e-08                 	5.8552857844e-01                 	8.9647015304e-01                 
7.7010000000e-02	1.2931017285e+02	1.6369872548e-07                 	9.5874683310e-08                 	6.7824042171e-08                 	5.8567764061e-01                 	8.9791770400e-01                 
7.7490000000e-02	1.2850918068e+02	1.6371994512e-07                 	9.6433202790e-08                 	6.7286742327e-08                 	5.8901316343e-01                 	8.9412587545e-01                 
7.7980000000e-02	1.2770167237e+02	1.6372992361e-07                 	9.6618133933e-08                 	6.7111789679e-08                 	5.9010675509e-01                 	8.9316048751e-01                 
7.8470000000e-02	1.2690424890e+02	1.6374816079e-07                 	9.6971002080e-08                 	6.6777158705e-08                 	5.9219597713e-01                 	8.9087357431e-01                 
7.8970000000e-02	1.2610075232e+02	1.6380472645e-07                 	9.7604360813e-08                 	6.6200365634e-08                 	5.9585802516e-01                 	8.8596337832e-01                 
7.9990000000e-02	1.2449276673e+02	1.6386900066e-07                 	9.8004151654e-08                 	6.5864849006e-08                 	5.9806401003e-01                 	8.8307625782e-01                 
8.0510000000e-02	1.2368868974e+02	1.6391622322e-07                 	9.8419462886e-08                 	6.5496760338e-08                 	6.0042539384e-01                 	8.7989001613e-01                 
8.1040000000e-02	1.2287976815e+02	1.6395645724e-07                 	9.8710050131e-08                 	6.5246407107e-08                 	6.0205039676e-01                 	8.7770697998e-01                 
8.1570000000e-02	1.2208135848e+02	1.6402033445e-07                 	9.9229182945e-08                 	6.4791151507e-08                 	6.0498098163e-01                 	8.7353536789e-01                 
8.2110000000e-02	1.2127848509e+02	1.6408463476e-07                 	9.9515555282e-08                 	6.4569079475e-08                 	6.0648917816e-01                 	8.7097063833e-01                 
8.2660000000e-02	1.2047152687e+02	1.6412980808e-07                 	9.9580471563e-08                 	6.4549336519e-08                 	6.0671777252e-01                 	8.7028160783e-01                 
8.3210000000e-02	1.1967523628e+02	1.6416252191e-07                 	9.9616528143e-08                 	6.4545993766e-08                 	6.0681650711e-01                 	8.7001780429e-01                 
8.3770000000e-02	1.1887521083e+02	1.6420869310e-07                 	9.9817700525e-08                 	6.4390992580e-08                 	6.0787098806e-01                 	8.6839701326e-01                 
8.4340000000e-02	1.1807180947e+02	1.6422627154e-07                 	9.9728399811e-08                 	6.4497871730e-08                 	6.0726215650e-01                 	8.6928072507e-01                 
8.4920000000e-02	1.1726538402e+02	1.6425354500e-07                 	9.9950629916e-08                 	6.4302915086e-08                 	6.0851429365e-01                 	8.6788017832e-01                 
8.5510000000e-02	1.1645627893e+02	1.6429618501e-07                 	1.0043854852e-07                 	6.3857636488e-08                 	6.1132611518e-01                 	8.6441805739e-01                 
8.6100000000e-02	1.1565826261e+02	1.6436083054e-07                 	1.0093711003e-07                 	6.3423720503e-08                 	6.1411900697e-01                 	8.6051257578e-01                 
8.6700000000e-02	1.1485785941e+02	1.6442859087e-07                 	1.0146195225e-07                 	6.2966638620e-08                 	6.1705784689e-01                 	8.5640555557e-01                 
8.7310000000e-02	1.1405539355e+02	1.6448972523e-07                 	1.0188709424e-07                 	6.2602630990e-08                 	6.1941312199e-01                 	8.5311419406e-01                 
8.7930000000e-02	1.1325118175e+02	1.6453406343e-07                 	1.0228144396e-07                 	6.2252619463e-08                 	6.2164297066e-01                 	8.5034333141e-01                 
8.8560000000e-02	1.1244553310e+02	1.6458625934e-07                 	1.0310902001e-07                 	6.1477239325e-08                 	6.2647404727e-01                 	8.4456868381e-01                 
8.9200000000e-02	1.1163874900e+02	1.6469771971e-07                 	1.0487470674e-07                 	5.9823012972e-08                 	6.3677084858e-01                 	8.3165669802e-01                 
8.9840000000e-02	1.1084345961e+02	1.6491983451e-07                 	1.0765659359e-07                 	5.7263240913e-08                 	6.5278135839e-01                 	8.1063057533e-01                 
9.0170000000e-02	1.1043779983e+02	1.6503591209e-07                 	1.0885378792e-07                 	5.6182124174e-08                 	6.5957637061e-01                 	8.0153348165e-01                 
9.0500000000e-02	1.1003509846e+02	1.6523798495e-07                 	1.1090851411e-07                 	5.4329470842e-08                 	6.7120471205e-01                 	7.8600524477e-01                 
9.1160000000e-02	1.0923844242e+02	1.6557938416e-07                 	1.1249216707e-07                 	5.3087217088e-08                 	6.7938510366e-01                 	7.7230684120e-01                 
9.1500000000e-02	1.0883252908e+02	1.6575459017e-07                 	1.1300396022e-07                 	5.2750629948e-08                 	6.8175463560e-01                 	7.6722879073e-01                 
9.1840000000e-02	1.0842962120e+02	1.6589681606e-07                 	1.1291365797e-07                 	5.2983158088e-08                 	6.8062582907e-01                 	7.6607608932e-01                 
9.2180000000e-02	1.0802968552e+02	1.6598308870e-07                 	1.1230250919e-07                 	5.3680579515e-08                 	6.7659006749e-01                 	7.6851969570e-01                 
9.2530000000e-02	1.0762105707e+02	1.6602546467e-07                 	1.1149516324e-07                 	5.4530301425e-08                 	6.7155459234e-01                 	7.7253263388e-01                 
9.2870000000e-02	1.0722705299e+02	1.6604121618e-07                 	1.1065615362e-07                 	5.5385062562e-08                 	6.6643786503e-01                 	7.7694216802e-01                 
9.3220000000e-02	1.0682446268e+02	1.6601968525e-07                 	1.0964189382e-07                 	5.6377791435e-08                 	6.6041502037e-01                 	7.8282466460e-01                 
9.3570000000e-02	1.0642488416e+02	1.6598336175e-07                 	1.0865037490e-07                 	5.7332986853e-08                 	6.5458594013e-01                 	7.8873245458e-01                 
9.3930000000e-02	1.0601699575e+02	1.6589539368e-07                 	1.0730548099e-07                 	5.8589912691e-08                 	6.4682616323e-01                 	7.9768655731e-01                 
9.4280000000e-02	1.0562342396e+02	1.6580869526e-07                 	1.0611989363e-07                 	5.9688801625e-08                 	6.4001404431e-01                 	8.0610090818e-01                 
9.4640000000e-02	1.0522164424e+02	1.6573213003e-07                 	1.0508809345e-07                 	6.0644036578e-08                 	6.3408400913e-01                 	8.1377559124e-01                 
9.5010000000e-02	1.0481187676e+02	1.6567134983e-07                 	1.0423768793e-07                 	6.1433661902e-08                 	6.2918354945e-01                 	8.2035096884e-01                 
9.5370000000e-02	1.0441623583e+02	1.6562452596e-07                 	1.0354295419e-07                 	6.2081571766e-08                 	6.2516679575e-01                 	8.2582069966e-01                 
9.5740000000e-02	1.0401270536e+02	1.6558166579e-07                 	1.0288793809e-07                 	6.2693727702e-08                 	6.2137276853e-01                 	8.3108899702e-01                 
9.6110000000e-02	1.0361228188e+02	1.6554740438e-07                 	1.0232590654e-07                 	6.3221497841e-08                 	6.1810637818e-01                 	8.3571386117e-01                 
9.6860000000e-02	1.0280999805e+02	1.6549021008e-07                 	1.0131966259e-07                 	6.4170547486e-08                 	6.1223961553e-01                 	8.4420744372e-01                 
9.8400000000e-02	1.0120097979e+02	1.6541884861e-07                 	9.9760651757e-08                 	6.5658196852e-08                 	6.0307910855e-01                 	8.5795088685e-01                 
9.9190000000e-02	1.0039496331e+02	1.6540156047e-07                 	9.9185062540e-08                 	6.6216497926e-08                 	5.9966219339e-01                 	8.6327441090e-01                 
1.0000000000e-01	9.9581764111e+01	1.6538258070e-07                 	9.8608666304e-08                 	6.6773914394e-08                 	5.9624578289e-01                 	8.6875583389e-01                 
1.0250000000e-01	9.7152940596e+01	1.6537346832e-07                 	9.7544546773e-08                 	6.7828921546e-08                 	5.8984399230e-01                 	8.7976382486e-01                 
1.0330000000e-01	9.6400546090e+01	1.6537459212e-07                 	9.7370071747e-08                 	6.8004520370e-08                 	5.8878495481e-01                 	8.8207452987e-01                 
1.0420000000e-01	9.5567911814e+01	1.6538112620e-07                 	9.7314404415e-08                 	6.8066721787e-08                 	5.8842509209e-01                 	8.8355482800e-01                 
1.0510000000e-01	9.4749537688e+01	1.6541162324e-07                 	9.7608017947e-08                 	6.7803605297e-08                 	5.9009165156e-01                 	8.8218837961e-01                 
1.0640000000e-01	9.3591883563e+01	1.6549324331e-07                 	9.8616339798e-08                 	6.6876903512e-08                 	5.9589345055e-01                 	8.7564327900e-01                 
1.0690000000e-01	9.3154129196e+01	1.6559216894e-07                 	9.9677250107e-08                 	6.5914918835e-08                 	6.0194422686e-01                 	8.6758353533e-01                 
1.0780000000e-01	9.2376404555e+01	1.6586074594e-07                 	1.0186463703e-07                 	6.3996108914e-08                 	6.1415759617e-01                 	8.4985045063e-01                 
1.0880000000e-01	9.1527356719e+01	1.6610030580e-07                 	1.0330178625e-07                 	6.2798519555e-08                 	6.2192411837e-01                 	8.3760242620e-01                 
1.0970000000e-01	9.0776448597e+01	1.6633625081e-07                 	1.0458855284e-07                 	6.1747697978e-08                 	6.2877786607e-01                 	8.2628516891e-01                 
1.1070000000e-01	8.9956426477e+01	1.6651360943e-07                 	1.0518028302e-07                 	6.1333326414e-08                 	6.3166178054e-01                 	8.2003217474e-01                 
1.1120000000e-01	8.9551946143e+01	1.6657023858e-07                 	1.0523184218e-07                 	6.1338396400e-08                 	6.3175656753e-01                 	8.1880129169e-01                 
1.1170000000e-01	8.9151086939e+01	1.6662452917e-07                 	1.0530997852e-07                 	6.1314550651e-08                 	6.3201966147e-01                 	8.1740559594e-01                 
1.1270000000e-01	8.8360039140e+01	1.6668669671e-07                 	1.0517143959e-07                 	6.1515257121e-08                 	6.3095280947e-01                 	8.1696722941e-01                 
1.1370000000e-01	8.7582905990e+01	1.6670141912e-07                 	1.0476623670e-07                 	6.1935182424e-08                 	6.2846637570e-01                 	8.1883088732e-01                 
1.1480000000e-01	8.6743696960e+01	1.6670284761e-07                 	1.0430526671e-07                 	6.2397580907e-08                 	6.2569577064e-01                 	8.2147109329e-01                 
1.1810000000e-01	8.4319868002e+01	1.6668234891e-07                 	1.0295430276e-07                 	6.3728046148e-08                 	6.1766769807e-01                 	8.3045461129e-01                 
1.2160000000e-01	8.1892898117e+01	1.6668401714e-07                 	1.0173597305e-07                 	6.4948044092e-08                 	6.1035229888e-01                 	8.3984150929e-01                 
1.2400000000e-01	8.0307874283e+01	1.6672580037e-07                 	1.0124085890e-07                 	6.5484941470e-08                 	6.0722970696e-01                 	8.4384874870e-01                 
1.2650000000e-01	7.8720762143e+01	1.6678018239e-07                 	1.0082982461e-07                 	6.5950357776e-08                 	6.0456718039e-01                 	8.4724403029e-01                 
1.2780000000e-01	7.7920003216e+01	1.6681334596e-07                 	1.0065776112e-07                 	6.6155584840e-08                 	6.0341551535e-01                 	8.4870218338e-01                 
1.3050000000e-01	7.6307865219e+01	1.6689043036e-07                 	1.0039378819e-07                 	6.6496642170e-08                 	6.0155509200e-01                 	8.5094231172e-01                 
1.3330000000e-01	7.4704999333e+01	1.6697616060e-07                 	1.0018818556e-07                 	6.6787975040e-08                 	6.0001490752e-01                 	8.5271176591e-01                 
1.3780000000e-01	7.2265431140e+01	1.6711750085e-07                 	9.9982229473e-08                 	6.7135271378e-08                 	5.9827503980e-01                 	8.5439142012e-01                 
1.4090000000e-01	7.0675489078e+01	1.6720909994e-07                 	9.9825137372e-08                 	6.7383962568e-08                 	5.9700780285e-01                 	8.5568213075e-01                 
1.4590000000e-01	6.8253436676e+01	1.6735887698e-07                 	9.9539948975e-08                 	6.7818928006e-08                 	5.9476946052e-01                 	8.5824690001e-01                 
1.5120000000e-01	6.5860955100e+01	1.6753290320e-07                 	9.9374851319e-08                 	6.8158051882e-08                 	5.9316617465e-01                 	8.5987498584e-01                 
1.5310000000e-01	6.5043608171e+01	1.6759650345e-07                 	9.9278315185e-08                 	6.8318188268e-08                 	5.9236507409e-01                 	8.6087749644e-01                 
1.5500000000e-01	6.4246299426e+01	1.6767147792e-07                 	9.9169943950e-08                 	6.8501533971e-08                 	5.9145386669e-01                 	8.6217180148e-01                 
1.5600000000e-01	6.3834464173e+01	1.6772192643e-07                 	9.9173203026e-08                 	6.8548723408e-08                 	5.9129539670e-01                 	8.6239576256e-01                 
1.5690000000e-01	6.3468300899e+01	1.6777991659e-07                 	9.9262007536e-08                 	6.8517909058e-08                 	5.9162031756e-01                 	8.6190362508e-01                 
1.5790000000e-01	6.3066348392e+01	1.6784587208e-07                 	9.9366297631e-08                 	6.8479574453e-08                 	5.9200918317e-01                 	8.6133255330e-01                 
1.5830000000e-01	6.2906989331e+01	1.6790006672e-07                 	9.9617683929e-08                 	6.8282382793e-08                 	5.9331533259e-01                 	8.5936829187e-01                 
1.5900000000e-01	6.2630040321e+01	1.6798048512e-07                 	1.0001483424e-07                 	6.7965650874e-08                 	5.9539555546e-01                 	8.5614793381e-01                 
1.6000000000e-01	6.2238602569e+01	1.6813304151e-07                 	1.0109090190e-07                 	6.7042139614e-08                 	6.0125541648e-01                 	8.4685754103e-01                 
1.6100000000e-01	6.1852027398e+01	1.6828806853e-07                 	1.0245986123e-07                 	6.5828207302e-08                 	6.0883615887e-01                 	8.3469603900e-01                 
1.6140000000e-01	6.1698738606e+01	1.6835220836e-07                 	1.0317574144e-07                 	6.5176466927e-08                 	6.1285647773e-01                 	8.2825015955e-01                 
1.6190000000e-01	6.1508192780e+01	1.6840980392e-07                 	1.0387319826e-07                 	6.4536605661e-08                 	6.1678830947e-01                 	8.2194295245e-01                 
1.6230000000e-01	6.1356601424e+01	1.6846825418e-07                 	1.0498244589e-07                 	6.3485808289e-08                 	6.2315862655e-01                 	8.1186070800e-01                 
1.6250000000e-01	6.1281085606e+01	1.6846561573e-07                 	1.0554412744e-07                 	6.2921488288e-08                 	6.2650248826e-01                 	8.0649586394e-01                 
1.6270000000e-01	6.1205755446e+01	1.6842564603e-07                 	1.0604778050e-07                 	6.2377865529e-08                 	6.2964152431e-01                 	8.0137583586e-01                 
1.6290000000e-01	6.1130610258e+01	1.6834548467e-07                 	1.0634617794e-07                 	6.1999306734e-08                 	6.3171387190e-01                 	7.9783634186e-01                 
1.6310000000e-01	6.1055649363e+01	1.6824891825e-07                 	1.0658525802e-07                 	6.1663660233e-08                 	6.3349743419e-01                 	7.9477918155e-01                 
1.6340000000e-01	6.0943552087e+01	1.6812652076e-07                 	1.0670470794e-07                 	6.1421812814e-08                 	6.3466910195e-01                 	7.9263477854e-01                 
1.6360000000e-01	6.0869048967e+01	1.6798144598e-07                 	1.0670391763e-07                 	6.1277528352e-08                 	6.3521252009e-01                 	7.9148411347e-01                 
1.6380000000e-01	6.0794727784e+01	1.6782238623e-07                 	1.0656299540e-07                 	6.1259390835e-08                 	6.3497485520e-01                 	7.9155514880e-01                 
1.6400000000e-01	6.0720587872e+01	1.6767128040e-07                 	1.0617235080e-07                 	6.1498929597e-08                 	6.3321727221e-01                 	7.9397141251e-01                 
1.6420000000e-01	6.0646628569e+01	1.6755798347e-07                 	1.0562500087e-07                 	6.1932982600e-08                 	6.3037880192e-01                 	7.9811430451e-01                 
1.6440000000e-01	6.0572849216e+01	1.6748629254e-07                 	1.0506004078e-07                 	6.2426251763e-08                 	6.2727545749e-01                 	8.0275402880e-01                 
1.6470000000e-01	6.0462516157e+01	1.6744250808e-07                 	1.0456268190e-07                 	6.2879826176e-08                 	6.2446915722e-01                 	8.0700322657e-01                 
1.6490000000e-01	6.0389183815e+01	1.6741341974e-07                 	1.0405680718e-07                 	6.3356612554e-08                 	6.2155595022e-01                 	8.1147593352e-01                 
1.6530000000e-01	6.0243051489e+01	1.6744025968e-07                 	1.0239583004e-07                 	6.5044429635e-08                 	6.1153649809e-01                 	8.2709737708e-01                 
1.6580000000e-01	6.0061377630e+01	1.6742229518e-07                 	1.0236356811e-07                 	6.5058727066e-08                 	6.1140941834e-01                 	8.2735488882e-01                 
1.6640000000e-01	5.9844810163e+01	1.6754007882e-07                 	1.0240481165e-07                 	6.5135267170e-08                 	6.1122575788e-01                 	8.3194227546e-01                 
1.6750000000e-01	5.9451799469e+01	1.6866292112e-07                 	1.3964125771e-07                 	2.9021663408e-08                 	8.2793098082e-01                 	7.0177249567e-01                 
1.6870000000e-01	5.9028905815e+01	1.7314490514e-07                 	1.6811897787e-07                 	5.0259272611e-09                 	9.7097271065e-01                 	6.5863191979e-01                 
1.6980000000e-01	5.8646504188e+01	1.5950418950e-07                 	1.5630016169e-07                 	3.2040278122e-09                 	9.7991257896e-01                 	6.1379010903e-01                 
1.7030000000e-01	5.8474318327e+01	1.6518248933e-07                 	1.6261149032e-07                 	2.5709990136e-09                 	9.8443540218e-01                 	6.3399866278e-01                 
1.7100000000e-01	5.8234949772e+01	1.6103705244e-07                 	1.5895173531e-07                 	2.0853171282e-09                 	9.8705069984e-01                 	6.3237627486e-01                 
1.7220000000e-01	5.7829131307e+01	1.6914474544e-07                 	1.6759435196e-07                 	1.5503934817e-09                 	9.9083392465e-01                 	6.5524697344e-01                 
1.7260000000e-01	5.7695112463e+01	1.6658496865e-07                 	1.6523417011e-07                 	1.3507985448e-09                 	9.9189123391e-01                 	6.4977282864e-01                 
1.7340000000e-01	5.7428929706e+01	1.7022518732e-07                 	1.6907620834e-07                 	1.1489789871e-09                 	9.9325024102e-01                 	6.4168547452e-01                 
1.7370000000e-01	5.7329743299e+01	1.7298559242e-07                 	1.7187287542e-07                 	1.1127169940e-09                 	9.9356757416e-01                 	6.7076355826e-01                 
1.7460000000e-01	5.7034229158e+01	1.6340380144e-07                 	1.6251698472e-07                 	8.8681672312e-10                 	9.9457285133e-01                 	6.5150716981e-01                 
1.7570000000e-01	5.6677156580e+01	1.6615060449e-07                 	1.6505362104e-07                 	1.0969834503e-09                 	9.9339765598e-01                 	6.3681729751e-01                 
1.7590000000e-01	5.6612714105e+01	1.6779956258e-07                 	1.6700779099e-07                 	7.9177158937e-10                 	9.9528144426e-01                 	6.4856935007e-01                 
1.7710000000e-01	5.6229115816e+01	1.6358305584e-07                 	1.6285612679e-07                 	7.2692905581e-10                 	9.9555620812e-01                 	6.5290351157e-01                 
1.7970000000e-01	5.5415561553e+01	1.5706532429e-07                 	1.5651447571e-07                 	5.5084857917e-10                 	9.9649286956e-01                 	6.4262582247e-01                 
1.8000000000e-01	5.5323202284e+01	1.6932915167e-07                 	1.6880572335e-07                 	5.2342831317e-10                 	9.9690881158e-01                 	6.6708591460e-01                 
1.8230000000e-01	5.4625213445e+01	1.6491132449e-07                 	1.6440878558e-07                 	5.0253890567e-10                 	9.9695267195e-01                 	6.4514741195e-01                 
1.8510000000e-01	5.3798900114e+01	1.7355585230e-07                 	1.7321034822e-07                 	3.4550407969e-10                 	9.9800926287e-01                 	6.8442655692e-01                 
1.8790000000e-01	5.2997213470e+01	1.6977600336e-07                 	1.6944979296e-07                 	3.2621039458e-10                 	9.9807858362e-01                 	6.6230976534e-01                 
1.9070000000e-01	5.2219068752e+01	1.5841811683e-07                 	1.5817417934e-07                 	2.4393749234e-10                 	9.9846016670e-01                 	6.7437528919e-01                 
1.9370000000e-01	5.1410306717e+01	1.7574090845e-07                 	1.7546270219e-07                 	2.7820626833e-10                 	9.9841695214e-01                 	6.9672416930e-01                 
2.0000000000e-01	4.9790882055e+01	1.7921193843e-07                 	1.7892332786e-07                 	2.8861056922e-10                 	9.9838955724e-01                 	6.8974007189e-01                 
2.0660000000e-01	4.8200273045e+01	1.7033092594e-07                 	1.7016917251e-07                 	1.6175343182e-10                 	9.9905035782e-01                 	7.0762661696e-01                 
2.1380000000e-01	4.6577064598e+01	1.7656202319e-07                 	1.7642879086e-07                 	1.3323232179e-10                 	9.9924540782e-01                 	7.0631280565e-01                 
2.2140000000e-01	4.4978213239e+01	1.6200673637e-07                 	1.6190153161e-07                 	1.0520476077e-10                 	9.9935061490e-01                 	7.0033232256e-01                 
2.2540000000e-01	4.4180019570e+01	1.7757487943e-07                 	1.7748481970e-07                 	9.0059728810e-11                 	9.9949283520e-01                 	7.1186031399e-01                 
2.2960000000e-01	4.3371848480e+01	1.6115595873e-07                 	1.6108927750e-07                 	6.6681230256e-11                 	9.9958623168e-01                 	7.0967134588e-01                 
2.3840000000e-01	4.1770874207e+01	1.7646695210e-07                 	1.7641782784e-07                 	4.9124267079e-11                 	9.9972162342e-01                 	7.3634906186e-01                 
2.4360000000e-01	4.0879213510e+01	1.5665329818e-07                 	1.5660926361e-07                 	4.4034572309e-11                 	9.9971890428e-01                 	6.9460741542e-01                 
2.4800000000e-01	4.0153937141e+01	1.7406936204e-07                 	1.7402978991e-07                 	3.9572130308e-11                 	9.9977266459e-01                 	7.2800175279e-01                 
2.6100000000e-01	3.8153932609e+01	1.6431230974e-07                 	1.6423688804e-07                 	7.5421705537e-11                 	9.9954098567e-01                 	6.6231149552e-01                 
2.7550000000e-01	3.6145830893e+01	1.7698017624e-07                 	1.7694709359e-07                 	3.3082650528e-11                 	9.9981307143e-01                 	7.0205039770e-01                 
2.9170000000e-01	3.4138417590e+01	1.7633117143e-07                 	1.7630271686e-07                 	2.8454568082e-11                 	9.9983862996e-01                 	7.0603566124e-01                 
3.1000000000e-01	3.2123149713e+01	1.6149319228e-07                 	1.6147397766e-07                 	1.9214621429e-11                 	9.9988101900e-01                 	7.2687982772e-01                 
3.3060000000e-01	3.0121525744e+01	1.8094810464e-07                 	1.8093003680e-07                 	1.8067840290e-11                 	9.9990014905e-01                 	6.9898109242e-01                 
3.5110000000e-01	2.8362792398e+01	1.7247267482e-07                 	1.7246418811e-07                 	8.4867102621e-12                 	9.9995079389e-01                 	7.3179023346e-01                 
3.5560000000e-01	2.8003870672e+01	1.7488798961e-07                 	1.7487828347e-07                 	9.7061396643e-12                 	9.9994450082e-01                 	7.0672375069e-01                 
3.6090000000e-01	2.7592619593e+01	1.9608618899e-07                 	1.9607943088e-07                 	6.7581114981e-12                 	9.9996553499e-01                 	6.9902663090e-01                 
3.6117000000e-01	2.7571992167e+01	1.9377621979e-07                 	1.9376980584e-07                 	6.4139577116e-12                 	9.9996690018e-01                 	7.0295695231e-01                 
3.6502000000e-01	2.7281180240e+01	1.8094499973e-07                 	1.8093984646e-07                 	5.1532714938e-12                 	9.9997152023e-01                 	7.3483510258e-01                 
3.8210000000e-01	2.6061702201e+01	1.6640207481e-07                 	1.6639859100e-07                 	3.4838095857e-12                 	9.9997906391e-01                 	6.4427606578e-01                 
3.8670000000e-01	2.5751684539e+01	1.6659319646e-07                 	1.6659104338e-07                 	2.1530824275e-12                 	9.9998707581e-01                 	6.9977747880e-01                 
3.9340000000e-01	2.5313107298e+01	1.5694000697e-07                 	1.5693817797e-07                 	1.8289989872e-12                 	9.9998834587e-01                 	7.0415156976e-01                 
4.0470000000e-01	2.4606316805e+01	1.8147030165e-07                 	1.8146457827e-07                 	5.7233796120e-12                 	9.9996846107e-01                 	7.0741917753e-01                 
4.3100000000e-01	2.3104817659e+01	1.8639605496e-07                 	1.8639451403e-07                 	1.5409254037e-12                 	9.9999173306e-01                 	7.2467210060e-01                 
4.3580000000e-01	2.2850335959e+01	1.7274312117e-07                 	1.7274163073e-07                 	1.4904469057e-12                 	9.9999137189e-01                 	6.7821492708e-01                 
4.5790000000e-01	2.1747491616e+01	1.7587600125e-07                 	1.7587454631e-07                 	1.4549398494e-12                 	9.9999172747e-01                 	6.3982368687e-01                 
4.7800000000e-01	2.0833005044e+01	1.8228996865e-07                 	1.8228875112e-07                 	1.2175318769e-12                 	9.9999332091e-01                 	6.8025661433e-01                 
4.8610000000e-01	2.0485859722e+01	1.9634868405e-07                 	1.9634788617e-07                 	7.9787787356e-13                 	9.9999593642e-01                 	7.2394078294e-01                 
4.8800000000e-01	2.0406099203e+01	2.0028604037e-07                 	2.0028523951e-07                 	8.0086149636e-13                 	9.9999600141e-01                 	7.0717219833e-01                 
5.0000000000e-01	1.9916352822e+01	1.9302202214e-07                 	1.9302147632e-07                 	5.4581989310e-13                 	9.9999717224e-01                 	7.4505911308e-01                 
5.0240000000e-01	1.9821211009e+01	2.0069189079e-07                 	2.0069125078e-07                 	6.4000122332e-13                 	9.9999681103e-01                 	7.2629520029e-01                 
5.0850000000e-01	1.9583434437e+01	1.9098510055e-07                 	1.9098448932e-07                 	6.1122846308e-13                 	9.9999679960e-01                 	7.1100285142e-01                 
5.1450000000e-01	1.9355056193e+01	1.8053416405e-07                 	1.8053373770e-07                 	4.2635084670e-13                 	9.9999763839e-01                 	7.3518617227e-01                 
5.4610000000e-01	1.8235078577e+01	1.6548187983e-07                 	1.6548135245e-07                 	5.2738674635e-13                 	9.9999681302e-01                 	6.1990044471e-01                 
5.8930000000e-01	1.6898313951e+01	1.8701382715e-07                 	1.8701335885e-07                 	4.6830570951e-13                 	9.9999749588e-01                 	6.7869283066e-01                 
6.3280000000e-01	1.5736688387e+01	2.2222022147e-07                 	2.2221961053e-07                 	6.1094097324e-13                 	9.9999725074e-01                 	6.7815271470e-01                 
6.4380000000e-01	1.5467810517e+01	1.8919668056e-07                 	1.8919626425e-07                 	4.1630939226e-13                 	9.9999779959e-01                 	7.0369271201e-01                 
6.5630000000e-01	1.5173208001e+01	1.8763471878e-07                 	1.8763435377e-07                 	3.6500745554e-13                 	9.9999805469e-01                 	7.3349482968e-01                 
6.6780000000e-01	1.4911914362e+01	1.7874518610e-07                 	1.7874479961e-07                 	3.8649150999e-13                 	9.9999783775e-01                 	6.9120241243e-01                 
6.9070000000e-01	1.4417513263e+01	1.7931466768e-07                 	1.7931424348e-07                 	4.2420131250e-13                 	9.9999763432e-01                 	6.4263931385e-01                 
7.0650000000e-01	1.4095083384e+01	1.6077785433e-07                 	1.6077731689e-07                 	5.3743618943e-13                 	9.9999665727e-01                 	6.0637563580e-01                 
7.6790000000e-01	1.2968064085e+01	1.9148729156e-07                 	1.9148691700e-07                 	3.7456345318e-13                 	9.9999804393e-01                 	6.5297317606e-01                 
1.0000000000e+00	9.9581764111e+00	1.5178558797e-07                 	1.5178529281e-07                 	2.9516258092e-13                 	9.9999805540e-01                 	5.5058726351e-01                 
1.0139800000e+00	9.8208805016e+00	1.4683040399e-07                 	1.4683000315e-07                 	4.0083771809e-13                 	9.9999727006e-01                 	5.8887973854e-01                 
1.0600000000e+00	9.3945060482e+00	1.6459787437e-07                 	1.6459759865e-07                 	2.7572087785e-13                 	9.9999832488e-01                 	5.8565831520e-01                 
1.1286600000e+00	8.8230081788e+00	1.8685998596e-07                 	1.8685972112e-07                 	2.6484770950e-13                 	9.9999858264e-01                 	6.7988173940e-01                 
1.3190000000e+00	7.5497925785e+00	2.7364099939e-07                 	2.7364064179e-07                 	3.5760017070e-13                 	9.9999869318e-01                 	6.4700398766e-01                 
1.3672800000e+00	7.2832019857e+00	2.2861561816e-07                 	2.2861535685e-07                 	2.6131185013e-13                 	9.9999885698e-01                 	7.4786290242e-01                 
1.5000000000e+00	6.6387842740e+00	1.9364639259e-07                 	1.9364615459e-07                 	2.3800207892e-13                 	9.9999877094e-01                 	6.7132684365e-01                 
1.5295200000e+00	6.5106545917e+00	2.2047493329e-07                 	2.2047445881e-07                 	4.7447854046e-13                 	9.9999784793e-01                 	5.0140660794e-01                 
1.5500000000e+00	6.4246299426e+00	1.7615882237e-07                 	1.7615858090e-07                 	2.4147159374e-13                 	9.9999862924e-01                 	6.0292851854e-01                 
1.6932000000e+00	5.8812759338e+00	1.7830384533e-07                 	1.7830345720e-07                 	3.8812739296e-13                 	9.9999782322e-01                 	3.7676878034e-01                 
1.7092000000e+00	5.8262206945e+00	1.6351736056e-07                 	1.6351699536e-07                 	3.6520792766e-13                 	9.9999776655e-01                 	2.9996285949e-01                 
1.8130700000e+00	5.4924390184e+00	1.5824637464e-07                 	1.5824615400e-07                 	2.2064602584e-13                 	9.9999860568e-01                 	3.5554943898e-01                 
1.9700900000e+00	5.0546809593e+00	1.3151229095e-07                 	1.3151206728e-07                 	2.2366357509e-13                 	9.9999829930e-01                 	2.4983378334e-01                 
2.0000000000e+00	4.9790882055e+00	1.4091950312e-07                 	1.4091930438e-07                 	1.9873653142e-13                 	9.9999858972e-01                 	3.1922340340e-01                 
2.2492900000e+00	4.4272532270e+00	2.0524630982e-07                 	2.0524605070e-07                 	2.5912636969e-13                 	9.9999873749e-01                 	3.7321104159e-01                 
2.3254200000e+00	4.2823130493e+00	2.0870325285e-07                 	2.0870305978e-07                 	1.9307721592e-13                 	9.9999907487e-01                 	4.9565538991e-01                 
2.5000000000e+00	3.9832705644e+00	2.9141571419e-07                 	2.9141550236e-07                 	2.1183757214e-13                 	9.9999927307e-01                 	5.6616594310e-01                 
2.7000000000e+00	3.6882134856e+00	2.8983889293e-07                 	2.8983868054e-07                 	2.1239126604e-13                 	9.9999926721e-01                 	5.4838618003e-01                 
2.8000000000e+00	3.5564915754e+00	2.9871452928e-07                 	2.9871434831e-07                 	1.8097212333e-13                 	9.9999939416e-01                 	6.1976684182e-01                 
3.0000000000e+00	3.3193921370e+00	3.6167329742e-07                 	3.6167310084e-07                 	1.9658320458e-13                 	9.9999945646e-01                 	6.6578017452e-01                 
3.3033000000e+00	3.0146146009e+00	3.3876519538e-07                 	3.3876499787e-07                 	1.9750349457e-13                 	9.9999941699e-01                 	6.1351362763e-01                 
3.3330000000e+00	2.9877516985e+00	3.3161240720e-07                 	3.3161221861e-07                 	1.8859379090e-13                 	9.9999943128e-01                 	6.1335414414e-01                 
3.4480000000e+00	2.8881022074e+00	3.1955365080e-07                 	3.1955348488e-07                 	1.6591292730e-13                 	9.9999948080e-01                 	6.2543275548e-01                 
3.5000000000e+00	2.8451932603e+00	3.2021677395e-07                 	3.2021661223e-07                 	1.6172038958e-13                 	9.9999949497e-01                 	6.3437194270e-01                 
3.5078000000e+00	2.8388666432e+00	3.2053373473e-07                 	3.2053357338e-07                 	1.6134887726e-13                 	9.9999949662e-01                 	6.3583543113e-01                 
3.5710000000e+00	2.7886240300e+00	3.2462303769e-07                 	3.2462287715e-07                 	1.6054065337e-13                 	9.9999950546e-01                 	6.4724467286e-01                 
3.7040000000e+00	2.6884925516e+00	3.3724078241e-07                 	3.3724061450e-07                 	1.6791195879e-13                 	9.9999950210e-01                 	6.6795877696e-01                 
3.8000000000e+00	2.6205727398e+00	3.4470522549e-07                 	3.4470520080e-07                 	2.4684143954e-14                 	9.9999992839e-01                 	6.7744240633e-01                 
4.0000000000e+00	2.4895441028e+00	3.5006921013e-07                 	3.5006916137e-07                 	4.8761242144e-14                 	9.9999986071e-01                 	6.7501650931e-01                 
4.1670000000e+00	2.3897711570e+00	3.0239452791e-07                 	3.0239443923e-07                 	8.8682438658e-14                 	9.9999970673e-01                 	6.6117049831e-01                 
4.2580000000e+00	2.3386980768e+00	2.8068968376e-07                 	2.8068957349e-07                 	1.1026558955e-13                 	9.9999960716e-01                 	6.4575050682e-01                 
4.3480000000e+00	2.2902889630e+00	2.6269449367e-07                 	2.6269434227e-07                 	1.5139822283e-13                 	9.9999942367e-01                 	6.2915125366e-01                 
4.5000000000e+00	2.2129280913e+00	2.4048811177e-07                 	2.4048789154e-07                 	2.2022972353e-13                 	9.9999908424e-01                 	6.0306811173e-01                 
4.5450000000e+00	2.1910179122e+00	2.3588407977e-07                 	2.3588383246e-07                 	2.4730889661e-13                 	9.9999895157e-01                 	5.9648362385e-01                 
4.7620000000e+00	2.0911752228e+00	2.2130731608e-07                 	2.2130686914e-07                 	4.4694237324e-13                 	9.9999798044e-01                 	5.7450005430e-01                 
5.0000000000e+00	1.9916352822e+00	2.1211521477e-07                 	2.1211431287e-07                 	9.0189961649e-13                 	9.9999574807e-01                 	5.6865230371e-01                 
5.1280000000e+00	1.9419220770e+00	2.0663547572e-07                 	2.0663424294e-07                 	1.2327778353e-12                 	9.9999403405e-01                 	5.7218217175e-01                 
5.2080000000e+00	1.9120922448e+00	2.0236051651e-07                 	2.0235899549e-07                 	1.5210170610e-12                 	9.9999248363e-01                 	5.7612537051e-01                 
5.2630000000e+00	1.8921102814e+00	1.9889045852e-07                 	1.9888870376e-07                 	1.7547623427e-12                 	9.9999117724e-01                 	5.7942912175e-01                 
5.3190000000e+00	1.8721895866e+00	1.9488535007e-07                 	1.9488328599e-07                 	2.0640752019e-12                 	9.9998940877e-01                 	5.8312878906e-01                 
5.3760000000e+00	1.8523393622e+00	1.9031205148e-07                 	1.9030968117e-07                 	2.3703133862e-12                 	9.9998754512e-01                 	5.8709472928e-01                 
5.4350000000e+00	1.8322311704e+00	1.8515660809e-07                 	1.8515393774e-07                 	2.6703534560e-12                 	9.9998557787e-01                 	5.9118055302e-01                 
5.4950000000e+00	1.8122250066e+00	1.7943771327e-07                 	1.7943467699e-07                 	3.0362810973e-12                 	9.9998307891e-01                 	5.9520645780e-01                 
5.5550000000e+00	1.7926510191e+00	1.7328587152e-07                 	1.7328240871e-07                 	3.4628187204e-12                 	9.9998001673e-01                 	5.9893589561e-01                 
5.6180000000e+00	1.7725483110e+00	1.6654448445e-07                 	1.6654054281e-07                 	3.9416446416e-12                 	9.9997633278e-01                 	6.0228978784e-01                 
5.6820000000e+00	1.7525829657e+00	1.5946603785e-07                 	1.5946157285e-07                 	4.4650074731e-12                 	9.9997200026e-01                 	6.0495719216e-01                 
5.7470000000e+00	1.7327608163e+00	1.5217013614e-07                 	1.5216504018e-07                 	5.0959561193e-12                 	9.9996651146e-01                 	6.0673080060e-01                 
5.8140000000e+00	1.7127926404e+00	1.4469630037e-07                 	1.4469062144e-07                 	5.6789362079e-12                 	9.9996075272e-01                 	6.0741506171e-01                 
5.8820000000e+00	1.6929915694e+00	1.3725210111e-07                 	1.3724595759e-07                 	6.1435272421e-12                 	9.9995523910e-01                 	6.0682332565e-01                 
5.9520000000e+00	1.6730807142e+00	1.2981280010e-07                 	1.2980551412e-07                 	7.2859775307e-12                 	9.9994387320e-01                 	6.0479484213e-01                 
6.0240000000e+00	1.6530837336e+00	1.2259435415e-07                 	1.2258666169e-07                 	7.6924576600e-12                 	9.9993725276e-01                 	6.0118188228e-01                 
6.0980000000e+00	1.6330233537e+00	1.1552402514e-07                 	1.1551536265e-07                 	8.6624873822e-12                 	9.9992501571e-01                 	5.9590120863e-01                 
6.1720000000e+00	1.6134440070e+00	1.0894813757e-07                 	1.0893858919e-07                 	9.5483846946e-12                 	9.9991235844e-01                 	5.8912923205e-01                 
6.2500000000e+00	1.5933082258e+00	1.0250295785e-07                 	1.0249245001e-07                 	1.0507837325e-11                 	9.9989748747e-01                 	5.8051924645e-01                 
6.3290000000e+00	1.5734201945e+00	9.6537353707e-08                 	9.6525200994e-08                 	1.2152713835e-11                 	9.9987411387e-01                 	5.7049147535e-01                 
6.4100000000e+00	1.5535376616e+00	9.0870265691e-08                 	9.0856988276e-08                 	1.3277414720e-11                 	9.9985388604e-01                 	5.5901997145e-01                 
6.4940000000e+00	1.5334426257e+00	8.5498857653e-08                 	8.5484055620e-08                 	1.4802033306e-11                 	9.9982687449e-01                 	5.4615206903e-01                 
6.5790000000e+00	1.5136307054e+00	8.0532714378e-08                 	8.0516512110e-08                 	1.6202268105e-11                 	9.9979881135e-01                 	5.3239553403e-01                 
6.6670000000e+00	1.4936517791e+00	7.5805435702e-08                 	7.5783708210e-08                 	2.1727491898e-11                 	9.9971337818e-01                 	5.1761356419e-01                 
6.7570000000e+00	1.4737570536e+00	6.9275352298e-08                 	6.9251117444e-08                 	2.4234854160e-11                 	9.9965016628e-01                 	4.9946704510e-01                 
6.8490000000e+00	1.4539606382e+00	6.7181713351e-08                 	6.7159441027e-08                 	2.2272323404e-11                 	9.9966847640e-01                 	4.8635467086e-01                 
6.9440000000e+00	1.4340691836e+00	6.3142862173e-08                 	6.3113262428e-08                 	2.9599744589e-11                 	9.9953122580e-01                 	4.7003668856e-01                 
7.0420000000e+00	1.4141119584e+00	5.9480790702e-08                 	5.9448554074e-08                 	3.2236628173e-11                 	9.9945803296e-01                 	4.5380048541e-01                 
7.1430000000e+00	1.3941168152e+00	5.5809979271e-08                 	5.5776059511e-08                 	3.3919760207e-11                 	9.9939222769e-01                 	4.3726104622e-01                 
7.2460000000e+00	1.3742998083e+00	5.2168956358e-08                 	5.2133438637e-08                 	3.5517720723e-11                 	9.9931917901e-01                 	4.2072943974e-01                 
7.3520000000e+00	1.3544853660e+00	4.8923664030e-08                 	4.8885541058e-08                 	3.8122971245e-11                 	9.9922076623e-01                 	4.0481230151e-01                 
7.4630000000e+00	1.3343395968e+00	4.5635354317e-08                 	4.5594104927e-08                 	4.1249390030e-11                 	9.9909610891e-01                 	3.8873910677e-01                 
7.5760000000e+00	1.3144372243e+00	4.2378877009e-08                 	4.2333304013e-08                 	4.5572995603e-11                 	9.9892462947e-01                 	3.7301614446e-01                 
7.6920000000e+00	1.2946147180e+00	3.9465243760e-08                 	3.9413197998e-08                 	5.2045762041e-11                 	9.9868122537e-01                 	3.5809925219e-01                 
7.8120000000e+00	1.2747281632e+00	3.6401231613e-08                 	3.6340836380e-08                 	6.0395232951e-11                 	9.9834084644e-01                 	3.4317701678e-01                 
7.9360000000e+00	1.2548105357e+00	3.3646602965e-08                 	3.3579257329e-08                 	6.7345635937e-11                 	9.9799844174e-01                 	3.2900968806e-01                 
8.0650000000e+00	1.2347397906e+00	3.0774701871e-08                 	3.0698068903e-08                 	7.6632968940e-11                 	9.9750987128e-01                 	3.1489223791e-01                 
8.1970000000e+00	1.2148562170e+00	2.8092178302e-08                 	2.8009775512e-08                 	8.2402790012e-11                 	9.9706669988e-01                 	3.0146371274e-01                 
8.3330000000e+00	1.1950289705e+00	2.5586600280e-08                 	2.5495812362e-08                 	9.0787918056e-11                 	9.9645173970e-01                 	2.8862280520e-01                 
8.4750000000e+00	1.1750060662e+00	2.3020532916e-08                 	2.2927334565e-08                 	9.3198351140e-11                 	9.9595151201e-01                 	2.7590031897e-01                 
8.6210000000e+00	1.1551068798e+00	2.0655317774e-08                 	2.0557353271e-08                 	9.7964503012e-11                 	9.9525717764e-01                 	2.6380187611e-01                 
8.7720000000e+00	1.1352230291e+00	1.8394885217e-08                 	1.8282716064e-08                 	1.1216915220e-10                 	9.9390215536e-01                 	2.5210995269e-01                 
8.9290000000e+00	1.1152622255e+00	1.6264701573e-08                 	1.6112795781e-08                 	1.5190579235e-10                 	9.9066040089e-01                 	2.4078604105e-01                 
9.0910000000e+00	1.0953884513e+00	1.4232841198e-08                 	1.4071858553e-08                 	1.6098264546e-10                 	9.8868935280e-01                 	2.2987979213e-01                 
9.2590000000e+00	1.0755131668e+00	1.2373567011e-08                 	1.2161883708e-08                 	2.1168330288e-10                 	9.8289229753e-01                 	2.1937092329e-01                 
9.4340000000e+00	1.0555624773e+00	1.0592471103e-08                 	1.0332239347e-08                 	2.6023175606e-10                 	9.7543238461e-01                 	2.0911111581e-01                 
9.5240000000e+00	1.0455876114e+00	9.8163362141e-09                 	9.4972655917e-09                 	3.1907062241e-10                 	9.6749595618e-01                 	2.0416787597e-01                 
9.6150000000e+00	1.0356917744e+00	9.0379006381e-09                 	8.6640050484e-09                 	3.7389558976e-10                 	9.5863026108e-01                 	1.9928381246e-01                 
9.7090000000e+00	1.0256644774e+00	8.3301882804e-09                 	7.8820970657e-09                 	4.4809121468e-10                 	9.4620875308e-01                 	1.9446474623e-01                 
9.8040000000e+00	1.0157258681e+00	7.6709120228e-09                 	7.1093704021e-09                 	5.6154162076e-10                 	9.2679597692e-01                 	1.8972720381e-01                 
9.9010000000e+00	1.0057748117e+00	7.0786063410e-09                 	6.3932531894e-09                 	6.8535315166e-10                 	9.0317964884e-01                 	1.8509654621e-01                 
1.0000000000e+01	9.9581764111e-01	6.3657738948e-09                 	5.6942486136e-09                 	6.7152528123e-10                 	8.9451003251e-01                 	1.8046125713e-01                 
1.0100000000e+01	9.8595806050e-01	6.0851547070e-09                 	5.0483962568e-09                 	1.0367584502e-09                 	8.2962496434e-01                 	1.7607562728e-01                 
1.0200000000e+01	9.7629180501e-01	5.5466520700e-09                 	4.4304648549e-09                 	1.1161872151e-09                 	7.9876379462e-01                 	1.7171978535e-01                 
1.0310000000e+01	9.6587550059e-01	4.7499028095e-09                 	3.8294913646e-09                 	9.2041144492e-10                 	8.0622520464e-01                 	1.6706802971e-01                 
1.0420000000e+01	9.5567911814e-01	4.0414993971e-09                 	3.2903329080e-09                 	7.5116648908e-10                 	8.1413668164e-01                 	1.6261777457e-01                 
1.0530000000e+01	9.4569576553e-01	3.4917026622e-09                 	2.7823231922e-09                 	7.0937947000e-10                 	7.9683852303e-01                 	1.5832799878e-01                 
1.0640000000e+01	9.3591883563e-01	3.0929491289e-09                 	2.3317731245e-09                 	7.6117600437e-10                 	7.5389960434e-01                 	1.5423365533e-01                 
1.0750000000e+01	9.2634199173e-01	2.8028889519e-09                 	1.8742673988e-09                 	9.2862155312e-10                 	6.6869127923e-01                 	1.5018706225e-01                 
1.0870000000e+01	9.1611558519e-01	2.6727096106e-09                 	1.4928455601e-09                 	1.1798640505e-09                 	5.5855134962e-01                 	1.4609044116e-01                 
1.0990000000e+01	9.0611250328e-01	2.6703223374e-09                 	1.1375558854e-09                 	1.5327664520e-09                 	4.2599946435e-01                 	1.4210102246e-01                 
1.1110000000e+01	8.9632550955e-01	2.8026237190e-09                 	8.3004662608e-10                 	1.9725770929e-09                 	2.9616770188e-01                 	1.3825616441e-01                 
1.1240000000e+01	8.8595875543e-01	3.1740329401e-09                 	5.7045772805e-10                 	2.6035752120e-09                 	1.7972646750e-01                 	1.3432267830e-01                 
1.1360000000e+01	8.7660003618e-01	3.3835590396e-09                 	3.5450315765e-10                 	3.0290558819e-09                 	1.0477226894e-01                 	1.3069371703e-01                 
1.1490000000e+01	8.6668202011e-01	3.7936215071e-09                 	1.9324803554e-10                 	3.6003734715e-09                 	5.0940251994e-02                 	1.2698264908e-01                 
1.1630000000e+01	8.5624904652e-01	4.1026142843e-09                 	8.2326650695e-11                 	4.0202876336e-09                 	2.0066875653e-02                 	1.2313596312e-01                 
1.1700000000e+01	8.5112618898e-01	4.1363724792e-09                 	4.6257050453e-11                 	4.0901154287e-09                 	1.1182999279e-02                 	1.2123314723e-01                 
1.1760000000e+01	8.4678370842e-01	4.0458323532e-09                 	2.4741271741e-11                 	4.0210910815e-09                 	6.1152488736e-03                 	1.1956723570e-01                 
1.1900000000e+01	8.3682154715e-01	3.5900618198e-09                 	2.5678190213e-11                 	3.5643836296e-09                 	7.1525760563e-03                 	1.1583002107e-01                 
1.2050000000e+01	8.2640468142e-01	3.0084128655e-09                 	9.4969097211e-11                 	2.9134437683e-09                 	3.1567840405e-02                 	1.1202227831e-01                 
1.2200000000e+01	8.1624396812e-01	2.6909617513e-09                 	2.4270398730e-10                 	2.4482577640e-09                 	9.0192284294e-02                 	1.0837983742e-01                 
1.2270000000e+01	8.1158731956e-01	2.7060610648e-09                 	3.5416450021e-10                 	2.3518965646e-09                 	1.3087823657e-01                 	1.0670137415e-01                 
1.2350000000e+01	8.0633007377e-01	2.8503927397e-09                 	4.8260233495e-10                 	2.3677904047e-09                 	1.6931082101e-01                 	1.0490748752e-01                 
1.2500000000e+01	7.9665411288e-01	3.4480821480e-09                 	8.2322892873e-10                 	2.6248532193e-09                 	2.3874980160e-01                 	1.0160322042e-01                 
1.2660000000e+01	7.8658581446e-01	4.8462548884e-09                 	1.2796208512e-09                 	3.5666340372e-09                 	2.6404324177e-01                 	9.8329083250e-02                 
1.2820000000e+01	7.7676883082e-01	6.1282795753e-09                 	1.8787626167e-09                 	4.2495169586e-09                 	3.0657260225e-01                 	9.5150258857e-02                 
1.2990000000e+01	7.6660326490e-01	7.3166073503e-09                 	2.6318462557e-09                 	4.6847610946e-09                 	3.5970855476e-01                 	9.1938840589e-02                 
1.3330000000e+01	7.4704999333e-01	9.8915269583e-09                 	4.6248359246e-09                 	5.2666910337e-09                 	4.6755530709e-01                 	8.6018749502e-02                 
1.3510000000e+01	7.3709669956e-01	1.4291062133e-08                 	6.0506503661e-09                 	8.2404117672e-09                 	4.2338703098e-01                 	8.3357204982e-02                 
1.3700000000e+01	7.2687419059e-01	1.8707441414e-08                 	7.6811700403e-09                 	1.1026271374e-08                 	4.1059436565e-01                 	8.0755910918e-02                 
1.3890000000e+01	7.1693134709e-01	2.2466835804e-08                 	9.8733946217e-09                 	1.2593441182e-08                 	4.3946529489e-01                 	7.8283909971e-02                 
1.4080000000e+01	7.0725684738e-01	3.0901952669e-08                 	1.2828206461e-08                 	1.8073746208e-08                 	4.1512607953e-01                 	7.6340292330e-02                 
1.4290000000e+01	6.9686328979e-01	3.9011296914e-08                 	1.6098815005e-08                 	2.2912481910e-08                 	4.1267059232e-01                 	7.4456406314e-02                 
1.4490000000e+01	6.8724474886e-01	4.8921405772e-08                 	1.9831599789e-08                 	2.9089805983e-08                 	4.0537673593e-01                 	7.3107152660e-02                 
1.4710000000e+01	6.7696644535e-01	6.1563110777e-08                 	2.4813806780e-08                 	3.6749303997e-08                 	4.0306291327e-01                 	7.2167341289e-02                 
1.4930000000e+01	6.6699105231e-01	7.8837233148e-08                 	3.1130781509e-08                 	4.7706451639e-08                 	3.9487410030e-01                 	7.2025794977e-02                 
1.5150000000e+01	6.5730537367e-01	1.0007733985e-07                 	3.8098876866e-08                 	6.1978462982e-08                 	3.8069434024e-01                 	7.2343683811e-02                 
1.5380000000e+01	6.4747570943e-01	1.2392966303e-07                 	4.7245038874e-08                 	7.6684624151e-08                 	3.8122462146e-01                 	7.3521133843e-02                 
1.5630000000e+01	6.3711941210e-01	1.4711822433e-07                 	5.6632160867e-08                 	9.0486063462e-08                 	3.8494320554e-01                 	7.4651663037e-02                 
1.5870000000e+01	6.2748433592e-01	1.8745420332e-07                 	7.5817501147e-08                 	1.1163670218e-07                 	4.0445879475e-01                 	7.9175753965e-02                 
1.6130000000e+01	6.1736989529e-01	2.5821909338e-07                 	1.0976697392e-07                 	1.4845211945e-07                 	4.2509239921e-01                 	7.1018124092e-02                 
1.6390000000e+01	6.0757635211e-01	3.2794706518e-07                 	1.6064710476e-07                 	1.6729996042e-07                 	4.8985681475e-01                 	1.7104946557e-02                 
1.6670000000e+01	5.9737111044e-01	4.4491693588e-07                 	2.5723220748e-07                 	1.8768472840e-07                 	5.7815782394e-01                 	-1.0230709046e-03                
1.6950000000e+01	5.8750303310e-01	6.9343618139e-07                 	4.4581885577e-07                 	2.4761732563e-07                 	6.4291259633e-01                 	3.1478808969e-04                 
1.7240000000e+01	5.7762044148e-01	9.3707591019e-07                 	6.1990668209e-07                 	3.1716922809e-07                 	6.6153304695e-01                 	2.0321538615e-03                 
1.7540000000e+01	5.6774095844e-01	8.8694284453e-07                 	6.0465663591e-07                 	2.8228620862e-07                 	6.8173122951e-01                 	1.8215282087e-03                 
1.7860000000e+01	5.5756866803e-01	5.9991695565e-07                 	4.1670254736e-07                 	1.8321440828e-07                 	6.9460038334e-01                 	4.6494007369e-04                 
1.8180000000e+01	5.4775447806e-01	3.6721518856e-07                 	2.6108147637e-07                 	1.0613371219e-07                 	7.1097679099e-01                 	-1.7985329689e-03                
1.8520000000e+01	5.3769851032e-01	2.3617967387e-07                 	1.7080326623e-07                 	6.5376407639e-08                 	7.2319206574e-01                 	-4.5166607201e-03                
1.8870000000e+01	5.2772530000e-01	1.5577422044e-07                 	1.1494330661e-07                 	4.0830913835e-08                 	7.3788401111e-01                 	-7.9620985887e-03                
1.9230000000e+01	5.1784588721e-01	1.0899091052e-07                 	8.1594275706e-08                 	2.7396634813e-08                 	7.4863376512e-01                 	-1.1834310559e-02                
1.9610000000e+01	5.0781113774e-01	7.9852573636e-08                 	6.0484640227e-08                 	1.9367933409e-08                 	7.5745386119e-01                 	-1.6060188602e-02                
2.0000000000e+01	4.9790882055e-01	5.9760672010e-08                 	4.5778117485e-08                 	1.3982554525e-08                 	7.6602414172e-01                 	-2.1116886959e-02                
2.0410000000e+01	4.8790673254e-01	4.6220053196e-08                 	3.5636807151e-08                 	1.0583246046e-08                 	7.7102479738e-01                 	-2.6698305059e-02                
2.0830000000e+01	4.7806895876e-01	3.6553398566e-08                 	2.8360333395e-08                 	8.1930651705e-09                 	7.7586037162e-01                 	-3.3047254125e-02                
2.1280000000e+01	4.6795941781e-01	2.9418456323e-08                 	2.2868185756e-08                 	6.5502705668e-09                 	7.7734145888e-01                 	-4.0354220874e-02                
2.1740000000e+01	4.5805779260e-01	2.4009282035e-08                 	1.8689765772e-08                 	5.3195162627e-09                 	7.7843917803e-01                 	-4.9134984835e-02                
2.2220000000e+01	4.4816275477e-01	1.9946910902e-08                 	1.5408061685e-08                 	4.5388492169e-09                 	7.7245352731e-01                 	-6.0054740992e-02                
2.2730000000e+01	4.3810718922e-01	1.6801586661e-08                 	1.2810526289e-08                 	3.9910603725e-09                 	7.6245931691e-01                 	-7.3644549711e-02                
2.3260000000e+01	4.2812452326e-01	1.4547436130e-08                 	1.0741000427e-08                 	3.8064357036e-09                 	7.3834319192e-01                 	-9.1443745450e-02                
2.3810000000e+01	4.1823504456e-01	1.2863226582e-08                 	9.0736514707e-09                 	3.7895751114e-09                 	7.0539467006e-01                 	-1.1667512399e-01                
2.4390000000e+01	4.0828931575e-01	1.1945943801e-08                 	7.7140728206e-09                 	4.2318709806e-09                 	6.4574829323e-01                 	-1.5652288193e-01                
2.5000000000e+01	3.9832705644e-01	1.4570843910e-08                 	6.6538565921e-09                 	7.9169873183e-09                 	4.5665553986e-01                 	-2.3621902202e-01                
2.5640000000e+01	3.8838441541e-01	3.5732130626e-08                 	5.9638602506e-09                 	2.9768270376e-08                 	1.6690469183e-01                 	-2.6111993745e-01                
2.6320000000e+01	3.7835016759e-01	7.4816601794e-08                 	8.6180326823e-09                 	6.6198569112e-08                 	1.1518877463e-01                 	-3.6819280076e-01                
2.7030000000e+01	3.6841200189e-01	6.7752952357e-08                 	7.1735957329e-09                 	6.0579356625e-08                 	1.0587871795e-01                 	4.1076327673e-01                 
2.7780000000e+01	3.5846567354e-01	1.5730938325e-08                 	3.9755500957e-09                 	1.1755388229e-08                 	2.5272173939e-01                 	3.1613792325e-01                 
2.8570000000e+01	3.4855360207e-01	7.9975885996e-09                 	3.1488352206e-09                 	4.8487533789e-09                 	3.9372308058e-01                 	2.1724791512e-01                 
2.9410000000e+01	3.3859831387e-01	5.4704950204e-09                 	2.6162251774e-09                 	2.8542698430e-09                 	4.7824285876e-01                 	1.5939878329e-01                 
3.0300000000e+01	3.2865268683e-01	4.1973485840e-09                 	2.2156469188e-09                 	1.9817016652e-09                 	5.2786821834e-01                 	1.2691877799e-01                 
3.1250000000e+01	3.1866164515e-01	3.2599779291e-09                 	1.8733708034e-09                 	1.3866071258e-09                 	5.7465751121e-01                 	1.0276769117e-01                 
3.2260000000e+01	3.0868494765e-01	2.8678510379e-09                 	1.5869951335e-09                 	1.2808559044e-09                 	5.5337432541e-01                 	8.5663183578e-02                 
3.3330000000e+01	2.9877516985e-01	2.4520217257e-09                 	1.3528308121e-09                 	1.0991909136e-09                 	5.5172056507e-01                 	7.4197784480e-02                 
3.7040000000e+01	2.6884925516e-01	1.0760717478e-09                 	8.1428662833e-10                 	2.6178511942e-10                 	7.5672150118e-01                 	4.9218341942e-02                 
3.8460000000e+01	2.5892294361e-01	9.2745339898e-10                 	6.8309546046e-10                 	2.4435793852e-10                 	7.3652806838e-01                 	4.3387165775e-02                 
4.0000000000e+01	2.4895441028e-01	8.0005448748e-10                 	5.6992567021e-10                 	2.3012881727e-10                 	7.1235856948e-01                 	3.8321689570e-02                 
4.1670000000e+01	2.3897711570e-01	6.8909136173e-10                 	4.7414638412e-10                 	2.1494497761e-10                 	6.8807477565e-01                 	3.4068942227e-02                 
4.3470000000e+01	2.2908158295e-01	5.8471719583e-10                 	3.9208355031e-10                 	1.9263364552e-10                 	6.7055245357e-01                 	3.0217377566e-02                 
4.5460000000e+01	2.1905359461e-01	4.9445950986e-10                 	3.2163809031e-10                 	1.7282141955e-10                 	6.5048418302e-01                 	2.6801889842e-02                 
4.7620000000e+01	2.0911752228e-01	4.2917903419e-10                 	2.6269593764e-10                 	1.6648309655e-10                 	6.1208940026e-01                 	2.3811938884e-02                 
5.0000000000e+01	1.9916352822e-01	3.7660207756e-10                 	2.1249018729e-10                 	1.6411189027e-10                 	5.6422999222e-01                 	2.1061627649e-02                 
5.2630000000e+01	1.8921102814e-01	3.2980925086e-10                 	1.7060507667e-10                 	1.5920417419e-10                 	5.1728408535e-01                 	1.8626985331e-02                 
5.5560000000e+01	1.7923283677e-01	2.9932369748e-10                 	1.3537010065e-10                 	1.6395359684e-10                 	4.5225320208e-01                 	1.6381125497e-02                 
5.8820000000e+01	1.6929915694e-01	2.7525784403e-10                 	1.0650118818e-10                 	1.6875665585e-10                 	3.8691427145e-01                 	1.4393800883e-02                 
6.2500000000e+01	1.5933082258e-01	2.3726618492e-10                 	8.2565776866e-11                 	1.5470040805e-10                 	3.4798796506e-01                 	1.2557094210e-02                 
6.6670000000e+01	1.4936517791e-01	2.2987613448e-10                 	6.3018042505e-11                 	1.6685809198e-10                 	2.7413912561e-01                 	1.0870888390e-02                 
7.1430000000e+01	1.3941168152e-01	2.1556071691e-10                 	4.7262025563e-11                 	1.6829869134e-10                 	2.1925156977e-01                 	9.3302818335e-03                 
7.6920000000e+01	1.2946147180e-01	1.9943862574e-10                 	3.4843428270e-11                 	1.6459519747e-10                 	1.7470752288e-01                 	7.9648415452e-03                 
8.3330000000e+01	1.1950289705e-01	1.9027943475e-10                 	2.5081364228e-11                 	1.6519807052e-10                 	1.3181332109e-01                 	6.7187936759e-03                 
9.0910000000e+01	1.0953884513e-01	1.9226137110e-10                 	1.7556188784e-11                 	1.7470518232e-10                 	9.1314176547e-02                 	5.5890799829e-03                 
9.5240000000e+01	1.0455876114e-01	2.1137824617e-10                 	1.4514294094e-11                 	1.9686395208e-10                 	6.8665032268e-02                 	5.0671053002e-03                 
1.0000000000e+02	9.9581764111e-02	1.5923702583e-10                 	1.1890138186e-11                 	1.4734688764e-10                 	7.4669431458e-02                 	4.5738860890e-03                 
1.0520000000e+02	9.4659471588e-02	1.0231448383e-10                 	9.6993105568e-12                 	9.2615173271e-11                 	9.4798998089e-02                 	4.1320846860e-03                 
1.1110000000e+02	8.9632550955e-02	6.2272022809e-11                 	7.7644527668e-12                 	5.4507570042e-11                 	1.2468605349e-01                 	3.6868805336e-03                 
1.1760000000e+02	8.4678370842e-02	2.8133799352e-11                 	6.1591698759e-12                 	2.1974629476e-11                 	2.1892421279e-01                 	3.2746282410e-03                 
1.2500000000e+02	7.9665411288e-02	2.0811580886e-11                 	4.8185951079e-12                 	1.5992985778e-11                 	2.3153431420e-01                 	2.8951121732e-03                 
1.3330000000e+02	7.4704999333e-02	1.5928978263e-11                 	3.7158964201e-12                 	1.2213081843e-11                 	2.3327901883e-01                 	2.5382362421e-03                 
1.4290000000e+02	6.9686328979e-02	1.2814324016e-11                 	2.8069972116e-12                 	1.0007326804e-11                 	2.1905152454e-01                 	2.2031409930e-03                 
1.5380000000e+02	6.4747570943e-02	1.0667179415e-11                 	2.0871360058e-12                 	8.5800434095e-12                 	1.9565959515e-01                 	1.8972109481e-03                 
1.6670000000e+02	5.9737111044e-02	8.5593983639e-12                 	1.5088636972e-12                 	7.0505346668e-12                 	1.7628151338e-01                 	1.6109554461e-03                 
1.8180000000e+02	5.4775447806e-02	6.9144629597e-12                 	1.0646426888e-12                 	5.8498202709e-12                 	1.5397330133e-01                 	1.3517669988e-03                 
2.0000000000e+02	4.9790882055e-02	5.5250340137e-12                 	7.2553919427e-13                 	4.7994948195e-12                 	1.3131850274e-01                 	1.1147299671e-03                 
2.2220000000e+02	4.4816275477e-02	4.2686259668e-12                 	4.7552889651e-13                 	3.7930970702e-12                 	1.1140092859e-01                 	9.0175644062e-04                 
2.5000000000e+02	3.9832705644e-02	3.3169600811e-12                 	2.9633385583e-13                 	3.0206262253e-12                 	8.9338987681e-02                 	7.1129560727e-04                 
2.8570000000e+02	3.4855360207e-02	2.4059762154e-12                 	1.7350212356e-13                 	2.2324740919e-12                 	7.2112983681e-02                 	5.4383550292e-04                 
3.3330000000e+02	2.9877516985e-02	1.6279960667e-12                 	9.3579597254e-14                 	1.5344164694e-12                 	5.7481463973e-02                 	3.9919256991e-04                 
4.0000000000e+02	2.4895441028e-02	1.0813801062e-12                 	4.5068773494e-14                 	1.0363113327e-12                 	4.1677087672e-02                 	2.7688725100e-04                 
5.0000000000e+02	1.9916352822e-02	6.3655354675e-13                 	1.8443598780e-14                 	6.1810994797e-13                 	2.8974151309e-02                 	1.7703437125e-04                 
6.2500000000e+02	1.5933082258e-02	4.0057576109e-13                 	7.5509162327e-15                 	3.9302484485e-13                 	1.8850157614e-02                 	1.1324577657e-04                 
