#wavelengths (mu)	size parameter  	extinction cross section (cm^2)  	scattering cross section (cm^2)  	absorption cross section (cm^2)  	single scattering albedo         	asymmetry parameter              
1.6530000000e-02	3.8010800406e+03	6.3021531316e-06                 	3.3126147618e-06                 	2.9895383698e-06                 	5.2563222324e-01                 	9.9133867059e-01                 
1.6750000000e-02	3.7511554073e+03	6.3022811674e-06                 	3.3105353538e-06                 	2.9917458137e-06                 	5.2529159931e-01                 	9.9149054827e-01                 
1.6980000000e-02	3.7003447039e+03	6.3023547858e-06                 	3.3058402875e-06                 	2.9965144983e-06                 	5.2454049318e-01                 	9.9187252790e-01                 
1.7220000000e-02	3.6487719554e+03	6.3025011518e-06                 	3.3059563507e-06                 	2.9965448011e-06                 	5.2454672693e-01                 	9.9187254751e-01                 
1.7710000000e-02	3.5478177906e+03	6.3030727047e-06                 	3.3129965067e-06                 	2.9900761980e-06                 	5.2561610217e-01                 	9.9113788185e-01                 
1.8230000000e-02	3.4466183802e+03	6.3035402137e-06                 	3.3148684851e-06                 	2.9886717286e-06                 	5.2587409182e-01                 	9.9086308415e-01                 
1.8790000000e-02	3.3438985137e+03	6.3038025097e-06                 	3.3028143522e-06                 	3.0009881575e-06                 	5.2394001036e-01                 	9.9177657532e-01                 
1.9070000000e-02	3.2948008952e+03	6.3037913890e-06                 	3.2934297448e-06                 	3.0103616442e-06                 	5.2245221036e-01                 	9.9255994138e-01                 
1.9370000000e-02	3.2437714544e+03	6.3033657028e-06                 	3.2833330611e-06                 	3.0200326417e-06                 	5.2088570074e-01                 	9.9363216411e-01                 
1.9680000000e-02	3.1926754610e+03	6.3034566348e-06                 	3.2807929560e-06                 	3.0226636788e-06                 	5.2047521639e-01                 	9.9383849916e-01                 
2.0000000000e-02	3.1415926536e+03	6.3037308171e-06                 	3.2917011091e-06                 	3.0120297080e-06                 	5.2218300631e-01                 	9.9313367713e-01                 
2.0330000000e-02	3.0905977901e+03	6.3042270149e-06                 	3.3154447933e-06                 	2.9887822216e-06                 	5.2590821769e-01                 	9.9143205455e-01                 
2.0660000000e-02	3.0412319977e+03	6.3048351263e-06                 	3.3457870220e-06                 	2.9590481043e-06                 	5.3067002626e-01                 	9.8901591296e-01                 
2.1010000000e-02	2.9905689230e+03	6.3057130090e-06                 	3.3796609563e-06                 	2.9260520527e-06                 	5.3596808980e-01                 	9.8564096526e-01                 
2.1380000000e-02	2.9388144561e+03	6.3070889288e-06                 	3.3856696406e-06                 	2.9214192881e-06                 	5.3680385339e-01                 	9.8302249267e-01                 
2.1750000000e-02	2.8888208309e+03	6.3074532178e-06                 	3.3411365148e-06                 	2.9663167030e-06                 	5.2971245278e-01                 	9.8680138132e-01                 
2.2140000000e-02	2.8379337431e+03	6.3072892482e-06                 	3.3176336914e-06                 	2.9896555567e-06                 	5.2599992816e-01                 	9.8934550288e-01                 
2.2540000000e-02	2.7875711212e+03	6.3075343772e-06                 	3.3178047000e-06                 	2.9897296773e-06                 	5.2600659807e-01                 	9.8934552247e-01                 
2.2750000000e-02	2.7618396955e+03	6.3076266373e-06                 	3.3156902349e-06                 	2.9919364024e-06                 	5.2566368074e-01                 	9.8956437051e-01                 
2.2960000000e-02	2.7365789665e+03	6.3078549460e-06                 	3.3162137133e-06                 	2.9916412326e-06                 	5.2572764303e-01                 	9.8942987276e-01                 
2.3390000000e-02	2.6862699047e+03	6.3083731426e-06                 	3.3083883760e-06                 	2.9999847667e-06                 	5.2444398915e-01                 	9.8987817577e-01                 
2.3840000000e-02	2.6355643067e+03	6.3081297606e-06                 	3.2833630058e-06                 	3.0247667548e-06                 	5.2049706179e-01                 	9.9234178453e-01                 
2.4070000000e-02	2.6103802689e+03	6.3074262187e-06                 	3.2753230876e-06                 	3.0321031311e-06                 	5.1928044404e-01                 	9.9340108958e-01                 
2.4310000000e-02	2.5846093407e+03	6.3071555756e-06                 	3.2841500864e-06                 	3.0230054892e-06                 	5.2070224795e-01                 	9.9299949737e-01                 
2.4800000000e-02	2.5335424626e+03	6.3076715282e-06                 	3.3024956050e-06                 	3.0051759233e-06                 	5.2356810119e-01                 	9.9156885351e-01                 
2.5300000000e-02	2.4834724534e+03	6.3078550177e-06                 	3.3068946062e-06                 	3.0009604115e-06                 	5.2425025575e-01                 	9.9132645465e-01                 
2.5830000000e-02	2.4325146369e+03	6.3082603979e-06                 	3.3173617494e-06                 	2.9908986485e-06                 	5.2587584217e-01                 	9.9049641449e-01                 
2.6380000000e-02	2.3817988276e+03	6.3084979350e-06                 	3.3263381044e-06                 	2.9821598307e-06                 	5.2727894003e-01                 	9.8990650489e-01                 
2.6950000000e-02	2.3314231195e+03	6.3092078166e-06                 	3.3437429881e-06                 	2.9654648285e-06                 	5.2997826119e-01                 	9.8825753714e-01                 
2.7550000000e-02	2.2806480244e+03	6.3094298160e-06                 	3.3491962965e-06                 	2.9602335195e-06                 	5.3082392453e-01                 	9.8795807359e-01                 
2.8180000000e-02	2.2296612162e+03	6.3102064554e-06                 	3.3732941796e-06                 	2.9369122758e-06                 	5.3457746643e-01                 	9.8561868317e-01                 
2.8830000000e-02	2.1793913657e+03	6.3110412446e-06                 	3.3852092693e-06                 	2.9258319753e-06                 	5.3639473078e-01                 	9.8402480371e-01                 
2.9520000000e-02	2.1284503073e+03	6.3115707142e-06                 	3.3907671859e-06                 	2.9208035283e-06                 	5.3723032497e-01                 	9.8335455058e-01                 
3.0240000000e-02	2.0777729190e+03	6.3123316870e-06                 	3.4060116036e-06                 	2.9063200834e-06                 	5.3958058171e-01                 	9.8149640953e-01                 
3.1000000000e-02	2.0268339701e+03	6.3131881133e-06                 	3.4159510386e-06                 	2.8972370747e-06                 	5.4108177633e-01                 	9.7989621902e-01                 
3.1790000000e-02	1.9764659664e+03	6.3138526437e-06                 	3.4167327108e-06                 	2.8971199329e-06                 	5.4114863042e-01                 	9.7946003621e-01                 
3.2630000000e-02	1.9255854450e+03	6.3144755898e-06                 	3.4207222241e-06                 	2.8937533657e-06                 	5.4172704850e-01                 	9.7883163872e-01                 
3.3510000000e-02	1.8750179968e+03	6.3151672179e-06                 	3.4289083278e-06                 	2.8862588901e-06                 	5.4296398012e-01                 	9.7769722127e-01                 
3.4440000000e-02	1.8243859777e+03	6.3157653571e-06                 	3.4357752364e-06                 	2.8799901207e-06                 	5.4399982301e-01                 	9.7688429465e-01                 
3.4930000000e-02	1.7987933888e+03	6.3161836772e-06                 	3.4485859621e-06                 	2.8675977151e-06                 	5.4599203227e-01                 	9.7532920574e-01                 
3.5420000000e-02	1.7739088953e+03	6.3168414743e-06                 	3.4620906264e-06                 	2.8547508479e-06                 	5.4807305842e-01                 	9.7317113925e-01                 
3.6470000000e-02	1.7228366622e+03	6.3178065064e-06                 	3.4605689397e-06                 	2.8572375667e-06                 	5.4774848457e-01                 	9.7258022366e-01                 
3.7570000000e-02	1.6723942793e+03	6.3185274574e-06                 	3.4530269144e-06                 	2.8655005429e-06                 	5.4649234932e-01                 	9.7322771332e-01                 
3.8750000000e-02	1.6214671760e+03	6.3190461489e-06                 	3.4437454616e-06                 	2.8753006873e-06                 	5.4497868514e-01                 	9.7451891849e-01                 
3.9360000000e-02	1.5963377305e+03	6.3191380718e-06                 	3.4405873839e-06                 	2.8785506879e-06                 	5.4447099348e-01                 	9.7528033093e-01                 
3.9990000000e-02	1.5711891241e+03	6.3191952858e-06                 	3.4439637081e-06                 	2.8752315777e-06                 	5.4500036038e-01                 	9.7539433705e-01                 
4.0650000000e-02	1.5456790424e+03	6.3192474818e-06                 	3.4555180193e-06                 	2.8637294625e-06                 	5.4682429027e-01                 	9.7469990522e-01                 
4.1330000000e-02	1.5202480782e+03	6.3196111185e-06                 	3.4834119080e-06                 	2.8361992105e-06                 	5.5120668704e-01                 	9.7184205827e-01                 
4.2750000000e-02	1.4697509490e+03	6.3206824796e-06                 	3.5406360540e-06                 	2.7800464256e-06                 	5.6016673286e-01                 	9.6520777573e-01                 
4.4280000000e-02	1.4189668715e+03	6.3220151507e-06                 	3.6224847703e-06                 	2.6995303803e-06                 	5.7299526876e-01                 	9.5497439954e-01                 
4.5090000000e-02	1.3934764487e+03	6.3229761981e-06                 	3.6858007497e-06                 	2.6371754484e-06                 	5.8292181312e-01                 	9.4608012518e-01                 
4.5920000000e-02	1.3682894833e+03	6.3240476515e-06                 	3.7489905547e-06                 	2.5750570968e-06                 	5.9281503893e-01                 	9.3614061540e-01                 
4.6790000000e-02	1.3428478964e+03	6.3251907786e-06                 	3.8139435594e-06                 	2.5112472191e-06                 	6.0297684180e-01                 	9.2496022704e-01                 
4.7690000000e-02	1.3175058308e+03	6.3264344416e-06                 	3.8802949519e-06                 	2.4461394897e-06                 	6.1334626759e-01                 	9.1222573385e-01                 
4.8620000000e-02	1.2923046703e+03	6.3277922152e-06                 	3.9365388739e-06                 	2.3912533413e-06                 	6.2210305585e-01                 	8.9922276963e-01                 
4.9590000000e-02	1.2670266802e+03	6.3290953584e-06                 	3.9582770252e-06                 	2.3708183332e-06                 	6.2540960454e-01                 	8.9094890815e-01                 
4.9790000000e-02	1.2619371977e+03	6.3293749261e-06                 	3.9595917857e-06                 	2.3697831404e-06                 	6.2558970388e-01                 	8.8961569750e-01                 
4.9990000000e-02	1.2568884391e+03	6.3296523683e-06                 	3.9565891725e-06                 	2.3730631958e-06                 	6.2508791041e-01                 	8.8895531327e-01                 
5.0610000000e-02	1.2414908728e+03	6.3301329893e-06                 	3.9221279379e-06                 	2.4080050514e-06                 	6.1959645153e-01                 	8.9340903627e-01                 
5.1020000000e-02	1.2315141723e+03	6.3303608443e-06                 	3.9155140441e-06                 	2.4148468002e-06                 	6.1852936040e-01                 	8.9448965261e-01                 
5.1450000000e-02	1.2212216340e+03	6.3307288652e-06                 	3.9335964647e-06                 	2.3971324005e-06                 	6.2134969740e-01                 	8.9096653891e-01                 
5.1660000000e-02	1.2162573185e+03	6.3309305761e-06                 	3.9426147993e-06                 	2.3883157768e-06                 	6.2275438846e-01                 	8.8906438739e-01                 
5.1880000000e-02	1.2110997123e+03	6.3311529168e-06                 	3.9471174340e-06                 	2.3840354828e-06                 	6.2344370542e-01                 	8.8776012963e-01                 
5.2310000000e-02	1.2011441994e+03	6.3314882476e-06                 	3.9496061330e-06                 	2.3818821145e-06                 	6.2380375334e-01                 	8.8682980869e-01                 
5.2760000000e-02	1.1908994138e+03	6.3318334845e-06                 	3.9678010604e-06                 	2.3640324241e-06                 	6.2664330484e-01                 	8.8343963748e-01                 
5.3210000000e-02	1.1808279096e+03	6.3322363254e-06                 	3.9929521536e-06                 	2.3392841718e-06                 	6.3057535259e-01                 	8.7854780994e-01                 
5.3910000000e-02	1.1654953269e+03	6.3329451777e-06                 	4.0437853175e-06                 	2.2891598602e-06                 	6.3853155270e-01                 	8.6840639824e-01                 
5.4620000000e-02	1.1503451679e+03	6.3336931716e-06                 	4.1002213077e-06                 	2.2334718639e-06                 	6.4736658323e-01                 	8.5694106116e-01                 
5.5100000000e-02	1.1403240122e+03	6.3342863207e-06                 	4.1553216443e-06                 	2.1789646764e-06                 	6.5600470739e-01                 	8.4565718033e-01                 
5.5850000000e-02	1.1250107981e+03	6.3353393156e-06                 	4.2448647737e-06                 	2.0904745419e-06                 	6.7002958519e-01                 	8.2625353409e-01                 
5.6360000000e-02	1.1148306081e+03	6.3361560969e-06                 	4.3045607878e-06                 	2.0315953092e-06                 	6.7936470029e-01                 	8.1243701475e-01                 
5.6870000000e-02	1.1048330064e+03	6.3369773008e-06                 	4.3385408694e-06                 	1.9984364314e-06                 	6.8463885279e-01                 	8.0308209317e-01                 
5.7400000000e-02	1.0946315866e+03	6.3372609942e-06                 	4.3447938555e-06                 	1.9924671387e-06                 	6.8559490598e-01                 	8.0229911447e-01                 
5.7670000000e-02	1.0895067292e+03	6.3382398852e-06                 	4.3695673631e-06                 	1.9686725220e-06                 	6.8939759969e-01                 	7.9285909846e-01                 
5.7940000000e-02	1.0844296353e+03	6.3386891418e-06                 	4.3752322473e-06                 	1.9634568944e-06                 	6.9024243806e-01                 	7.9023815129e-01                 
5.8210000000e-02	1.0793996405e+03	6.3391354347e-06                 	4.3717504675e-06                 	1.9673849672e-06                 	6.8964459152e-01                 	7.8930186987e-01                 
5.8480000000e-02	1.0744160922e+03	6.3395712926e-06                 	4.3572189182e-06                 	1.9823523744e-06                 	6.8730497964e-01                 	7.9042930397e-01                 
5.8760000000e-02	1.0692963423e+03	6.3399871799e-06                 	4.3373240220e-06                 	2.0026631580e-06                 	6.8412189156e-01                 	7.9271081676e-01                 
5.9040000000e-02	1.0642251537e+03	6.3403986521e-06                 	4.3081823244e-06                 	2.0322163277e-06                 	6.7948130091e-01                 	7.9671968151e-01                 
5.9320000000e-02	1.0592018387e+03	6.3406501472e-06                 	4.2563425899e-06                 	2.0843075572e-06                 	6.7127857414e-01                 	8.0562044977e-01                 
5.9610000000e-02	1.0540488688e+03	6.3408045871e-06                 	4.2186722294e-06                 	2.1221323577e-06                 	6.6532128083e-01                 	8.1254410495e-01                 
5.9900000000e-02	1.0489457942e+03	6.3410243228e-06                 	4.1984080046e-06                 	2.1426163182e-06                 	6.6210249178e-01                 	8.1605394495e-01                 
6.0190000000e-02	1.0438918935e+03	6.3410687441e-06                 	4.1614358095e-06                 	2.1796329346e-06                 	6.5626725990e-01                 	8.2341020528e-01                 
6.0480000000e-02	1.0388864595e+03	6.3411800394e-06                 	4.1614835817e-06                 	2.1796964577e-06                 	6.5626327526e-01                 	8.2375080873e-01                 
6.0780000000e-02	1.0337586882e+03	6.3413645593e-06                 	4.1679145077e-06                 	2.1734500516e-06                 	6.5725830280e-01                 	8.2262563910e-01                 
6.1080000000e-02	1.0286812880e+03	6.3415815765e-06                 	4.1831525811e-06                 	2.1584289954e-06                 	6.5963869275e-01                 	8.1975875193e-01                 
6.1380000000e-02	1.0236535202e+03	6.3418661005e-06                 	4.2065557073e-06                 	2.1353103932e-06                 	6.6329935710e-01                 	8.1511747343e-01                 
6.1990000000e-02	1.0135804657e+03	6.3426410097e-06                 	4.2667572497e-06                 	2.0758837600e-06                 	6.7270987640e-01                 	8.0259922658e-01                 
6.2300000000e-02	1.0085369674e+03	6.3432043386e-06                 	4.3059655784e-06                 	2.0372387602e-06                 	6.7883128913e-01                 	7.9403432928e-01                 
6.2620000000e-02	1.0033831535e+03	6.3437788793e-06                 	4.3174734666e-06                 	2.0263054126e-06                 	6.8058385212e-01                 	7.9046030333e-01                 
6.2940000000e-02	9.9828174566e+02	6.3442840722e-06                 	4.3132129095e-06                 	2.0310711627e-06                 	6.7985809910e-01                 	7.9002825454e-01                 
6.3260000000e-02	9.9323194865e+02	6.3447608477e-06                 	4.3064524532e-06                 	2.0383083945e-06                 	6.7874149343e-01                 	7.9019303052e-01                 
6.3580000000e-02	9.8823298320e+02	6.3452119358e-06                 	4.2942859702e-06                 	2.0509259656e-06                 	6.7677581358e-01                 	7.9145298993e-01                 
6.3910000000e-02	9.8313023113e+02	6.3456543021e-06                 	4.2793549668e-06                 	2.0662993353e-06                 	6.7437568501e-01                 	7.9329489150e-01                 
6.4240000000e-02	9.7807990460e+02	6.3461092087e-06                 	4.2586270956e-06                 	2.0874821131e-06                 	6.7106111092e-01                 	7.9616039000e-01                 
6.4580000000e-02	9.7293052140e+02	6.3462556266e-06                 	4.2080359780e-06                 	2.1382196486e-06                 	6.6307382267e-01                 	8.0561327850e-01                 
6.4910000000e-02	9.6798417920e+02	6.3465929005e-06                 	4.2133810462e-06                 	2.1332118543e-06                 	6.6388078017e-01                 	8.0422834062e-01                 
6.5080000000e-02	9.6545564032e+02	6.3467242595e-06                 	4.1997621074e-06                 	2.1469621522e-06                 	6.6172121801e-01                 	8.0664498039e-01                 
6.5250000000e-02	9.6294027696e+02	6.3468452551e-06                 	4.1931349274e-06                 	2.1537103278e-06                 	6.6066443387e-01                 	8.0783055715e-01                 
6.5600000000e-02	9.5780263829e+02	6.3471525923e-06                 	4.1887968981e-06                 	2.1583556942e-06                 	6.5994898298e-01                 	8.0836947824e-01                 
6.5950000000e-02	9.5271953104e+02	6.3474945330e-06                 	4.1863019939e-06                 	2.1611925391e-06                 	6.5952037802e-01                 	8.0845324531e-01                 
6.6300000000e-02	9.4769009158e+02	6.3478605034e-06                 	4.1848237893e-06                 	2.1630367141e-06                 	6.5924948839e-01                 	8.0827268729e-01                 
6.6660000000e-02	9.4257205328e+02	6.3482717761e-06                 	4.1833287451e-06                 	2.1649430311e-06                 	6.5897127479e-01                 	8.0796901161e-01                 
6.7020000000e-02	9.3750899839e+02	6.3486798028e-06                 	4.1784949905e-06                 	2.1701848123e-06                 	6.5816754353e-01                 	8.0829472397e-01                 
6.7570000000e-02	9.2987794986e+02	6.3492485608e-06                 	4.1652528254e-06                 	2.1839957354e-06                 	6.5602295854e-01                 	8.1006229358e-01                 
6.8120000000e-02	9.2237012730e+02	6.3497894209e-06                 	4.1509685144e-06                 	2.1988209065e-06                 	6.5371750766e-01                 	8.1212876499e-01                 
6.8500000000e-02	9.1725332952e+02	6.3501504513e-06                 	4.1441698698e-06                 	2.2059805815e-06                 	6.5260971399e-01                 	8.1304204329e-01                 
6.8880000000e-02	9.1219298885e+02	6.3505333510e-06                 	4.1396204495e-06                 	2.2109129015e-06                 	6.5185398150e-01                 	8.1347437753e-01                 
6.9260000000e-02	9.0718817603e+02	6.3509404361e-06                 	4.1365310979e-06                 	2.2144093382e-06                 	6.5132575869e-01                 	8.1356380357e-01                 
6.9650000000e-02	9.0210844324e+02	6.3514039216e-06                 	4.1352706352e-06                 	2.2161332864e-06                 	6.5107977484e-01                 	8.1316218884e-01                 
7.0050000000e-02	8.9695721730e+02	6.3518877838e-06                 	4.1312183900e-06                 	2.2206693938e-06                 	6.5039221891e-01                 	8.1323489417e-01                 
7.0250000000e-02	8.9440360245e+02	6.3521648164e-06                 	4.1294191820e-06                 	2.2227456344e-06                 	6.5008061052e-01                 	8.1311903707e-01                 
7.0450000000e-02	8.9186448647e+02	6.3524354148e-06                 	4.1231579932e-06                 	2.2292774216e-06                 	6.4906728269e-01                 	8.1384134264e-01                 
7.0850000000e-02	8.8682926001e+02	6.3527365468e-06                 	4.0927533790e-06                 	2.2599831677e-06                 	6.4425045001e-01                 	8.1933889545e-01                 
7.1260000000e-02	8.8172681830e+02	6.3531719466e-06                 	4.0820806610e-06                 	2.2710912856e-06                 	6.4252639395e-01                 	8.2080666615e-01                 
7.1670000000e-02	8.7668275529e+02	6.3535188256e-06                 	4.0545852513e-06                 	2.2989335743e-06                 	6.3816372668e-01                 	8.2565283443e-01                 
7.2080000000e-02	8.7169607480e+02	6.3536101831e-06                 	4.0147343534e-06                 	2.3388758297e-06                 	6.3188238462e-01                 	8.3364418697e-01                 
7.2510000000e-02	8.6652672834e+02	6.3537731177e-06                 	3.9914687656e-06                 	2.3623043521e-06                 	6.2820448443e-01                 	8.3840056404e-01                 
7.2930000000e-02	8.6153644689e+02	6.3538986508e-06                 	3.9687388687e-06                 	2.3851597821e-06                 	6.2461475809e-01                 	8.4317362852e-01                 
7.3150000000e-02	8.5894535983e+02	6.3540680694e-06                 	3.9667205832e-06                 	2.3873474862e-06                 	6.2428046723e-01                 	8.4347931527e-01                 
7.3360000000e-02	8.5648654678e+02	6.3542589350e-06                 	3.9611502780e-06                 	2.3931086570e-06                 	6.2338508999e-01                 	8.4434580839e-01                 
7.3800000000e-02	8.5138012292e+02	6.3544584670e-06                 	3.9338288282e-06                 	2.4206296388e-06                 	6.1906594380e-01                 	8.4976405095e-01                 
7.4240000000e-02	8.4633422780e+02	6.3545512501e-06                 	3.9012948166e-06                 	2.4532564334e-06                 	6.1393710793e-01                 	8.5654207608e-01                 
7.4690000000e-02	8.4123514623e+02	6.3543486620e-06                 	3.8574174305e-06                 	2.4969312315e-06                 	6.0705158556e-01                 	8.6657248193e-01                 
7.5140000000e-02	8.3619713963e+02	6.3544590820e-06                 	3.8418648744e-06                 	2.5125942076e-06                 	6.0459353421e-01                 	8.7017254632e-01                 
7.5600000000e-02	8.3110916762e+02	6.3542905583e-06                 	3.8042030624e-06                 	2.5500874959e-06                 	5.9868257951e-01                 	8.7898169705e-01                 
7.6060000000e-02	8.2608273826e+02	6.3542028880e-06                 	3.7793151278e-06                 	2.5748877602e-06                 	5.9477407229e-01                 	8.8507787853e-01                 
7.6530000000e-02	8.2100944821e+02	6.3537157747e-06                 	3.7392007801e-06                 	2.6145149946e-06                 	5.8850614549e-01                 	8.9541772844e-01                 
7.7010000000e-02	8.1589213182e+02	6.3535491785e-06                 	3.7389682070e-06                 	2.6145809715e-06                 	5.8848497146e-01                 	8.9689223905e-01                 
7.7490000000e-02	8.1083821231e+02	6.3538116406e-06                 	3.7595659367e-06                 	2.5942457039e-06                 	5.9170245349e-01                 	8.9299469410e-01                 
7.7980000000e-02	8.0574317866e+02	6.3540110169e-06                 	3.7662893156e-06                 	2.5877217014e-06                 	5.9274201847e-01                 	8.9200148610e-01                 
7.8470000000e-02	8.0071177612e+02	6.3542605227e-06                 	3.7792500708e-06                 	2.5750104519e-06                 	5.9475843921e-01                 	8.8965003149e-01                 
7.8970000000e-02	7.9564205485e+02	6.3547548238e-06                 	3.8026034348e-06                 	2.5521513890e-06                 	5.9838711960e-01                 	8.8460505581e-01                 
7.9990000000e-02	7.8549635044e+02	6.3554494621e-06                 	3.8171032433e-06                 	2.5383462188e-06                 	6.0060319353e-01                 	8.8163977991e-01                 
8.0510000000e-02	7.8042296698e+02	6.3558915516e-06                 	3.8323539598e-06                 	2.5235375918e-06                 	6.0296087948e-01                 	8.7836457474e-01                 
8.1040000000e-02	7.7531901619e+02	6.3562935305e-06                 	3.8429652130e-06                 	2.5133283175e-06                 	6.0459215651e-01                 	8.7612042134e-01                 
8.1570000000e-02	7.7028139110e+02	6.3568423305e-06                 	3.8620719962e-06                 	2.4947703344e-06                 	6.0754566424e-01                 	8.7183113217e-01                 
8.2110000000e-02	7.6521560190e+02	6.3574023638e-06                 	3.8725098330e-06                 	2.4848925309e-06                 	6.0913398450e-01                 	8.6919690570e-01                 
8.2660000000e-02	7.6012403910e+02	6.3578468838e-06                 	3.8747056996e-06                 	2.4831411843e-06                 	6.0943677480e-01                 	8.6849178516e-01                 
8.3210000000e-02	7.5509978454e+02	6.3582107513e-06                 	3.8758317032e-06                 	2.4823790481e-06                 	6.0957899240e-01                 	8.6822229291e-01                 
8.3770000000e-02	7.5005196457e+02	6.3586598550e-06                 	3.8830971671e-06                 	2.4755626879e-06                 	6.1067854794e-01                 	8.6655619611e-01                 
8.4340000000e-02	7.4498284410e+02	6.3589335683e-06                 	3.8795539283e-06                 	2.4793796400e-06                 	6.1009505550e-01                 	8.6746661785e-01                 
8.4920000000e-02	7.3989464286e+02	6.3592632401e-06                 	3.8875984235e-06                 	2.4716648166e-06                 	6.1132843173e-01                 	8.6602296819e-01                 
8.5510000000e-02	7.3478953423e+02	6.3596870761e-06                 	3.9055218881e-06                 	2.4541651881e-06                 	6.1410598372e-01                 	8.6245508322e-01                 
8.6100000000e-02	7.2975439108e+02	6.3602528869e-06                 	3.9238331867e-06                 	2.4364197002e-06                 	6.1693037313e-01                 	8.5843303540e-01                 
8.6700000000e-02	7.2470418768e+02	6.3608397945e-06                 	3.9431212942e-06                 	2.4177185003e-06                 	6.1990577055e-01                 	8.5420198794e-01                 
8.7310000000e-02	7.1964096978e+02	6.3613886733e-06                 	3.9586943036e-06                 	2.4026943697e-06                 	6.2230033518e-01                 	8.5081013085e-01                 
8.7930000000e-02	7.1456673572e+02	6.3618312588e-06                 	3.9731200493e-06                 	2.3887112095e-06                 	6.2452458854e-01                 	8.4795100016e-01                 
8.8560000000e-02	7.0948343577e+02	6.3623121093e-06                 	4.0036969306e-06                 	2.3586151787e-06                 	6.2928332686e-01                 	8.4198921730e-01                 
8.9200000000e-02	7.0439297166e+02	6.3631453098e-06                 	4.0692970125e-06                 	2.2938482972e-06                 	6.3951030731e-01                 	8.2865995482e-01                 
8.9840000000e-02	6.9937503419e+02	6.3646451112e-06                 	4.1729223398e-06                 	2.1917227715e-06                 	6.5564100854e-01                 	8.0695026644e-01                 
9.0170000000e-02	6.9681549375e+02	6.3654302519e-06                 	4.2175002420e-06                 	2.1479300100e-06                 	6.6256326361e-01                 	7.9755299703e-01                 
9.0500000000e-02	6.9427461958e+02	6.3667211222e-06                 	4.2941399990e-06                 	2.0725811232e-06                 	6.7446648229e-01                 	7.8150668829e-01                 
9.1160000000e-02	6.8924805915e+02	6.3689935317e-06                 	4.3528702869e-06                 	2.0161232448e-06                 	6.8344712006e-01                 	7.6735201851e-01                 
9.1500000000e-02	6.8668691882e+02	6.3701861876e-06                 	4.3718744674e-06                 	1.9983117202e-06                 	6.8630246254e-01                 	7.6210911374e-01                 
9.1840000000e-02	6.8414474164e+02	6.3712332270e-06                 	4.3685979375e-06                 	2.0026352895e-06                 	6.8567540723e-01                 	7.6094004515e-01                 
9.2180000000e-02	6.8162131777e+02	6.3719956786e-06                 	4.3461292115e-06                 	2.0258664671e-06                 	6.8206719382e-01                 	7.6350694753e-01                 
9.2530000000e-02	6.7904304627e+02	6.3725210559e-06                 	4.3165019522e-06                 	2.0560191037e-06                 	6.7736174025e-01                 	7.6770558275e-01                 
9.2870000000e-02	6.7655704826e+02	6.3728938982e-06                 	4.2858230439e-06                 	2.0870708543e-06                 	6.7250814345e-01                 	7.7231957853e-01                 
9.3220000000e-02	6.7401687483e+02	6.3730434085e-06                 	4.2486566757e-06                 	2.1243867327e-06                 	6.6666055814e-01                 	7.7845883093e-01                 
9.3570000000e-02	6.7149570452e+02	6.3730933138e-06                 	4.2123824657e-06                 	2.1607108481e-06                 	6.6096356326e-01                 	7.8462376541e-01                 
9.3930000000e-02	6.6892210233e+02	6.3727846999e-06                 	4.1627522553e-06                 	2.2100324445e-06                 	6.5320773436e-01                 	7.9392578516e-01                 
9.4280000000e-02	6.6643883190e+02	6.3724096811e-06                 	4.1187387833e-06                 	2.2536708978e-06                 	6.4633929541e-01                 	8.0264488044e-01                 
9.4640000000e-02	6.6390377295e+02	6.3720576710e-06                 	4.0802492554e-06                 	2.2918084156e-06                 	6.4033464009e-01                 	8.1058308812e-01                 
9.5010000000e-02	6.6131831462e+02	6.3717811777e-06                 	4.0483856675e-06                 	2.3233955103e-06                 	6.3536169158e-01                 	8.1737460345e-01                 
9.5370000000e-02	6.5882198880e+02	6.3715827521e-06                 	4.0223150454e-06                 	2.3492677067e-06                 	6.3128977554e-01                 	8.2302119632e-01                 
9.5740000000e-02	6.5627588335e+02	6.3714038807e-06                 	3.9976870011e-06                 	2.3737168796e-06                 	6.2744209533e-01                 	8.2845614637e-01                 
9.6110000000e-02	6.5374938166e+02	6.3712737978e-06                 	3.9764989533e-06                 	2.3947748445e-06                 	6.2412934674e-01                 	8.3322401807e-01                 
9.6860000000e-02	6.4868731232e+02	6.3710778936e-06                 	3.9384755644e-06                 	2.4326023291e-06                 	6.1818041315e-01                 	8.4197409158e-01                 
9.8400000000e-02	6.3853509219e+02	6.3709567201e-06                 	3.8793194698e-06                 	2.4916372504e-06                 	6.0890689423e-01                 	8.5611854474e-01                 
9.9190000000e-02	6.3344947144e+02	6.3710184253e-06                 	3.8573603915e-06                 	2.5136580338e-06                 	6.0545428282e-01                 	8.6159263313e-01                 
1.0000000000e-01	6.2831853072e+02	6.3710671582e-06                 	3.8353467249e-06                 	2.5357204332e-06                 	6.0199439587e-01                 	8.6722582808e-01                 
1.0250000000e-01	6.1299368851e+02	6.3715596712e-06                 	3.7943127982e-06                 	2.5772468730e-06                 	5.9550769262e-01                 	8.7853049075e-01                 
1.0330000000e-01	6.0824639953e+02	6.3717407713e-06                 	3.7873711402e-06                 	2.5843696311e-06                 	5.9440132236e-01                 	8.8089776985e-01                 
1.0420000000e-01	6.0299283178e+02	6.3719800416e-06                 	3.7848021311e-06                 	2.5871779105e-06                 	5.9397582956e-01                 	8.8240880093e-01                 
1.0510000000e-01	5.9782923950e+02	6.3723759670e-06                 	3.7951367069e-06                 	2.5772392601e-06                 	5.9556070241e-01                 	8.8098705954e-01                 
1.0640000000e-01	5.9052493489e+02	6.3731775405e-06                 	3.8315370523e-06                 	2.5416404882e-06                 	6.0119728785e-01                 	8.7421543414e-01                 
1.0690000000e-01	5.8776289122e+02	6.3739129374e-06                 	3.8702982549e-06                 	2.5036146825e-06                 	6.0720914968e-01                 	8.6588945090e-01                 
1.0780000000e-01	5.8285577989e+02	6.3758470280e-06                 	3.9506254952e-06                 	2.4252215329e-06                 	6.1962363240e-01                 	8.4757565947e-01                 
1.0880000000e-01	5.7749864956e+02	6.3776708520e-06                 	4.0036103655e-06                 	2.3740604865e-06                 	6.2775431006e-01                 	8.3493301562e-01                 
1.0970000000e-01	5.7276073903e+02	6.3794901102e-06                 	4.0513769500e-06                 	2.3281131603e-06                 	6.3506281536e-01                 	8.2325773386e-01                 
1.1070000000e-01	5.6758674862e+02	6.3810431151e-06                 	4.0738048056e-06                 	2.3072383095e-06                 	6.3842301833e-01                 	8.1684149621e-01                 
1.1120000000e-01	5.6503464993e+02	6.3816313925e-06                 	4.0760577041e-06                 	2.3055736884e-06                 	6.3871719524e-01                 	8.1559975669e-01                 
1.1170000000e-01	5.6250539903e+02	6.3822079169e-06                 	4.0793182499e-06                 	2.3028896669e-06                 	6.3917037851e-01                 	8.1418822816e-01                 
1.1270000000e-01	5.5751422424e+02	6.3830695756e-06                 	4.0749907910e-06                 	2.3080787846e-06                 	6.3840613716e-01                 	8.1380534279e-01                 
1.1370000000e-01	5.5261084496e+02	6.3836003335e-06                 	4.0607293819e-06                 	2.3228709516e-06                 	6.3611898768e-01                 	8.1580244133e-01                 
1.1480000000e-01	5.4731579331e+02	6.3840260340e-06                 	4.0441850933e-06                 	2.3398409407e-06                 	6.3348505657e-01                 	8.1859247655e-01                 
1.1810000000e-01	5.3202246462e+02	6.3849371859e-06                 	3.9949160653e-06                 	2.3900211207e-06                 	6.2567820934e-01                 	8.2801110953e-01                 
1.2160000000e-01	5.1670931802e+02	6.3858340392e-06                 	3.9494788888e-06                 	2.4363551504e-06                 	6.1847502841e-01                 	8.3778344188e-01                 
1.2400000000e-01	5.0670849251e+02	6.3866946179e-06                 	3.9307436758e-06                 	2.4559509421e-06                 	6.1545821602e-01                 	8.4195968649e-01                 
1.2650000000e-01	4.9669449069e+02	6.3876537748e-06                 	3.9150907410e-06                 	2.4725630338e-06                 	6.1291530177e-01                 	8.4550332365e-01                 
1.2780000000e-01	4.9164204282e+02	6.3881824027e-06                 	3.9084784525e-06                 	2.4797039502e-06                 	6.1182950112e-01                 	8.4702719773e-01                 
1.3050000000e-01	4.8147013848e+02	6.3893389227e-06                 	3.8982520997e-06                 	2.4910868230e-06                 	6.1011822144e-01                 	8.4938016717e-01                 
1.3330000000e-01	4.7135673722e+02	6.3905739754e-06                 	3.8901920034e-06                 	2.5003819720e-06                 	6.0873906137e-01                 	8.5124940638e-01                 
1.3780000000e-01	4.5596410067e+02	6.3925851926e-06                 	3.8820342031e-06                 	2.5105509895e-06                 	6.0727140682e-01                 	8.5306217478e-01                 
1.4090000000e-01	4.4593224323e+02	6.3939117222e-06                 	3.8758777694e-06                 	2.5180339528e-06                 	6.0618255895e-01                 	8.5445121972e-01                 
1.4590000000e-01	4.3065012386e+02	6.3960242442e-06                 	3.8645885458e-06                 	2.5314356985e-06                 	6.0421730722e-01                 	8.5718011987e-01                 
1.5120000000e-01	4.1555458381e+02	6.3983645527e-06                 	3.8576843217e-06                 	2.5406802310e-06                 	6.0291724392e-01                 	8.5894461629e-01                 
1.5310000000e-01	4.1039747271e+02	6.3991969214e-06                 	3.8537234612e-06                 	2.5454734603e-06                 	6.0221985797e-01                 	8.6000348285e-01                 
1.5500000000e-01	4.0536679401e+02	6.4001039904e-06                 	3.8491219868e-06                 	2.5509820035e-06                 	6.0141553835e-01                 	8.6135017159e-01                 
1.5600000000e-01	4.0276828892e+02	6.4006714266e-06                 	3.8488764257e-06                 	2.5517950009e-06                 	6.0132385638e-01                 	8.6158219610e-01                 
1.5690000000e-01	4.0045795457e+02	6.4012884122e-06                 	3.8517953263e-06                 	2.5494930859e-06                 	6.0172188445e-01                 	8.6107118398e-01                 
1.5790000000e-01	3.9792180539e+02	6.4019833028e-06                 	3.8552219018e-06                 	2.5467614010e-06                 	6.0219180830e-01                 	8.6047689299e-01                 
1.5830000000e-01	3.9691631757e+02	6.4024983090e-06                 	3.8642970160e-06                 	2.5382012930e-06                 	6.0356080229e-01                 	8.5844118792e-01                 
1.5900000000e-01	3.9516888724e+02	6.4032904445e-06                 	3.8787549022e-06                 	2.5245355423e-06                 	6.0574402111e-01                 	8.5511367376e-01                 
1.6000000000e-01	3.9269908170e+02	6.4048131176e-06                 	3.9187020370e-06                 	2.4861110806e-06                 	6.1183706145e-01                 	8.4553794390e-01                 
1.6100000000e-01	3.9025995697e+02	6.4064801763e-06                 	3.9702186749e-06                 	2.4362615014e-06                 	6.1971918520e-01                 	8.3302845552e-01                 
1.6140000000e-01	3.8929276996e+02	6.4072384966e-06                 	3.9974414687e-06                 	2.4097970279e-06                 	6.2389459529e-01                 	8.2640765254e-01                 
1.6190000000e-01	3.8809050693e+02	6.4079904305e-06                 	4.0241154872e-06                 	2.3838749434e-06                 	6.2798400385e-01                 	8.1993848701e-01                 
1.6230000000e-01	3.8713403002e+02	6.4089092451e-06                 	4.0669363377e-06                 	2.3419729074e-06                 	6.3457542963e-01                 	8.0960754366e-01                 
1.6250000000e-01	3.8665755736e+02	6.4091854322e-06                 	4.0891579680e-06                 	2.3200274642e-06                 	6.3801523786e-01                 	8.0413931093e-01                 
1.6270000000e-01	3.8618225613e+02	6.4091965490e-06                 	4.1096803911e-06                 	2.2995161579e-06                 	6.4121615864e-01                 	7.9895303428e-01                 
1.6290000000e-01	3.8570812199e+02	6.4088351382e-06                 	4.1227239982e-06                 	2.2861111400e-06                 	6.4328757244e-01                 	7.9541449833e-01                 
1.6310000000e-01	3.8523515065e+02	6.4083039166e-06                 	4.1336188696e-06                 	2.2746850469e-06                 	6.4504101607e-01                 	7.9238046187e-01                 
1.6340000000e-01	3.8452786458e+02	6.4075183043e-06                 	4.1401563457e-06                 	2.2673619585e-06                 	6.4614038527e-01                 	7.9030199016e-01                 
1.6360000000e-01	3.8405778161e+02	6.4064427413e-06                 	4.1421827697e-06                 	2.2642599717e-06                 	6.4656517461e-01                 	7.8924993725e-01                 
1.6380000000e-01	3.8358884659e+02	6.4051483974e-06                 	4.1388090571e-06                 	2.2663393403e-06                 	6.4616911277e-01                 	7.8945331822e-01                 
1.6400000000e-01	3.8312105532e+02	6.4037770830e-06                 	4.1254458638e-06                 	2.2783312193e-06                 	6.4422071697e-01                 	7.9204216625e-01                 
1.6420000000e-01	3.8265440360e+02	6.4026409550e-06                 	4.1053838741e-06                 	2.2972570809e-06                 	6.4120163898e-01                 	7.9636306435e-01                 
1.6440000000e-01	3.8218888730e+02	6.4018492205e-06                 	4.0840779097e-06                 	2.3177713108e-06                 	6.3795284285e-01                 	8.0115943735e-01                 
1.6470000000e-01	3.8149273268e+02	6.4013376845e-06                 	4.0650870318e-06                 	2.3362506527e-06                 	6.3503711757e-01                 	8.0554020615e-01                 
1.6490000000e-01	3.8103003682e+02	6.4009392852e-06                 	4.0455580858e-06                 	2.3553811994e-06                 	6.3202569272e-01                 	8.1013519551e-01                 
1.6530000000e-01	3.8010800406e+02	6.4007060558e-06                 	3.9801008447e-06                 	2.4206052111e-06                 	6.2182215681e-01                 	8.2609015304e-01                 
1.6580000000e-01	3.7896171937e+02	6.4005672311e-06                 	3.9787155762e-06                 	2.4218516549e-06                 	6.2161921476e-01                 	8.2641355305e-01                 
1.6640000000e-01	3.7759527086e+02	6.4008161131e-06                 	3.9446625733e-06                 	2.4561535398e-06                 	6.1627494113e-01                 	8.3496711416e-01                 
1.6750000000e-01	3.7511554073e+02	6.3986311777e-06                 	4.0181971792e-06                 	2.3804339984e-06                 	6.2797762016e-01                 	8.3335691100e-01                 
1.6870000000e-01	3.7244726184e+02	6.4222238092e-06                 	5.5125730916e-06                 	9.0965071758e-07                 	8.5835891981e-01                 	7.1191252484e-01                 
1.6980000000e-01	3.7003447039e+02	6.4264673397e-06                 	5.8014437217e-06                 	6.2502361799e-07                 	9.0274227115e-01                 	6.9768875700e-01                 
1.7030000000e-01	3.6894805092e+02	6.4425684616e-06                 	5.9024931757e-06                 	5.4007528594e-07                 	9.1617081151e-01                 	6.9285144881e-01                 
1.7100000000e-01	3.6743773726e+02	6.3059642193e-06                 	5.8680827199e-06                 	4.3788149938e-07                 	9.3056073835e-01                 	6.8146830026e-01                 
1.7220000000e-01	3.6487719554e+02	6.3571377606e-06                 	6.0426303291e-06                 	3.1450743151e-07                 	9.5052688122e-01                 	6.8320851590e-01                 
1.7260000000e-01	3.6403159370e+02	6.3942168967e-06                 	6.1066240066e-06                 	2.8759289017e-07                 	9.5502296922e-01                 	6.8460281465e-01                 
1.7340000000e-01	3.6235209384e+02	6.3206302950e-06                 	6.0763767142e-06                 	2.4425358072e-07                 	9.6135613549e-01                 	6.8150334752e-01                 
1.7370000000e-01	3.6172626984e+02	6.4627214790e-06                 	6.2276207975e-06                 	2.3510068151e-07                 	9.6362203102e-01                 	6.8678232615e-01                 
1.7460000000e-01	3.5986170144e+02	6.4436896247e-06                 	6.2410817180e-06                 	2.0260790666e-07                 	9.6855715926e-01                 	6.8823677327e-01                 
1.7570000000e-01	3.5760872551e+02	6.3346191832e-06                 	6.1547530123e-06                 	1.7986617092e-07                 	9.7160584311e-01                 	6.8119856528e-01                 
1.7590000000e-01	3.5720212093e+02	6.4963864138e-06                 	6.3223742407e-06                 	1.7401217309e-07                 	9.7321400514e-01                 	6.9092821632e-01                 
1.7710000000e-01	3.5478177906e+02	6.3513008904e-06                 	6.1964426239e-06                 	1.5485826654e-07                 	9.7561786645e-01                 	6.8688273028e-01                 
1.7970000000e-01	3.4964859806e+02	6.4791946394e-06                 	6.3559087648e-06                 	1.2328587457e-07                 	9.8097203720e-01                 	6.9590608282e-01                 
1.8000000000e-01	3.4906585040e+02	6.4948074186e-06                 	6.3687335250e-06                 	1.2607389355e-07                 	9.8058850934e-01                 	6.9476255924e-01                 
1.8230000000e-01	3.4466183802e+02	6.5251972951e-06                 	6.4254781620e-06                 	9.9719133080e-08                 	9.8471783632e-01                 	7.0158707897e-01                 
1.8510000000e-01	3.3944815274e+02	6.2721761473e-06                 	6.1900376741e-06                 	8.2138473163e-08                 	9.8690431021e-01                 	6.8953076467e-01                 
1.8790000000e-01	3.3438985137e+02	6.4604698937e-06                 	6.3909534128e-06                 	6.9516480904e-08                 	9.8923971754e-01                 	7.0435263950e-01                 
1.9070000000e-01	3.2948008952e+02	6.5017662825e-06                 	6.4460296188e-06                 	5.5736663611e-08                 	9.9142745814e-01                 	7.0940738403e-01                 
1.9370000000e-01	3.2437714544e+02	6.3661404953e-06                 	6.3181538699e-06                 	4.7986625380e-08                 	9.9246221075e-01                 	7.1102743532e-01                 
2.0000000000e-01	3.1415926536e+02	6.3982330741e-06                 	6.3573895930e-06                 	4.0843481135e-08                 	9.9361644369e-01                 	7.1718274026e-01                 
2.0660000000e-01	3.0412319977e+02	6.5750615663e-06                 	6.5297684076e-06                 	4.5293158647e-08                 	9.9311137117e-01                 	7.1316465054e-01                 
2.1380000000e-01	2.9388144561e+02	6.3503731276e-06                 	6.3219872305e-06                 	2.8385897102e-08                 	9.9553004264e-01                 	7.3336513697e-01                 
2.2140000000e-01	2.8379337431e+02	6.3876965735e-06                 	6.3642606751e-06                 	2.3435898315e-08                 	9.9633108773e-01                 	7.3419566966e-01                 
2.2540000000e-01	2.7875711212e+02	6.4920496294e-06                 	6.4699720766e-06                 	2.2077552779e-08                 	9.9659929390e-01                 	7.0724453826e-01                 
2.2960000000e-01	2.7365789665e+02	6.5231369923e-06                 	6.5049134139e-06                 	1.8223578388e-08                 	9.9720631678e-01                 	7.0872204520e-01                 
2.3840000000e-01	2.6355643067e+02	6.3697909026e-06                 	6.3585221220e-06                 	1.1268780602e-08                 	9.9823090259e-01                 	7.4048335692e-01                 
2.4360000000e-01	2.5793043133e+02	6.4105323987e-06                 	6.3998974966e-06                 	1.0634902096e-08                 	9.9834102670e-01                 	7.3574072529e-01                 
2.4800000000e-01	2.5335424626e+02	6.3889836229e-06                 	6.3792830826e-06                 	9.7005402986e-09                 	9.9848167708e-01                 	7.3153770530e-01                 
2.6100000000e-01	2.4073506924e+02	6.3857097135e-06                 	6.3776919766e-06                 	8.0177368724e-09                 	9.9874442509e-01                 	7.3992914094e-01                 
2.7550000000e-01	2.2806480244e+02	6.5050625569e-06                 	6.4976083718e-06                 	7.4541850587e-09                 	9.9885409479e-01                 	7.3824138448e-01                 
2.9170000000e-01	2.1539887923e+02	6.4708122029e-06                 	6.4643672885e-06                 	6.4449143770e-09                 	9.9900400225e-01                 	7.4633594572e-01                 
3.1000000000e-01	2.0268339701e+02	6.4132584297e-06                 	6.4086371774e-06                 	4.6212522886e-09                 	9.9927942210e-01                 	7.5101142861e-01                 
3.3060000000e-01	1.9005400203e+02	6.4840020758e-06                 	6.4806882732e-06                 	3.3138025814e-09                 	9.9948892635e-01                 	7.4416886201e-01                 
3.5110000000e-01	1.7895714347e+02	6.3864918245e-06                 	6.3844584070e-06                 	2.0334175436e-09                 	9.9968160649e-01                 	7.4707198096e-01                 
3.5560000000e-01	1.7669250020e+02	6.5249795981e-06                 	6.5230802669e-06                 	1.8993311668e-09                 	9.9970891385e-01                 	7.5004509256e-01                 
3.6090000000e-01	1.7409768100e+02	6.4999571887e-06                 	6.4987143059e-06                 	1.2428827547e-09                 	9.9980878601e-01                 	7.5493810673e-01                 
3.6117000000e-01	1.7396753072e+02	6.5253304142e-06                 	6.5240750544e-06                 	1.2553598078e-09                 	9.9980761743e-01                 	7.5250507311e-01                 
3.6502000000e-01	1.7213263129e+02	6.4292254724e-06                 	6.4279988064e-06                 	1.2266660131e-09                 	9.9980920470e-01                 	7.4175841583e-01                 
3.8210000000e-01	1.6443824410e+02	6.3904995124e-06                 	6.3899299048e-06                 	5.6960761887e-10                 	9.9991086650e-01                 	7.4986862934e-01                 
3.8670000000e-01	1.6248216465e+02	6.5005458219e-06                 	6.5000173585e-06                 	5.2846334152e-10                 	9.9991870477e-01                 	7.5558485082e-01                 
3.9340000000e-01	1.5971492901e+02	6.5475936398e-06                 	6.5471611175e-06                 	4.3252221867e-10                 	9.9993394180e-01                 	7.5448754129e-01                 
4.0470000000e-01	1.5525538194e+02	6.5083960307e-06                 	6.5080265749e-06                 	3.6945576412e-10                 	9.9994323398e-01                 	7.5552993078e-01                 
4.3100000000e-01	1.4578156165e+02	6.5178056227e-06                 	6.5174992368e-06                 	3.0638593281e-10                 	9.9995299247e-01                 	7.4667045594e-01                 
4.3580000000e-01	1.4417589048e+02	6.6023020651e-06                 	6.6019424643e-06                 	3.5960082850e-10                 	9.9994553402e-01                 	7.4959941168e-01                 
4.5790000000e-01	1.3721741226e+02	6.6089125428e-06                 	6.6086689854e-06                 	2.4355744143e-10                 	9.9996314712e-01                 	7.5205310969e-01                 
4.7800000000e-01	1.3144739136e+02	6.4132582076e-06                 	6.4128699596e-06                 	3.8824803515e-10                 	9.9993946166e-01                 	7.4784243910e-01                 
4.8610000000e-01	1.2925705219e+02	6.6438465696e-06                 	6.6436870369e-06                 	1.5953267211e-10                 	9.9997598791e-01                 	7.5494463014e-01                 
4.8800000000e-01	1.2875379728e+02	6.5707224416e-06                 	6.5705690906e-06                 	1.5335096945e-10                 	9.9997666148e-01                 	7.5591221736e-01                 
5.0000000000e-01	1.2566370614e+02	6.5764037120e-06                 	6.5762690483e-06                 	1.3466374841e-10                 	9.9997952319e-01                 	7.6195139641e-01                 
5.0240000000e-01	1.2506340181e+02	6.6208065593e-06                 	6.6206780337e-06                 	1.2852560987e-10                 	9.9998058762e-01                 	7.5087811048e-01                 
5.0850000000e-01	1.2356313288e+02	6.3629029927e-06                 	6.3627971557e-06                 	1.0583696258e-10                 	9.9998336656e-01                 	7.5356495913e-01                 
5.1450000000e-01	1.2212216340e+02	6.5657618062e-06                 	6.5656521364e-06                 	1.0966977625e-10                 	9.9998329672e-01                 	7.5581416468e-01                 
5.4610000000e-01	1.1505558153e+02	6.4550379205e-06                 	6.4549425226e-06                 	9.5397900460e-11                 	9.9998522117e-01                 	7.4445824638e-01                 
5.8930000000e-01	1.0662116591e+02	6.4864444970e-06                 	6.4863585584e-06                 	8.5938580322e-11                 	9.9998675105e-01                 	7.5737521330e-01                 
6.3280000000e-01	9.9291803211e+01	6.4318957818e-06                 	6.4318040380e-06                 	9.1743758528e-11                 	9.9998573612e-01                 	7.4983335857e-01                 
6.4380000000e-01	9.7595298341e+01	6.7081138521e-06                 	6.7080331278e-06                 	8.0724302574e-11                 	9.9998796617e-01                 	7.5427656502e-01                 
6.5630000000e-01	9.5736481901e+01	6.4169308101e-06                 	6.4168488263e-06                 	8.1983808053e-11                 	9.9998722383e-01                 	7.5368044594e-01                 
6.6780000000e-01	9.4087830296e+01	6.6376380994e-06                 	6.6375586252e-06                 	7.9474228239e-11                 	9.9998802673e-01                 	7.4578478576e-01                 
6.9070000000e-01	9.0968369874e+01	6.3849210466e-06                 	6.3848432329e-06                 	7.7813645156e-11                 	9.9998781290e-01                 	7.5406352344e-01                 
7.0650000000e-01	8.8933974624e+01	6.7767913780e-06                 	6.7766861696e-06                 	1.0520837853e-10                 	9.9998447519e-01                 	7.5356045962e-01                 
7.6790000000e-01	8.1822962719e+01	6.6865005742e-06                 	6.6864098458e-06                 	9.0728405006e-11                 	9.9998643111e-01                 	7.4158312652e-01                 
1.0000000000e+00	6.2831853072e+01	6.5116759035e-06                 	6.5116245879e-06                 	5.1315553122e-11                 	9.9999211946e-01                 	7.6270279505e-01                 
1.0139800000e+00	6.1965574342e+01	6.4419569280e-06                 	6.4418955733e-06                 	6.1354692286e-11                 	9.9999047577e-01                 	7.4439634657e-01                 
1.0600000000e+00	5.9275333087e+01	6.7825536627e-06                 	6.7825041243e-06                 	4.9538425716e-11                 	9.9999269620e-01                 	7.6584763533e-01                 
1.1286600000e+00	5.5669424868e+01	6.9952007092e-06                 	6.9951495328e-06                 	5.1176344292e-11                 	9.9999268408e-01                 	7.5083428518e-01                 
1.3190000000e+00	4.7635976552e+01	6.7923042933e-06                 	6.7922626644e-06                 	4.1628895328e-11                 	9.9999387117e-01                 	7.6403451498e-01                 
1.3672800000e+00	4.5953903423e+01	6.7632863928e-06                 	6.7632419441e-06                 	4.4448645708e-11                 	9.9999342795e-01                 	7.3539938049e-01                 
1.5000000000e+00	4.1887902048e+01	6.8717324922e-06                 	6.8716930383e-06                 	3.9453881423e-11                 	9.9999425852e-01                 	7.5648646538e-01                 
1.5295200000e+00	4.1079458308e+01	6.6248620437e-06                 	6.6248199066e-06                 	4.2137166372e-11                 	9.9999363954e-01                 	7.2146301668e-01                 
1.5500000000e+00	4.0536679401e+01	6.4180712324e-06                 	6.4180337920e-06                 	3.7440401825e-11                 	9.9999416641e-01                 	7.3910860902e-01                 
1.6932000000e+00	3.7108346959e+01	6.5399799849e-06                 	6.5399449032e-06                 	3.5081737869e-11                 	9.9999463580e-01                 	7.5004916316e-01                 
1.7092000000e+00	3.6760971842e+01	6.4605189973e-06                 	6.4604769675e-06                 	4.2029806458e-11                 	9.9999349436e-01                 	6.9890094191e-01                 
1.8130700000e+00	3.4654951586e+01	7.2149190441e-06                 	7.2148725752e-06                 	4.6468898932e-11                 	9.9999355933e-01                 	7.2618258800e-01                 
1.9700900000e+00	3.1892884625e+01	6.4590652219e-06                 	6.4590236102e-06                 	4.1611677770e-11                 	9.9999355763e-01                 	6.8914548817e-01                 
2.0000000000e+00	3.1415926536e+01	6.7300168109e-06                 	6.7299791922e-06                 	3.7618656437e-11                 	9.9999441032e-01                 	7.2481174687e-01                 
2.2492900000e+00	2.7934082787e+01	6.6080932566e-06                 	6.6080558830e-06                 	3.7373620804e-11                 	9.9999434427e-01                 	6.9689582774e-01                 
2.3254200000e+00	2.7019571979e+01	6.9030926113e-06                 	6.9030490747e-06                 	4.3536541806e-11                 	9.9999369318e-01                 	6.8161261689e-01                 
2.5000000000e+00	2.5132741229e+01	7.6046597950e-06                 	7.6046140699e-06                 	4.5725040177e-11                 	9.9999398723e-01                 	7.1459500299e-01                 
2.7000000000e+00	2.3271056693e+01	6.3548814886e-06                 	6.3548489982e-06                 	3.2490400805e-11                 	9.9999488733e-01                 	7.2337232748e-01                 
2.8000000000e+00	2.2439947526e+01	7.4503010018e-06                 	7.4502630684e-06                 	3.7933326260e-11                 	9.9999490848e-01                 	7.1595002971e-01                 
3.0000000000e+00	2.0943951024e+01	7.6084128806e-06                 	7.6083740205e-06                 	3.8860077103e-11                 	9.9999489249e-01                 	7.1898375095e-01                 
3.3033000000e+00	1.9020934542e+01	6.5122434049e-06                 	6.5121994631e-06                 	4.3941818951e-11                 	9.9999325243e-01                 	6.9716198879e-01                 
3.3330000000e+00	1.8851441066e+01	6.9230455155e-06                 	6.9229957827e-06                 	4.9732727980e-11                 	9.9999281635e-01                 	6.6020593312e-01                 
3.4480000000e+00	1.8222695206e+01	8.1368055373e-06                 	8.1367383577e-06                 	6.7179549954e-11                 	9.9999174374e-01                 	6.6064737558e-01                 
3.5000000000e+00	1.7951958021e+01	7.3570471851e-06                 	7.3570118445e-06                 	3.5340629327e-11                 	9.9999519636e-01                 	7.3278139583e-01                 
3.5078000000e+00	1.7912039760e+01	7.5177237323e-06                 	7.5176798857e-06                 	4.3846599600e-11                 	9.9999416757e-01                 	7.3257038085e-01                 
3.5710000000e+00	1.7595030264e+01	8.4688345337e-06                 	8.4687840990e-06                 	5.0434691337e-11                 	9.9999404467e-01                 	7.1505712525e-01                 
3.7040000000e+00	1.6963243270e+01	8.1434595766e-06                 	8.1434199063e-06                 	3.9670316817e-11                 	9.9999512857e-01                 	7.3215476512e-01                 
3.8000000000e+00	1.6534698177e+01	7.3079538905e-06                 	7.3079480935e-06                 	5.7969816447e-12                 	9.9999920676e-01                 	7.2570245255e-01                 
4.0000000000e+00	1.5707963268e+01	6.6347150218e-06                 	6.6347057101e-06                 	9.3116721654e-12                 	9.9999859652e-01                 	7.0490334952e-01                 
4.1670000000e+00	1.5078438462e+01	6.2000365107e-06                 	6.2000211921e-06                 	1.5318607950e-11                 	9.9999752927e-01                 	6.9261158735e-01                 
4.2580000000e+00	1.4756189073e+01	6.5087145557e-06                 	6.5086803944e-06                 	3.4161236511e-11                 	9.9999475146e-01                 	6.6445411081e-01                 
4.3480000000e+00	1.4450748177e+01	6.8309962723e-06                 	6.8309665614e-06                 	2.9710915901e-11                 	9.9999565057e-01                 	7.0790143187e-01                 
4.5000000000e+00	1.3962634016e+01	8.1852440930e-06                 	8.1851310554e-06                 	1.1303751306e-10                 	9.9998619009e-01                 	6.6537252171e-01                 
4.5450000000e+00	1.3824390115e+01	7.7681180612e-06                 	7.7680610333e-06                 	5.7027987673e-11                 	9.9999265871e-01                 	7.3449796015e-01                 
4.7620000000e+00	1.3194425257e+01	8.1401424064e-06                 	8.1400286245e-06                 	1.1378186061e-10                 	9.9998602213e-01                 	7.3171607654e-01                 
5.0000000000e+00	1.2566370614e+01	7.5206038931e-06                 	7.5203720693e-06                 	2.3182378635e-10                 	9.9996917484e-01                 	6.8491026872e-01                 
5.1280000000e+00	1.2252701457e+01	7.2595054922e-06                 	7.2592058370e-06                 	2.9965525916e-10                 	9.9995872236e-01                 	7.1192604857e-01                 
5.2080000000e+00	1.2064487917e+01	7.3954995791e-06                 	7.3948405409e-06                 	6.5903818792e-10                 	9.9991088659e-01                 	6.3264540508e-01                 
5.2630000000e+00	1.1938410236e+01	6.3888989904e-06                 	6.3884691170e-06                 	4.2987339492e-10                 	9.9993271558e-01                 	6.3046273908e-01                 
5.3190000000e+00	1.1812719134e+01	6.0529478656e-06                 	6.0524973695e-06                 	4.5049604141e-10                 	9.9992557411e-01                 	6.5128346998e-01                 
5.3760000000e+00	1.1687472670e+01	6.2527343900e-06                 	6.2518517987e-06                 	8.8259123822e-10                 	9.9985884716e-01                 	6.4539924334e-01                 
5.4350000000e+00	1.1560598541e+01	6.2762176911e-06                 	6.2755815687e-06                 	6.3612245764e-10                 	9.9989864557e-01                 	6.6638794443e-01                 
5.4950000000e+00	1.1434368166e+01	6.6545147546e-06                 	6.6533926715e-06                 	1.1220830950e-09                 	9.9983138018e-01                 	6.1222515060e-01                 
5.5550000000e+00	1.1310864639e+01	5.8586696168e-06                 	5.8578485959e-06                 	8.2102088044e-10                 	9.9985986223e-01                 	6.3067883951e-01                 
5.6180000000e+00	1.1184025111e+01	5.7432361490e-06                 	5.7423410903e-06                 	8.9505870091e-10                 	9.9984415429e-01                 	6.5259277731e-01                 
5.6820000000e+00	1.1058052283e+01	6.1158592945e-06                 	6.1146469694e-06                 	1.2123251008e-09                 	9.9980177355e-01                 	6.6079674903e-01                 
5.7470000000e+00	1.0932982960e+01	6.5833016022e-06                 	6.5820512478e-06                 	1.2503544352e-09                 	9.9981007183e-01                 	6.8126329903e-01                 
5.8140000000e+00	1.0806992272e+01	7.3650039493e-06                 	7.3629283480e-06                 	2.0756013550e-09                 	9.9971818055e-01                 	6.3522437608e-01                 
5.8820000000e+00	1.0682055946e+01	6.6819786749e-06                 	6.6804669049e-06                 	1.5117699725e-09                 	9.9977375415e-01                 	7.0188961655e-01                 
5.9520000000e+00	1.0556426927e+01	6.9188887491e-06                 	6.9168750945e-06                 	2.0136546106e-09                 	9.9970896271e-01                 	7.2513696802e-01                 
6.0240000000e+00	1.0430254494e+01	7.3928701260e-06                 	7.3907572883e-06                 	2.1128377293e-09                 	9.9971420603e-01                 	7.3883616509e-01                 
6.0980000000e+00	1.0303682039e+01	8.1661926798e-06                 	8.1637489786e-06                 	2.4437011711e-09                 	9.9970075392e-01                 	7.4332470144e-01                 
6.1720000000e+00	1.0180144697e+01	9.0661300105e-06                 	9.0624791989e-06                 	3.6508115948e-09                 	9.9959731312e-01                 	6.8865080412e-01                 
6.2500000000e+00	1.0053096491e+01	8.2412307869e-06                 	8.2383298105e-06                 	2.9009764427e-09                 	9.9964799233e-01                 	7.6591695971e-01                 
6.3290000000e+00	9.9276114824e+00	8.8760696611e-06                 	8.8710893758e-06                 	4.9802852619e-09                 	9.9943890872e-01                 	7.5173354632e-01                 
6.4100000000e+00	9.8021611656e+00	8.8140123612e-06                 	8.8099843770e-06                 	4.0279842367e-09                 	9.9954300220e-01                 	7.8360037230e-01                 
6.4940000000e+00	9.6753700449e+00	9.5294210325e-06                 	9.5245252945e-06                 	4.8957380674e-09                 	9.9948625021e-01                 	7.7196808432e-01                 
6.5790000000e+00	9.5503652640e+00	9.9629635070e-06                 	9.9565480350e-06                 	6.4154720400e-09                 	9.9935606790e-01                 	7.2008105325e-01                 
6.6670000000e+00	9.4243067454e+00	8.8748351602e-06                 	8.8676832344e-06                 	7.1519258391e-09                 	9.9919413423e-01                 	7.7792785659e-01                 
6.7570000000e+00	9.2987794986e+00	9.6368946667e-06                 	9.6235165866e-06                 	1.3378080132e-08                 	9.9861178517e-01                 	6.7779450591e-01                 
6.8490000000e+00	9.1738725466e+00	8.6256443802e-06                 	8.6181587925e-06                 	7.4855877187e-09                 	9.9913217061e-01                 	7.5870591007e-01                 
6.9440000000e+00	9.0483659378e+00	8.9480156029e-06                 	8.9371674396e-06                 	1.0848163237e-08                 	9.9878764592e-01                 	7.3398354040e-01                 
7.0420000000e+00	8.9224443442e+00	8.7638307080e-06                 	8.7506777353e-06                 	1.3152972758e-08                 	9.9849917540e-01                 	6.8573455895e-01                 
7.1430000000e+00	8.7962835044e+00	7.7122757855e-06                 	7.6986396352e-06                 	1.3636150326e-08                 	9.9823189021e-01                 	7.0264011749e-01                 
7.2460000000e+00	8.6712466287e+00	7.9850017168e-06                 	7.9659112538e-06                 	1.9090462913e-08                 	9.9760920992e-01                 	5.9191197320e-01                 
7.3520000000e+00	8.5462259347e+00	6.5975516574e-06                 	6.5836835827e-06                 	1.3868074622e-08                 	9.9789799681e-01                 	6.4333724270e-01                 
7.4630000000e+00	8.4191147088e+00	6.6584485748e-06                 	6.6426415764e-06                 	1.5806998393e-08                 	9.9762602381e-01                 	6.0965454293e-01                 
7.5760000000e+00	8.2935392122e+00	6.3516272982e-06                 	6.3326196450e-06                 	1.9007653202e-08                 	9.9700743568e-01                 	5.5996340131e-01                 
7.6920000000e+00	8.1684676380e+00	6.2265506277e-06                 	6.2018330479e-06                 	2.4717579874e-08                 	9.9603029328e-01                 	5.2243514964e-01                 
7.8120000000e+00	8.0429919447e+00	5.6425919527e-06                 	5.6147686677e-06                 	2.7823284999e-08                 	9.9506905953e-01                 	4.4806636275e-01                 
7.9360000000e+00	7.9173201955e+00	5.1183002643e-06                 	5.0926681095e-06                 	2.5632154803e-08                 	9.9499205723e-01                 	4.9449366675e-01                 
8.0650000000e+00	7.7906823400e+00	5.6175382089e-06                 	5.5873989267e-06                 	3.0139282248e-08                 	9.9463478821e-01                 	5.1959298429e-01                 
8.1970000000e+00	7.6652254571e+00	6.2851591587e-06                 	6.2494533343e-06                 	3.5705824325e-08                 	9.9431902623e-01                 	5.3361300367e-01                 
8.3330000000e+00	7.5401239736e+00	6.9147035087e-06                 	6.8714825903e-06                 	4.3220918384e-08                 	9.9374941842e-01                 	5.2504533949e-01                 
8.4750000000e+00	7.4137879731e+00	6.6605376097e-06                 	6.6219085120e-06                 	3.8629097714e-08                 	9.9420030334e-01                 	5.6738464532e-01                 
8.6210000000e+00	7.2882325800e+00	7.3556406124e-06                 	7.3177796947e-06                 	3.7860917681e-08                 	9.9485280485e-01                 	6.5002395281e-01                 
8.7720000000e+00	7.1627739480e+00	8.7095145265e-06                 	8.6642666099e-06                 	4.5247916594e-08                 	9.9480477167e-01                 	7.0289166677e-01                 
8.9290000000e+00	7.0368297762e+00	9.9904683264e-06                 	9.9251350541e-06                 	6.5333272292e-08                 	9.9346043948e-01                 	7.2692544381e-01                 
9.0910000000e+00	6.9114347236e+00	1.0425167291e-05                 	1.0358695709e-05                 	6.6471582382e-08                 	9.9362393135e-01                 	7.4878854690e-01                 
9.2590000000e+00	6.7860301406e+00	1.0913492313e-05                 	1.0832565068e-05                 	8.0927245114e-08                 	9.9258466101e-01                 	7.8955202556e-01                 
9.4340000000e+00	6.6601497850e+00	1.1830253626e-05                 	1.1731265666e-05                 	9.8987959732e-08                 	9.9163264264e-01                 	8.2549505005e-01                 
9.5240000000e+00	6.5972126283e+00	1.2199774699e-05                 	1.2077197304e-05                 	1.2257739569e-07                 	9.8995248693e-01                 	8.3744499496e-01                 
9.6150000000e+00	6.5347741104e+00	1.2401106429e-05                 	1.2256908492e-05                 	1.4419793731e-07                 	9.8837217162e-01                 	8.4669216525e-01                 
9.7090000000e+00	6.4715061357e+00	1.2376796577e-05                 	1.2205914205e-05                 	1.7088237228e-07                 	9.8619332788e-01                 	8.5356630804e-01                 
9.8040000000e+00	6.4087977429e+00	1.2171993205e-05                 	1.1963807870e-05                 	2.0818533524e-07                 	9.8289636449e-01                 	8.6021510953e-01                 
9.9010000000e+00	6.3460108142e+00	1.1892367684e-05                 	1.1646402310e-05                 	2.4596537319e-07                 	9.7931737567e-01                 	8.6676208949e-01                 
1.0000000000e+01	6.2831853072e+00	1.1595637605e-05                 	1.1359954375e-05                 	2.3568322973e-07                 	9.7967483654e-01                 	8.7365001025e-01                 
1.0100000000e+01	6.2209755517e+00	1.1187844553e-05                 	1.0834549467e-05                 	3.5329508591e-07                 	9.6842152353e-01                 	8.8216594360e-01                 
1.0200000000e+01	6.1599855953e+00	1.0729307883e-05                 	1.0353535620e-05                 	3.7577226392e-07                 	9.6497702666e-01                 	8.8992348129e-01                 
1.0310000000e+01	6.0942631495e+00	1.0157249483e-05                 	9.8473550280e-06                 	3.0989445519e-07                 	9.6949031766e-01                 	8.9660847181e-01                 
1.0420000000e+01	6.0299283178e+00	9.4484410203e-06                 	9.1969494525e-06                 	2.5149156787e-07                 	9.7338274459e-01                 	9.0185293565e-01                 
1.0530000000e+01	5.9669376137e+00	8.5832471060e-06                 	8.3500820578e-06                 	2.3316504819e-07                 	9.7283486712e-01                 	9.0583538875e-01                 
1.0640000000e+01	5.9052493489e+00	7.6739590600e-06                 	7.4300074546e-06                 	2.4395160538e-07                 	9.6821046301e-01                 	9.0834245336e-01                 
1.0750000000e+01	5.8448235416e+00	6.6080729585e-06                 	6.3202457885e-06                 	2.8782717004e-07                 	9.5644310046e-01                 	9.1073792011e-01                 
1.0870000000e+01	5.7802992706e+00	5.6246246473e-06                 	5.2706875866e-06                 	3.5393706073e-07                 	9.3707365684e-01                 	9.1276816926e-01                 
1.0990000000e+01	5.7171840830e+00	4.6116611393e-06                 	4.1688062999e-06                 	4.4285483940e-07                 	9.0397064614e-01                 	9.1559078585e-01                 
1.1110000000e+01	5.6554323197e+00	3.6667089517e-06                 	3.1202428856e-06                 	5.4646606606e-07                 	8.5096551887e-01                 	9.1877145316e-01                 
1.1240000000e+01	5.5900225153e+00	2.8508987494e-06                 	2.1656660430e-06                 	6.8523270631e-07                 	7.5964326812e-01                 	9.2174064179e-01                 
1.1360000000e+01	5.5309729817e+00	2.1210688020e-06                 	1.3596049067e-06                 	7.6146389525e-07                 	6.4099990791e-01                 	9.2379322030e-01                 
1.1490000000e+01	5.4683945232e+00	1.5973054724e-06                 	7.3838515835e-07                 	8.5892031407e-07                 	4.6226922220e-01                 	9.2462686038e-01                 
1.1630000000e+01	5.4025669021e+00	1.2268644373e-06                 	3.1304911446e-07                 	9.1381532279e-07                 	2.5516194370e-01                 	9.2395669451e-01                 
1.1700000000e+01	5.3702438523e+00	1.0871407921e-06                 	1.7586356558e-07                 	9.1127722650e-07                 	1.6176705617e-01                 	9.2307232398e-01                 
1.1760000000e+01	5.3428446490e+00	9.7696191235e-07                 	9.4269556114e-08                 	8.8269235624e-07                 	9.6492560172e-02                 	9.2198504886e-01                 
1.1900000000e+01	5.2799876531e+00	8.6436060717e-07                 	9.8810318817e-08                 	7.6555028835e-07                 	1.1431608289e-01                 	9.1872010950e-01                 
1.2050000000e+01	5.2142616657e+00	9.8189473037e-07                 	3.6698479999e-07                 	6.1490993037e-07                 	3.7375167484e-01                 	9.1489321457e-01                 
1.2200000000e+01	5.1501518911e+00	1.4199480140e-06                 	9.1726031417e-07                 	5.0268769988e-07                 	6.4598161700e-01                 	9.1138882967e-01                 
1.2270000000e+01	5.1207704215e+00	1.7770116912e-06                 	1.3038523870e-06                 	4.7315930417e-07                 	7.3373315071e-01                 	9.0964218319e-01                 
1.2350000000e+01	5.0875994390e+00	2.1844300089e-06                 	1.7191855181e-06                 	4.6524449084e-07                 	7.8701789989e-01                 	9.0747723454e-01                 
1.2500000000e+01	5.0265482457e+00	3.1557220258e-06                 	2.6690812470e-06                 	4.8664077881e-07                 	8.4579098703e-01                 	8.9996265728e-01                 
1.2660000000e+01	4.9630215697e+00	4.1913089489e-06                 	3.5860043259e-06                 	6.0530462301e-07                 	8.5558100575e-01                 	8.8573944661e-01                 
1.2820000000e+01	4.9010805828e+00	5.1182093567e-06                 	4.4578971034e-06                 	6.6031225328e-07                 	8.7098764289e-01                 	8.6536578019e-01                 
1.2990000000e+01	4.8369401903e+00	5.8487191218e-06                 	5.1781143240e-06                 	6.7060479775e-07                 	8.8534159638e-01                 	8.4122094244e-01                 
1.3330000000e+01	4.7135673722e+00	6.4022012498e-06                 	5.7703312855e-06                 	6.3186996428e-07                 	9.0130426401e-01                 	7.5861200636e-01                 
1.3510000000e+01	4.6507663266e+00	6.4027341295e-06                 	5.6317649197e-06                 	7.7096920975e-07                 	8.7958750213e-01                 	6.9710131185e-01                 
1.3700000000e+01	4.5862666476e+00	6.5194665794e-06                 	5.6968978749e-06                 	8.2256870448e-07                 	8.7382883332e-01                 	6.5360944437e-01                 
1.3890000000e+01	4.5235315386e+00	6.6989437699e-06                 	5.9338471997e-06                 	7.6509657024e-07                 	8.8578847703e-01                 	6.1529163854e-01                 
1.4080000000e+01	4.4624895648e+00	6.9296162143e-06                 	6.0598194188e-06                 	8.6979679542e-07                 	8.7448124564e-01                 	5.9976919726e-01                 
1.4290000000e+01	4.3969106418e+00	7.1438322379e-06                 	6.2310893687e-06                 	9.1274286913e-07                 	8.7223344016e-01                 	5.8726416712e-01                 
1.4490000000e+01	4.3362217441e+00	7.3526321710e-06                 	6.3766669028e-06                 	9.7596526823e-07                 	8.6726314529e-01                 	5.8051176114e-01                 
1.4710000000e+01	4.2713700253e+00	7.5851492261e-06                 	6.5539475144e-06                 	1.0312017117e-06                 	8.6404991109e-01                 	5.7462901879e-01                 
1.4930000000e+01	4.2084295427e+00	7.8368835888e-06                 	6.7187099685e-06                 	1.1181736203e-06                 	8.5731909787e-01                 	5.7244838341e-01                 
1.5150000000e+01	4.1473170344e+00	8.0875106166e-06                 	6.8521802169e-06                 	1.2353303998e-06                 	8.4725455603e-01                 	5.7348664254e-01                 
1.5380000000e+01	4.0852960385e+00	8.3558518602e-06                 	7.0595761100e-06                 	1.2962757502e-06                 	8.4486611636e-01                 	5.7172316571e-01                 
1.5630000000e+01	4.0199522119e+00	8.6016610007e-06                 	7.2731329225e-06                 	1.3285280782e-06                 	8.4554982135e-01                 	5.6945518379e-01                 
1.5870000000e+01	3.9591589837e+00	8.9728381240e-06                 	7.6546282323e-06                 	1.3182098917e-06                 	8.5308885845e-01                 	5.6554855237e-01                 
1.6130000000e+01	3.8953411700e+00	9.5170362074e-06                 	8.1509081790e-06                 	1.3661280284e-06                 	8.5645446769e-01                 	5.6542435880e-01                 
1.6390000000e+01	3.8335480825e+00	1.0276074520e-05                 	8.6621717954e-06                 	1.6139027241e-06                 	8.4294559941e-01                 	5.7275253903e-01                 
1.6670000000e+01	3.7691573528e+00	1.1110025773e-05                 	9.3602887701e-06                 	1.7497370027e-06                 	8.4250828590e-01                 	5.7316844204e-01                 
1.6950000000e+01	3.7068939865e+00	1.2090638528e-05                 	1.0431752683e-05                 	1.6588858453e-06                 	8.6279584478e-01                 	5.8123924532e-01                 
1.7240000000e+01	3.6445390413e+00	1.3399128913e-05                 	1.1413603197e-05                 	1.9855257158e-06                 	8.5181680625e-01                 	5.6699051755e-01                 
1.7540000000e+01	3.5822037099e+00	1.2814353547e-05                 	1.1350241776e-05                 	1.4641117706e-06                 	8.8574439083e-01                 	5.2487953708e-01                 
1.7860000000e+01	3.5180208887e+00	1.2557089255e-05                 	1.1485279508e-05                 	1.0718097474e-06                 	9.1464504825e-01                 	5.2595920243e-01                 
1.8180000000e+01	3.4560975287e+00	1.2944237715e-05                 	1.1993070187e-05                 	9.5116752861e-07                 	9.2651807317e-01                 	5.4033800283e-01                 
1.8520000000e+01	3.3926486540e+00	1.3228276429e-05                 	1.2318650559e-05                 	9.0962586983e-07                 	9.3123625177e-01                 	5.4752035304e-01                 
1.8870000000e+01	3.3297219434e+00	1.2917750355e-05                 	1.2106288924e-05                 	8.1146143101e-07                 	9.3718244983e-01                 	5.3855701941e-01                 
1.9230000000e+01	3.2673870552e+00	1.2145783477e-05                 	1.1467244068e-05                 	6.7853940907e-07                 	9.4413374729e-01                 	5.1698393863e-01                 
1.9610000000e+01	3.2040720587e+00	1.1425054792e-05                 	1.0868830347e-05                 	5.5622444500e-07                 	9.5131538053e-01                 	4.9483709180e-01                 
2.0000000000e+01	3.1415926536e+00	1.0932259302e-05                 	1.0467305092e-05                 	4.6495420930e-07                 	9.5746952240e-01                 	4.8006308775e-01                 
2.0410000000e+01	3.0784837370e+00	1.0651213545e-05                 	1.0239665507e-05                 	4.1154803731e-07                 	9.6136139459e-01                 	4.7356574695e-01                 
2.0830000000e+01	3.0164115733e+00	1.0447875156e-05                 	1.0072391348e-05                 	3.7548380764e-07                 	9.6406122757e-01                 	4.7181201663e-01                 
2.1280000000e+01	2.9526246744e+00	1.0228773357e-05                 	9.8759651579e-06                 	3.5280819939e-07                 	9.6550825920e-01                 	4.7144908074e-01                 
2.1740000000e+01	2.8901496353e+00	9.9272039212e-06                 	9.5959291349e-06                 	3.3127478628e-07                 	9.6662959793e-01                 	4.6916977105e-01                 
2.2220000000e+01	2.8277161598e+00	9.5320571567e-06                 	9.2137620557e-06                 	3.1829510093e-07                 	9.6660793198e-01                 	4.6286833022e-01                 
2.2730000000e+01	2.7642698228e+00	9.0865414091e-06                 	8.7818779007e-06                 	3.0466350844e-07                 	9.6647090519e-01                 	4.5124703411e-01                 
2.3260000000e+01	2.7012834511e+00	8.6362632559e-06                 	8.3327377169e-06                 	3.0352553902e-07                 	9.6485452909e-01                 	4.3484770000e-01                 
2.3810000000e+01	2.6388850513e+00	8.2115262873e-06                 	7.9111695946e-06                 	3.0035669263e-07                 	9.6342254995e-01                 	4.1459456451e-01                 
2.4390000000e+01	2.5761317373e+00	7.8173049217e-06                 	7.5075482011e-06                 	3.0975672055e-07                 	9.6037551002e-01                 	3.9235099915e-01                 
2.5000000000e+01	2.5132741229e+00	7.4285544715e-06                 	6.9663551347e-06                 	4.6219933683e-07                 	9.3778071648e-01                 	3.7352348856e-01                 
2.5640000000e+01	2.4505402914e+00	7.5699560276e-06                 	6.1478804478e-06                 	1.4220755798e-06                 	8.1214216111e-01                 	4.0447002669e-01                 
2.6320000000e+01	2.3872284602e+00	7.8218571571e-06                 	5.7359048642e-06                 	2.0859522929e-06                 	7.3331751642e-01                 	4.3322278627e-01                 
2.7030000000e+01	2.3245228661e+00	8.1825788098e-06                 	5.6781217448e-06                 	2.5044570650e-06                 	6.9392814622e-01                 	4.5965782266e-01                 
2.7780000000e+01	2.2617657693e+00	8.4322300826e-06                 	5.7359783902e-06                 	2.6962516923e-06                 	6.8024453010e-01                 	4.4523638444e-01                 
2.8570000000e+01	2.1992248188e+00	7.5892234093e-06                 	4.7620981249e-06                 	2.8271252845e-06                 	6.2748161018e-01                 	4.6007641625e-01                 
2.9410000000e+01	2.1364111891e+00	8.8648703778e-06                 	6.1722790020e-06                 	2.6925913757e-06                 	6.9626274711e-01                 	3.9853015462e-01                 
3.0300000000e+01	2.0736585172e+00	9.3804008129e-06                 	6.3376453757e-06                 	3.0427554372e-06                 	6.7562628742e-01                 	5.0455010791e-01                 
3.1250000000e+01	2.0106192983e+00	7.0791235538e-06                 	4.4557643338e-06                 	2.6233592200e-06                 	6.2942316234e-01                 	4.4742723623e-01                 
3.2260000000e+01	1.9476705850e+00	8.9031863726e-06                 	5.1402961192e-06                 	3.7628902534e-06                 	5.7735465755e-01                 	2.4717306370e-01                 
3.3330000000e+01	1.8851441066e+00	8.6157267366e-06                 	6.2690612604e-06                 	2.3466654761e-06                 	7.2763000175e-01                 	2.9312016111e-01                 
3.7040000000e+01	1.6963243270e+00	1.0102819146e-05                 	8.8862592481e-06                 	1.2165598979e-06                 	8.7958213640e-01                 	3.0839798955e-01                 
3.8460000000e+01	1.6336935276e+00	1.0298693109e-05                 	9.2139184438e-06                 	1.0847746653e-06                 	8.9466870662e-01                 	3.9291651941e-01                 
4.0000000000e+01	1.5707963268e+00	4.4328907220e-06                 	3.3681550561e-06                 	1.0647356658e-06                 	7.5981008046e-01                 	2.3158034882e-01                 
4.1670000000e+01	1.5078438462e+00	7.4901203336e-06                 	4.8346558286e-06                 	2.6554645049e-06                 	6.4547104897e-01                 	-1.7873278414e-01                
4.3470000000e+01	1.4454072480e+00	6.6293157480e-06                 	5.6581365542e-06                 	9.7117919378e-07                 	8.5350234765e-01                 	1.8451273621e-01                 
4.5460000000e+01	1.3821349114e+00	3.3301355410e-06                 	2.8273662421e-06                 	5.0276929894e-07                 	8.4902437371e-01                 	8.5160651481e-02                 
4.7620000000e+01	1.3194425257e+00	3.4562910198e-06                 	2.6346003631e-06                 	8.2169065675e-07                 	7.6226230603e-01                 	3.3233624027e-01                 
5.0000000000e+01	1.2566370614e+00	1.8423787020e-05                 	1.3500188404e-05                 	4.9235986154e-06                 	7.3275860114e-01                 	2.6275221195e-01                 
5.2630000000e+01	1.1938410236e+00	1.4732930078e-05                 	1.3601845103e-05                 	1.1310849758e-06                 	9.2322742524e-01                 	1.5525678068e-01                 
5.5560000000e+01	1.1308828847e+00	1.6014902817e-05                 	1.5355869650e-05                 	6.5903316708e-07                 	9.5884875640e-01                 	6.2882862117e-02                 
5.8820000000e+01	1.0682055946e+00	1.4938052030e-05                 	1.4384554926e-05                 	5.5349710448e-07                 	9.6294716986e-01                 	-2.0969147623e-02                
6.2500000000e+01	1.0053096491e+00	1.4949153035e-05                 	1.4267820661e-05                 	6.8133237439e-07                 	9.5442334607e-01                 	-6.7721738047e-02                
6.6670000000e+01	9.4243067454e-01	2.1236789681e-05                 	1.9341670796e-05                 	1.8951188845e-06                 	9.1076245925e-01                 	6.0841665021e-02                 
7.1430000000e+01	8.7962835044e-01	1.7664945840e-05                 	1.5381452940e-05                 	2.2834928999e-06                 	8.7073309363e-01                 	4.3073361683e-01                 
7.6920000000e+01	8.1684676380e-01	6.1430719820e-06                 	5.4309872079e-06                 	7.1208477407e-07                 	8.8408327688e-01                 	5.0112317466e-01                 
8.3330000000e+01	7.5401239736e-01	3.1670219526e-06                 	2.8434216366e-06                 	3.2360031593e-07                 	8.9782189048e-01                 	3.9589953373e-01                 
9.0910000000e+01	6.9114347236e-01	1.9133352566e-06                 	1.7097349766e-06                 	2.0360028006e-07                 	8.9358881077e-01                 	2.9698743947e-01                 
9.5240000000e+01	6.5972126283e-01	1.5290312646e-06                 	1.3408648198e-06                 	1.8816644477e-07                 	8.7693747726e-01                 	2.5740777033e-01                 
1.0000000000e+02	6.2831853072e-01	1.1708758356e-06                 	1.0518350633e-06                 	1.1904077239e-07                 	8.9833185658e-01                 	2.2319965995e-01                 
1.0520000000e+02	5.9726096076e-01	8.9292542127e-07                 	8.2759303068e-07                 	6.5332390588e-08                 	9.2683331773e-01                 	1.9533221054e-01                 
1.1110000000e+02	5.6554323197e-01	6.7343823577e-07                 	6.3973412147e-07                 	3.3704114305e-08                 	9.4995218193e-01                 	1.6911920983e-01                 
1.1760000000e+02	5.3428446490e-01	5.0391875472e-07                 	4.9180931328e-07                 	1.2109441441e-08                 	9.7596945673e-01                 	1.4648500124e-01                 
1.2500000000e+02	5.0265482457e-01	3.8189777609e-07                 	3.7392027081e-07                 	7.9775052750e-09                 	9.7911088837e-01                 	1.2697166069e-01                 
1.3330000000e+02	4.7135673722e-01	2.8640420701e-07                 	2.8084313812e-07                 	5.5610688932e-09                 	9.8058314523e-01                 	1.0941934956e-01                 
1.4290000000e+02	4.3969106418e-01	2.1121073895e-07                 	2.0701669796e-07                 	4.1940409870e-09                 	9.8014286107e-01                 	9.3596579711e-02                 
1.5380000000e+02	4.0852960385e-01	1.5389515066e-07                 	1.5055570467e-07                 	3.3394459835e-09                 	9.7830051194e-01                 	7.9625169515e-02                 
1.6670000000e+02	3.7691573528e-01	1.0919125446e-07                 	1.0662742301e-07                 	2.5638314481e-09                 	9.7651980957e-01                 	6.6911051211e-02                 
1.8180000000e+02	3.4560975287e-01	7.5858149771e-08                 	7.3856047748e-08                 	2.0021020225e-09                 	9.7360729165e-01                 	5.5664731694e-02                 
2.0000000000e+02	3.1415926536e-01	5.1046932343e-08                 	4.9492033710e-08                 	1.5548986337e-09                 	9.6953982223e-01                 	4.5572184481e-02                 
2.2220000000e+02	2.8277161598e-01	3.3123357063e-08                 	3.1953167106e-08                 	1.1701899563e-09                 	9.6467175854e-01                 	3.6645066487e-02                 
2.5000000000e+02	2.5132741229e-01	2.0539275921e-08                 	1.9647114104e-08                 	8.9216181726e-10                 	9.5656313199e-01                 	2.8761446755e-02                 
2.8570000000e+02	2.1992248188e-01	1.2003778694e-08                 	1.1369111509e-08                 	6.3466718567e-10                 	9.4712771688e-01                 	2.1900216974e-02                 
3.3330000000e+02	1.8851441066e-01	6.4924554313e-09                 	6.0703641066e-09                 	4.2209132468e-10                 	9.3498741283e-01                 	1.6022278164e-02                 
4.0000000000e+02	1.5707963268e-01	3.1759973593e-09                 	2.8987498499e-09                 	2.7724750939e-10                 	9.1270537156e-01                 	1.1083892781e-02                 
5.0000000000e+02	1.2566370614e-01	1.3397138635e-09                 	1.1780645570e-09                 	1.6164930644e-10                 	8.7934042422e-01                 	7.0721200805e-03                 
6.2500000000e+02	1.0053096491e-01	5.8148132837e-10                 	4.8017822195e-10                 	1.0130310642e-10                 	8.2578442080e-01                 	4.5181686615e-03                 
