#wavelengths (mu)	size parameter  	extinction cross section (cm^2)  	scattering cross section (cm^2)  	absorption cross section (cm^2)  	single scattering albedo         	asymmetry parameter              
1.6530000000e-02	3.8010800406e+05	6.2843116378e-02                 	3.2969940484e-02                 	2.9873175894e-02                 	5.2463885282e-01                 	9.9130945500e-01                 
1.6750000000e-02	3.7511554073e+05	6.2843212295e-02                 	3.2948757939e-02                 	2.9894454356e-02                 	5.2430098233e-01                 	9.9146232374e-01                 
1.6980000000e-02	3.7003447039e+05	6.2843306310e-02                 	3.2902216857e-02                 	2.9941089452e-02                 	5.2355960864e-01                 	9.9184666622e-01                 
1.7220000000e-02	3.6487719554e+05	6.2843410703e-02                 	3.2902316858e-02                 	2.9941093845e-02                 	5.2356033019e-01                 	9.9184669204e-01                 
1.7710000000e-02	3.5478177906e+05	6.2843649392e-02                 	3.2968380136e-02                 	2.9875269256e-02                 	5.2460957399e-01                 	9.9110798582e-01                 
1.8230000000e-02	3.4466183802e+05	6.2843887277e-02                 	3.2984247621e-02                 	2.9859639656e-02                 	5.2486007869e-01                 	9.9083184519e-01                 
1.8790000000e-02	3.3438985137e+05	6.2844118122e-02                 	3.2865234647e-02                 	2.9978883475e-02                 	5.2296437009e-01                 	9.9175159607e-01                 
1.9070000000e-02	3.2948008952e+05	6.2844218924e-02                 	3.2773716788e-02                 	3.0070502136e-02                 	5.2150726589e-01                 	9.9253999001e-01                 
1.9370000000e-02	3.2437714544e+05	6.2844285492e-02                 	3.2676095783e-02                 	3.0168189709e-02                 	5.1995333429e-01                 	9.9361814486e-01                 
1.9680000000e-02	3.1926754610e+05	6.2844405874e-02                 	3.2650773143e-02                 	3.0193632731e-02                 	5.1954939646e-01                 	9.9382590532e-01                 
2.0000000000e-02	3.1415926536e+05	6.2844546297e-02                 	3.2754190034e-02                 	3.0090356263e-02                 	5.2119383405e-01                 	9.9311632852e-01                 
2.0330000000e-02	3.0905977901e+05	6.2844711017e-02                 	3.2981570333e-02                 	2.9863140684e-02                 	5.2481059741e-01                 	9.9140284189e-01                 
2.0660000000e-02	3.0412319977e+05	6.2844886395e-02                 	3.3274280311e-02                 	2.9570606084e-02                 	5.2946679069e-01                 	9.8896933352e-01                 
2.1010000000e-02	2.9905689230e+05	6.2845095448e-02                 	3.3602960293e-02                 	2.9242135155e-02                 	5.3469503155e-01                 	9.8557082227e-01                 
2.1380000000e-02	2.9388144561e+05	6.2845361368e-02                 	3.3659797309e-02                 	2.9185564059e-02                 	5.3559716384e-01                 	9.8293907626e-01                 
2.1750000000e-02	2.8888208309e+05	6.2845526782e-02                 	3.3223258064e-02                 	2.9622268718e-02                 	5.2864952790e-01                 	9.8674728238e-01                 
2.2140000000e-02	2.8379337431e+05	6.2845645715e-02                 	3.2994076563e-02                 	2.9851569152e-02                 	5.2500179110e-01                 	9.8930859407e-01                 
2.2540000000e-02	2.7875711212e+05	6.2845807085e-02                 	3.2994227776e-02                 	2.9851579308e-02                 	5.2500284915e-01                 	9.8930864373e-01                 
2.2750000000e-02	2.7618396955e+05	6.2845887962e-02                 	3.2973051703e-02                 	2.9872836259e-02                 	5.2466522110e-01                 	9.8952902419e-01                 
2.2960000000e-02	2.7365789665e+05	6.2845981973e-02                 	3.2977199628e-02                 	2.9868782345e-02                 	5.2473043770e-01                 	9.8939389718e-01                 
2.3390000000e-02	2.6862699047e+05	6.2846179119e-02                 	3.2899698408e-02                 	2.9946480712e-02                 	5.2349560258e-01                 	9.8984642672e-01                 
2.3840000000e-02	2.6355643067e+05	6.2846307888e-02                 	3.2658799641e-02                 	3.0187508248e-02                 	5.1966138884e-01                 	9.9232671803e-01                 
2.4070000000e-02	2.6103802689e+05	6.2846316458e-02                 	3.2583055263e-02                 	3.0263261195e-02                 	5.1845608620e-01                 	9.9339196558e-01                 
2.4310000000e-02	2.5846093407e+05	6.2846369316e-02                 	3.2667025027e-02                 	3.0179344289e-02                 	5.1979176176e-01                 	9.9298670749e-01                 
2.4800000000e-02	2.5335424626e+05	6.2846581748e-02                 	3.2840502964e-02                 	3.0006078784e-02                 	5.2255034483e-01                 	9.9154592010e-01                 
2.5300000000e-02	2.4834724534e+05	6.2846764648e-02                 	3.2881180933e-02                 	2.9965583715e-02                 	5.2319608046e-01                 	9.9130152632e-01                 
2.5830000000e-02	2.4325146369e+05	6.2846977820e-02                 	3.2979801611e-02                 	2.9867176208e-02                 	5.2476352492e-01                 	9.9046522805e-01                 
2.6380000000e-02	2.3817988276e+05	6.2847179774e-02                 	3.3064337577e-02                 	2.9782842198e-02                 	5.2610694220e-01                 	9.8987021509e-01                 
2.6950000000e-02	2.3314231195e+05	6.2847433389e-02                 	3.3229854427e-02                 	2.9617578963e-02                 	5.2873844857e-01                 	9.8820856275e-01                 
2.7550000000e-02	2.2806480244e+05	6.2847647537e-02                 	3.3280476904e-02                 	2.9567170633e-02                 	5.2954212621e-01                 	9.8790593803e-01                 
2.8180000000e-02	2.2296612162e+05	6.2847924098e-02                 	3.3511221443e-02                 	2.9336702654e-02                 	5.3321127029e-01                 	9.8554710649e-01                 
2.8830000000e-02	2.1793913657e+05	6.2848211952e-02                 	3.3624225493e-02                 	2.9223986459e-02                 	5.3500687528e-01                 	9.8394090671e-01                 
2.9520000000e-02	2.1284503073e+05	6.2848480614e-02                 	3.3675546403e-02                 	2.9172934211e-02                 	5.3582116981e-01                 	9.8326489681e-01                 
3.0240000000e-02	2.0777729190e+05	6.2848779613e-02                 	3.3820908470e-02                 	2.9027871143e-02                 	5.3813150674e-01                 	9.8139082899e-01                 
3.1000000000e-02	2.0268339701e+05	6.2849098836e-02                 	3.3914573158e-02                 	2.8934525678e-02                 	5.3961908422e-01                 	9.7977752531e-01                 
3.1790000000e-02	1.9764659664e+05	6.2849406450e-02                 	3.3919018669e-02                 	2.8930387781e-02                 	5.3968717582e-01                 	9.7933794201e-01                 
3.2630000000e-02	1.9255854450e+05	6.2849722937e-02                 	3.3954585862e-02                 	2.8895137075e-02                 	5.4025036667e-01                 	9.7870363910e-01                 
3.3510000000e-02	1.8750179968e+05	6.2850055938e-02                 	3.4030886822e-02                 	2.8819169116e-02                 	5.4146152002e-01                 	9.7755843450e-01                 
3.4440000000e-02	1.8243859777e+05	6.2850392204e-02                 	3.4094245639e-02                 	2.8756146566e-02                 	5.4246671250e-01                 	9.7673682318e-01                 
3.4930000000e-02	1.7987933888e+05	6.2850578409e-02                 	3.4217244761e-02                 	2.8633333648e-02                 	5.4442211396e-01                 	9.7516623014e-01                 
3.5420000000e-02	1.7739088953e+05	6.2850787783e-02                 	3.4347026354e-02                 	2.8503761429e-02                 	5.4648521626e-01                 	9.7298822086e-01                 
3.6470000000e-02	1.7228366622e+05	6.2851190659e-02                 	3.4327902027e-02                 	2.8523288631e-02                 	5.4617743383e-01                 	9.7239260873e-01                 
3.7570000000e-02	1.6723942793e+05	6.2851580859e-02                 	3.4250078921e-02                 	2.8601501937e-02                 	5.4493583858e-01                 	9.7304609258e-01                 
3.8750000000e-02	1.6214671760e+05	6.2851970765e-02                 	3.4155435717e-02                 	2.8696535048e-02                 	5.4342664679e-01                 	9.7434854032e-01                 
3.9360000000e-02	1.5963377305e+05	6.2852153466e-02                 	3.4122732670e-02                 	2.8729420795e-02                 	5.4290475010e-01                 	9.7511578080e-01                 
3.9990000000e-02	1.5711891241e+05	6.2852337292e-02                 	3.4153576127e-02                 	2.8698761165e-02                 	5.4339389111e-01                 	9.7522835816e-01                 
4.0650000000e-02	1.5456790424e+05	6.2852527835e-02                 	3.4263836593e-02                 	2.8588691242e-02                 	5.4514651635e-01                 	9.7452315575e-01                 
4.1330000000e-02	1.5202480782e+05	6.2852753455e-02                 	3.4533095979e-02                 	2.8319657477e-02                 	5.4942853066e-01                 	9.7163160342e-01                 
4.2750000000e-02	1.4697509490e+05	6.2853252647e-02                 	3.5086835426e-02                 	2.7766417221e-02                 	5.5823420346e-01                 	9.6491944208e-01                 
4.4280000000e-02	1.4189668715e+05	6.2853803497e-02                 	3.5883726860e-02                 	2.6970076637e-02                 	5.7090780293e-01                 	9.5456406920e-01                 
4.5090000000e-02	1.3934764487e+05	6.2854118664e-02                 	3.6503656858e-02                 	2.6350461806e-02                 	5.8076793747e-01                 	9.4556595011e-01                 
4.5920000000e-02	1.3682894833e+05	6.2854449138e-02                 	3.7123650900e-02                 	2.5730798238e-02                 	5.9062884822e-01                 	9.3551221587e-01                 
4.6790000000e-02	1.3428478964e+05	6.2854796246e-02                 	3.7761983565e-02                 	2.5092812681e-02                 	6.0078125808e-01                 	9.2420463939e-01                 
4.7690000000e-02	1.3175058308e+05	6.2855160010e-02                 	3.8414958207e-02                 	2.4440201803e-02                 	6.1116634181e-01                 	9.1132769966e-01                 
4.8620000000e-02	1.2923046703e+05	6.2855541668e-02                 	3.8968383678e-02                 	2.3887157990e-02                 	6.1996735123e-01                 	8.9818264910e-01                 
4.9590000000e-02	1.2670266802e+05	6.2855926888e-02                 	3.9179745884e-02                 	2.3676181005e-02                 	6.2332619728e-01                 	8.8981881423e-01                 
4.9790000000e-02	1.2619371977e+05	6.2856007194e-02                 	3.9191920892e-02                 	2.3664086302e-02                 	6.2351909772e-01                 	8.8847136246e-01                 
4.9990000000e-02	1.2568884391e+05	6.2856087227e-02                 	3.9161288110e-02                 	2.3694799117e-02                 	6.2303095592e-01                 	8.8780419768e-01                 
5.0610000000e-02	1.2414908728e+05	6.2856297126e-02                 	3.8816949836e-02                 	2.4039347290e-02                 	6.1755069279e-01                 	8.9230314831e-01                 
5.1020000000e-02	1.2315141723e+05	6.2856426553e-02                 	3.8749563410e-02                 	2.4106863143e-02                 	6.1647735220e-01                 	8.9339121655e-01                 
5.1450000000e-02	1.2212216340e+05	6.2856574768e-02                 	3.8926781726e-02                 	2.3929793042e-02                 	6.1929530633e-01                 	8.8982483203e-01                 
5.1660000000e-02	1.2162573185e+05	6.2856649230e-02                 	3.9015206249e-02                 	2.3841442981e-02                 	6.2070133752e-01                 	8.8789983460e-01                 
5.1880000000e-02	1.2110997123e+05	6.2856728273e-02                 	3.9058848626e-02                 	2.3797879647e-02                 	6.2139487210e-01                 	8.8657970456e-01                 
5.2310000000e-02	1.2011441994e+05	6.2856872661e-02                 	3.9081578750e-02                 	2.3775293911e-02                 	6.2175506187e-01                 	8.8563501634e-01                 
5.2760000000e-02	1.1908994138e+05	6.2857022831e-02                 	3.9259869568e-02                 	2.3597153263e-02                 	6.2459002670e-01                 	8.8220184534e-01                 
5.3210000000e-02	1.1808279096e+05	6.2857178394e-02                 	3.9507167052e-02                 	2.3350011342e-02                 	6.2852275685e-01                 	8.7725075727e-01                 
5.3910000000e-02	1.1654953269e+05	6.2857427909e-02                 	4.0008135706e-02                 	2.2849292202e-02                 	6.3649018163e-01                 	8.6698993777e-01                 
5.4620000000e-02	1.1503451679e+05	6.2857683091e-02                 	4.0564899220e-02                 	2.2292783871e-02                 	6.4534512291e-01                 	8.5539132369e-01                 
5.5100000000e-02	1.1403240122e+05	6.2857863855e-02                 	4.1109717939e-02                 	2.1748145916e-02                 	6.5401073817e-01                 	8.4398051743e-01                 
5.5850000000e-02	1.1250107981e+05	6.2858158157e-02                 	4.1995620409e-02                 	2.0862537748e-02                 	6.6810135137e-01                 	8.2436432492e-01                 
5.6360000000e-02	1.1148306081e+05	6.2858367808e-02                 	4.2586290833e-02                 	2.0272076975e-02                 	6.7749596940e-01                 	8.1040041017e-01                 
5.6870000000e-02	1.1048330064e+05	6.2858577496e-02                 	4.2921281078e-02                 	1.9937296418e-02                 	6.8282297799e-01                 	8.0094527809e-01                 
5.7400000000e-02	1.0946315866e+05	6.2858738414e-02                 	4.2980899115e-02                 	1.9877839299e-02                 	6.8376967466e-01                 	8.0014222513e-01                 
5.7670000000e-02	1.0895067292e+05	6.2858903038e-02                 	4.3225129992e-02                 	1.9633773047e-02                 	6.8765326632e-01                 	7.9060973880e-01                 
5.7940000000e-02	1.0844296353e+05	6.2859014970e-02                 	4.3279830239e-02                 	1.9579184731e-02                 	6.8852224712e-01                 	7.8795917275e-01                 
5.8210000000e-02	1.0793996405e+05	6.2859126489e-02                 	4.3243607344e-02                 	1.9615519145e-02                 	6.8794477047e-01                 	7.8701012121e-01                 
5.8480000000e-02	1.0744160922e+05	6.2859236858e-02                 	4.3097603037e-02                 	1.9761633821e-02                 	6.8562084415e-01                 	7.8814557458e-01                 
5.8760000000e-02	1.0692963423e+05	6.2859347619e-02                 	4.2898350405e-02                 	1.9960997214e-02                 	6.8244981900e-01                 	7.9044658403e-01                 
5.9040000000e-02	1.0642251537e+05	6.2859457830e-02                 	4.2607355737e-02                 	2.0252102093e-02                 	6.7781933233e-01                 	7.9449321361e-01                 
5.9320000000e-02	1.0592018387e+05	6.2859552123e-02                 	4.2091290820e-02                 	2.0768261304e-02                 	6.6960850655e-01                 	8.0348290258e-01                 
5.9610000000e-02	1.0540488688e+05	6.2859639180e-02                 	4.1716097506e-02                 	2.1143541674e-02                 	6.6363883169e-01                 	8.1047504814e-01                 
5.9900000000e-02	1.0489457942e+05	6.2859732570e-02                 	4.1513691424e-02                 	2.1346041147e-02                 	6.6041788163e-01                 	8.1401798681e-01                 
6.0190000000e-02	1.0438918935e+05	6.2859808525e-02                 	4.1145699373e-02                 	2.1714109151e-02                 	6.5456291292e-01                 	8.2144874948e-01                 
6.0480000000e-02	1.0388864595e+05	6.2859890924e-02                 	4.1144863994e-02                 	2.1715026930e-02                 	6.5454876535e-01                 	8.2178709184e-01                 
6.0780000000e-02	1.0337586882e+05	6.2859982904e-02                 	4.1207267102e-02                 	2.1652715802e-02                 	6.5554053944e-01                 	8.2064381152e-01                 
6.1080000000e-02	1.0286812880e+05	6.2860077967e-02                 	4.1357004537e-02                 	2.1503073430e-02                 	6.5792162330e-01                 	8.1773961271e-01                 
6.1380000000e-02	1.0236535202e+05	6.2860179581e-02                 	4.1587715347e-02                 	2.1272464234e-02                 	6.6159078171e-01                 	8.1304194080e-01                 
6.1990000000e-02	1.0135804657e+05	6.2860405233e-02                 	4.2181955875e-02                 	2.0678449358e-02                 	6.7104174271e-01                 	8.0037742824e-01                 
6.2300000000e-02	1.0085369674e+05	6.2860536454e-02                 	4.2569353096e-02                 	2.0291183358e-02                 	6.7720314680e-01                 	7.9171623715e-01                 
6.2620000000e-02	1.0033831535e+05	6.2860671086e-02                 	4.2681814923e-02                 	2.0178856163e-02                 	6.7899076140e-01                 	7.8809995799e-01                 
6.2940000000e-02	9.9828174566e+04	6.2860798735e-02                 	4.2637877527e-02                 	2.0222921208e-02                 	6.7829041923e-01                 	7.8765892355e-01                 
6.3260000000e-02	9.9323194865e+04	6.2860923439e-02                 	4.2569202793e-02                 	2.0291720646e-02                 	6.7719658675e-01                 	7.8782096903e-01                 
6.3580000000e-02	9.8823298320e+04	6.2861045483e-02                 	4.2446983573e-02                 	2.0414061910e-02                 	6.7525099602e-01                 	7.8909009548e-01                 
6.3910000000e-02	9.8313023113e+04	6.2861168962e-02                 	4.2297392254e-02                 	2.0563776708e-02                 	6.7286996014e-01                 	7.9094752761e-01                 
6.4240000000e-02	9.7807990460e+04	6.2861293566e-02                 	4.2090451138e-02                 	2.0770842428e-02                 	6.6957659874e-01                 	7.9384054964e-01                 
6.4580000000e-02	9.7293052140e+04	6.2861390177e-02                 	4.1587700835e-02                 	2.1273689343e-02                 	6.6157780980e-01                 	8.0339341651e-01                 
6.4910000000e-02	9.6798417920e+04	6.2861502834e-02                 	4.1639201178e-02                 	2.1222301656e-02                 	6.6239589098e-01                 	8.0198747893e-01                 
6.5080000000e-02	9.6545564032e+04	6.2861556717e-02                 	4.1503585841e-02                 	2.1357970876e-02                 	6.6023795796e-01                 	8.0442898957e-01                 
6.5250000000e-02	9.6294027696e+04	6.2861609510e-02                 	4.1437215510e-02                 	2.1424394000e-02                 	6.5918158687e-01                 	8.0562522122e-01                 
6.5600000000e-02	9.5780263829e+04	6.2861723787e-02                 	4.1392757987e-02                 	2.1468965800e-02                 	6.5847316130e-01                 	8.0616473217e-01                 
6.5950000000e-02	9.5271953104e+04	6.2861841322e-02                 	4.1366584179e-02                 	2.1495257143e-02                 	6.5805555977e-01                 	8.0624422855e-01                 
6.6300000000e-02	9.4769009158e+04	6.2861961075e-02                 	4.1350507345e-02                 	2.1511453730e-02                 	6.5779855795e-01                 	8.0605661256e-01                 
6.6660000000e-02	9.4257205328e+04	6.2862087538e-02                 	4.1334271469e-02                 	2.1527816068e-02                 	6.5753895692e-01                 	8.0574473195e-01                 
6.7020000000e-02	9.3750899839e+04	6.2862213556e-02                 	4.1285031335e-02                 	2.1577182221e-02                 	6.5675433618e-01                 	8.0606975434e-01                 
6.7570000000e-02	9.2987794986e+04	6.2862400472e-02                 	4.1151896472e-02                 	2.1710504000e-02                 	6.5463450589e-01                 	8.0785112715e-01                 
6.8120000000e-02	9.2237012730e+04	6.2862584329e-02                 	4.1008540561e-02                 	2.1854043768e-02                 	6.5235212645e-01                 	8.0993522726e-01                 
6.8500000000e-02	9.1725332952e+04	6.2862709888e-02                 	4.0939887437e-02                 	2.1922822451e-02                 	6.5125871140e-01                 	8.1085453862e-01                 
6.8880000000e-02	9.1219298885e+04	6.2862837430e-02                 	4.0893532689e-02                 	2.1969304741e-02                 	6.5051999498e-01                 	8.1128747709e-01                 
6.9260000000e-02	9.0718817603e+04	6.2862967195e-02                 	4.0861680006e-02                 	2.2001287189e-02                 	6.5001195186e-01                 	8.1137375690e-01                 
6.9650000000e-02	9.0210844324e+04	6.2863104717e-02                 	4.0847982170e-02                 	2.2015122547e-02                 	6.4979263042e-01                 	8.1096359770e-01                 
7.0050000000e-02	8.9695721730e+04	6.2863246506e-02                 	4.0806759505e-02                 	2.2056487001e-02                 	6.4913541335e-01                 	8.1103391950e-01                 
7.0250000000e-02	8.9440360245e+04	6.2863320830e-02                 	4.0788498057e-02                 	2.2074822773e-02                 	6.4884415138e-01                 	8.1091565000e-01                 
7.0450000000e-02	8.9186448647e+04	6.2863394591e-02                 	4.0726221383e-02                 	2.2137173208e-02                 	6.4785272332e-01                 	8.1164618417e-01                 
7.0850000000e-02	8.8682926001e+04	6.2863518636e-02                 	4.0424775935e-02                 	2.2438742701e-02                 	6.4305620830e-01                 	8.1720830366e-01                 
7.1260000000e-02	8.8172681830e+04	6.2863657805e-02                 	4.0318406110e-02                 	2.2545251695e-02                 	6.4136271286e-01                 	8.1869189366e-01                 
7.1670000000e-02	8.7668275529e+04	6.2863788627e-02                 	4.0046152510e-02                 	2.2817636116e-02                 	6.3703052878e-01                 	8.2359713350e-01                 
7.2080000000e-02	8.7169607480e+04	6.2863894191e-02                 	3.9651552642e-02                 	2.3212341550e-02                 	6.3075240807e-01                 	8.3168497865e-01                 
7.2510000000e-02	8.6652672834e+04	6.2864010786e-02                 	3.9420514292e-02                 	2.3443496494e-02                 	6.2707602965e-01                 	8.3649675595e-01                 
7.2930000000e-02	8.6153644689e+04	6.2864121101e-02                 	3.9194767392e-02                 	2.3669353709e-02                 	6.2348389997e-01                 	8.4132565323e-01                 
7.3150000000e-02	8.5894535983e+04	6.2864188892e-02                 	3.9174212146e-02                 	2.3689976746e-02                 	6.2315624899e-01                 	8.4163333731e-01                 
7.3360000000e-02	8.5648654678e+04	6.2864256729e-02                 	3.9118936074e-02                 	2.3745320655e-02                 	6.2227628400e-01                 	8.4251057719e-01                 
7.3800000000e-02	8.5138012292e+04	6.2864379179e-02                 	3.8848550723e-02                 	2.4015828456e-02                 	6.1797398193e-01                 	8.4799664135e-01                 
7.4240000000e-02	8.4633422780e+04	6.2864490871e-02                 	3.8526683900e-02                 	2.4337806971e-02                 	6.1285287395e-01                 	8.5485983808e-01                 
7.4690000000e-02	8.4123514623e+04	6.2864574795e-02                 	3.8092138211e-02                 	2.4772436584e-02                 	6.0593964622e-01                 	8.6501415697e-01                 
7.5140000000e-02	8.3619713963e+04	6.2864689070e-02                 	3.7937168376e-02                 	2.4927520694e-02                 	6.0347341150e-01                 	8.6865634132e-01                 
7.5600000000e-02	8.3110916762e+04	6.2864777834e-02                 	3.7564166301e-02                 	2.5300611533e-02                 	5.9753915619e-01                 	8.7757569173e-01                 
7.6060000000e-02	8.2608273826e+04	6.2864873948e-02                 	3.7316981267e-02                 	2.5547892681e-02                 	5.9360623705e-01                 	8.8374647049e-01                 
7.6530000000e-02	8.2100944821e+04	6.2864931753e-02                 	3.6919245934e-02                 	2.5945685819e-02                 	5.8727886764e-01                 	8.9421477814e-01                 
7.7010000000e-02	8.1589213182e+04	6.2865023046e-02                 	3.6913816019e-02                 	2.5951207027e-02                 	5.8719164060e-01                 	8.9569823847e-01                 
7.7490000000e-02	8.1083821231e+04	6.2865157194e-02                 	3.7113963220e-02                 	2.5751193974e-02                 	5.9037414168e-01                 	8.9174001957e-01                 
7.7980000000e-02	8.0574317866e+04	6.2865287445e-02                 	3.7177962894e-02                 	2.5687324551e-02                 	5.9139096320e-01                 	8.9072694978e-01                 
7.8470000000e-02	8.0071177612e+04	6.2865422364e-02                 	3.7303268724e-02                 	2.5562153640e-02                 	5.9338293328e-01                 	8.8833660011e-01                 
7.8970000000e-02	7.9564205485e+04	6.2865583689e-02                 	3.7531100861e-02                 	2.5334482828e-02                 	5.9700552606e-01                 	8.8321703056e-01                 
7.9990000000e-02	7.8549635044e+04	6.2865881381e-02                 	3.7670083819e-02                 	2.5195797562e-02                 	5.9921348419e-01                 	8.8020091267e-01                 
8.0510000000e-02	7.8042296698e+04	6.2866041383e-02                 	3.7818265419e-02                 	2.5047775965e-02                 	6.0156905996e-01                 	8.7687506888e-01                 
8.1040000000e-02	7.7531901619e+04	6.2866199451e-02                 	3.7920788387e-02                 	2.4945411064e-02                 	6.0319835966e-01                 	8.7459439532e-01                 
8.1570000000e-02	7.7028139110e+04	6.2866371762e-02                 	3.8107067000e-02                 	2.4759304762e-02                 	6.0615979469e-01                 	8.7024063529e-01                 
8.2110000000e-02	7.6521560190e+04	6.2866547432e-02                 	3.8208266278e-02                 	2.4658281154e-02                 	6.0776784854e-01                 	8.6756625105e-01                 
8.2660000000e-02	7.6012403910e+04	6.2866713697e-02                 	3.8228230488e-02                 	2.4638483208e-02                 	6.0808380525e-01                 	8.6684728160e-01                 
8.3210000000e-02	7.5509978454e+04	6.2866871596e-02                 	3.8237482894e-02                 	2.4629388702e-02                 	6.0822945254e-01                 	8.6656896106e-01                 
8.3770000000e-02	7.5005196457e+04	6.2867039797e-02                 	3.8307165661e-02                 	2.4559874135e-02                 	6.0933624019e-01                 	8.6487439768e-01                 
8.4340000000e-02	7.4498284410e+04	6.2867192627e-02                 	3.8270264081e-02                 	2.4596928546e-02                 	6.0874778214e-01                 	8.6579165474e-01                 
8.4920000000e-02	7.3989464286e+04	6.2867352570e-02                 	3.8347161404e-02                 	2.4520191166e-02                 	6.0996940123e-01                 	8.6432013012e-01                 
8.5510000000e-02	7.3478953423e+04	6.2867523531e-02                 	3.8521209393e-02                 	2.4346314138e-02                 	6.1273623056e-01                 	8.6069351527e-01                 
8.6100000000e-02	7.2975439108e+04	6.2867708456e-02                 	3.8699455024e-02                 	2.4168253432e-02                 	6.1556967757e-01                 	8.5660811325e-01                 
8.6700000000e-02	7.2470418768e+04	6.2867897317e-02                 	3.8887313342e-02                 	2.3980583974e-02                 	6.1855597216e-01                 	8.5231042301e-01                 
8.7310000000e-02	7.1964096978e+04	6.2868084335e-02                 	3.9038562826e-02                 	2.3829521509e-02                 	6.2095995511e-01                 	8.4886349246e-01                 
8.7930000000e-02	7.1456673572e+04	6.2868262562e-02                 	3.9178230873e-02                 	2.3690031689e-02                 	6.2317979337e-01                 	8.4595500013e-01                 
8.8560000000e-02	7.0948343577e+04	6.2868445889e-02                 	3.9476616500e-02                 	2.3391829389e-02                 	6.2792416676e-01                 	8.3989685332e-01                 
8.9200000000e-02	7.0439297166e+04	6.2868665109e-02                 	4.0120157479e-02                 	2.2748507631e-02                 	6.3815825275e-01                 	8.2636556497e-01                 
8.9840000000e-02	6.9937503419e+04	6.2868948951e-02                 	4.1139578420e-02                 	2.1729370532e-02                 	6.5437038643e-01                 	8.0434131102e-01                 
9.0170000000e-02	6.9681549375e+04	6.2869096399e-02                 	4.1578262373e-02                 	2.1290834026e-02                 	6.6134658767e-01                 	7.9480974304e-01                 
9.0500000000e-02	6.9427461958e+04	6.2869292405e-02                 	4.2333639476e-02                 	2.0535652929e-02                 	6.7335956643e-01                 	7.7854085873e-01                 
9.1160000000e-02	6.8924805915e+04	6.2869655500e-02                 	4.2913039181e-02                 	1.9956616319e-02                 	6.8257156556e-01                 	7.6419849985e-01                 
9.1500000000e-02	6.8668691882e+04	6.2869844773e-02                 	4.3101160886e-02                 	1.9768683887e-02                 	6.8556175129e-01                 	7.5889031105e-01                 
9.1840000000e-02	6.8414474164e+04	6.2870021142e-02                 	4.3070334564e-02                 	1.9799686579e-02                 	6.8506950978e-01                 	7.5771551504e-01                 
9.2180000000e-02	6.8162131777e+04	6.2870171679e-02                 	4.2850871966e-02                 	2.0019299713e-02                 	6.8157714257e-01                 	7.6033043599e-01                 
9.2530000000e-02	6.7904304627e+04	6.2870302719e-02                 	4.2561048374e-02                 	2.0309254345e-02                 	6.7696585723e-01                 	7.6460013688e-01                 
9.2870000000e-02	6.7655704826e+04	6.2870417839e-02                 	4.2261120054e-02                 	2.0609297785e-02                 	6.7219403826e-01                 	7.6929199016e-01                 
9.3220000000e-02	6.7401687483e+04	6.2870514524e-02                 	4.1897254559e-02                 	2.0973259964e-02                 	6.6640546648e-01                 	7.7553000795e-01                 
9.3570000000e-02	6.7149570452e+04	6.2870602048e-02                 	4.1542285486e-02                 	2.1328316561e-02                 	6.6075851246e-01                 	7.8179448660e-01                 
9.3930000000e-02	6.6892210233e+04	6.2870656732e-02                 	4.1055002862e-02                 	2.1815653871e-02                 	6.5300738048e-01                 	7.9123603805e-01                 
9.4280000000e-02	6.6643883190e+04	6.2870700028e-02                 	4.0621830815e-02                 	2.2248869212e-02                 	6.4611704335e-01                 	8.0008048069e-01                 
9.4640000000e-02	6.6390377295e+04	6.2870745566e-02                 	4.0242253316e-02                 	2.2628492250e-02                 	6.4007914896e-01                 	8.0812939107e-01                 
9.5010000000e-02	6.6131831462e+04	6.2870798940e-02                 	3.9927373982e-02                 	2.2943424959e-02                 	6.3507024970e-01                 	8.1501312172e-01                 
9.5370000000e-02	6.5882198880e+04	6.2870857083e-02                 	3.9669510001e-02                 	2.3201347081e-02                 	6.3096817575e-01                 	8.2073587544e-01                 
9.5740000000e-02	6.5627588335e+04	6.2870918643e-02                 	3.9425679089e-02                 	2.3445239554e-02                 	6.2708927975e-01                 	8.2624354731e-01                 
9.6110000000e-02	6.5374938166e+04	6.2870984390e-02                 	3.9215595770e-02                 	2.3655388620e-02                 	6.2374712517e-01                 	8.3107434636e-01                 
9.6860000000e-02	6.4868731232e+04	6.2871123129e-02                 	3.8838061722e-02                 	2.4033061407e-02                 	6.1774086081e-01                 	8.3993892991e-01                 
9.8400000000e-02	6.3853509219e+04	6.2871432516e-02                 	3.8248922633e-02                 	2.4622509883e-02                 	6.0836728388e-01                 	8.5426557067e-01                 
9.9190000000e-02	6.3344947144e+04	6.2871602343e-02                 	3.8029259048e-02                 	2.4842343295e-02                 	6.0487179635e-01                 	8.5980835740e-01                 
1.0000000000e-01	6.2831853072e+04	6.2871774068e-02                 	3.7808765756e-02                 	2.5063008312e-02                 	6.0136311272e-01                 	8.6551223226e-01                 
1.0250000000e-01	6.1299368851e+04	6.2872335416e-02                 	3.7393550569e-02                 	2.5478784847e-02                 	5.9475364358e-01                 	8.7695027094e-01                 
1.0330000000e-01	6.0824639953e+04	6.2872516061e-02                 	3.7321238943e-02                 	2.5551277118e-02                 	5.9360180379e-01                 	8.7934083752e-01                 
1.0420000000e-01	6.0299283178e+04	6.2872722295e-02                 	3.7291316952e-02                 	2.5581405343e-02                 	5.9312394295e-01                 	8.8086032776e-01                 
1.0510000000e-01	5.9782923950e+04	6.2872943549e-02                 	3.7387974654e-02                 	2.5484968894e-02                 	5.9465920544e-01                 	8.7940074621e-01                 
1.0640000000e-01	5.9052493489e+04	6.2873284468e-02                 	3.7737952504e-02                 	2.5135331964e-02                 	6.0022238099e-01                 	8.7249710747e-01                 
1.0690000000e-01	5.8776289122e+04	6.2873457391e-02                 	3.8115770989e-02                 	2.4757686402e-02                 	6.0622991912e-01                 	8.6402903247e-01                 
1.0780000000e-01	5.8285577989e+04	6.2873830413e-02                 	3.8902372162e-02                 	2.3971458252e-02                 	6.1873711059e-01                 	8.4541716566e-01                 
1.0880000000e-01	5.7749864956e+04	6.2874214359e-02                 	3.9422209556e-02                 	2.3452004803e-02                 	6.2700122709e-01                 	8.3257436191e-01                 
1.0970000000e-01	5.7276073903e+04	6.2874578368e-02                 	3.9892431627e-02                 	2.2982146740e-02                 	6.3447632832e-01                 	8.2072142659e-01                 
1.1070000000e-01	5.6758674862e+04	6.2874939399e-02                 	4.0114832650e-02                 	2.2760106749e-02                 	6.3800988173e-01                 	8.1421690533e-01                 
1.1120000000e-01	5.6503464993e+04	6.2875102212e-02                 	4.0138107827e-02                 	2.2736994385e-02                 	6.3837841076e-01                 	8.1296274017e-01                 
1.1170000000e-01	5.6250539903e+04	6.2875263929e-02                 	4.0171313988e-02                 	2.2703949940e-02                 	6.3890489643e-01                 	8.1153621407e-01                 
1.1270000000e-01	5.5751422424e+04	6.2875559591e-02                 	4.0131121288e-02                 	2.2744438303e-02                 	6.3826265005e-01                 	8.1116183628e-01                 
1.1370000000e-01	5.5261084496e+04	6.2875822398e-02                 	3.9992822127e-02                 	2.2883000271e-02                 	6.3606042199e-01                 	8.1320258773e-01                 
1.1480000000e-01	5.4731579331e+04	6.2876092950e-02                 	3.9830964085e-02                 	2.3045128865e-02                 	6.3348344683e-01                 	8.1604366355e-01                 
1.1810000000e-01	5.3202246462e+04	6.2876856177e-02                 	3.9345524588e-02                 	2.3531331589e-02                 	6.2575527754e-01                 	8.2561650341e-01                 
1.2160000000e-01	5.1670931802e+04	6.2877639734e-02                 	3.8893035963e-02                 	2.3984603771e-02                 	6.1855114359e-01                 	8.3552971439e-01                 
1.2400000000e-01	5.0670849251e+04	6.2878195276e-02                 	3.8704062381e-02                 	2.4174132895e-02                 	6.1554028723e-01                 	8.3976000169e-01                 
1.2650000000e-01	4.9669449069e+04	6.2878776412e-02                 	3.8545114496e-02                 	2.4333661915e-02                 	6.1300675198e-01                 	8.4334756215e-01                 
1.2780000000e-01	4.9164204282e+04	6.2879080093e-02                 	3.8477398762e-02                 	2.4401681331e-02                 	6.1192687147e-01                 	8.4488906838e-01                 
1.3050000000e-01	4.8147013848e+04	6.2879714294e-02                 	3.8371431663e-02                 	2.4508282631e-02                 	6.1023546455e-01                 	8.4726680774e-01                 
1.3330000000e-01	4.7135673722e+04	6.2880371821e-02                 	3.8286652218e-02                 	2.4593719602e-02                 	6.0888081781e-01                 	8.4915333048e-01                 
1.3780000000e-01	4.5596410067e+04	6.2881424668e-02                 	3.8198391823e-02                 	2.4683032845e-02                 	6.0746702265e-01                 	8.5097874735e-01                 
1.4090000000e-01	4.4593224323e+04	6.2882138198e-02                 	3.8132477583e-02                 	2.4749660615e-02                 	6.0641191086e-01                 	8.5238017989e-01                 
1.4590000000e-01	4.3065012386e+04	6.2883275133e-02                 	3.8012050092e-02                 	2.4871225040e-02                 	6.0448585116e-01                 	8.5513500257e-01                 
1.5120000000e-01	4.1555458381e+04	6.2884479232e-02                 	3.7934101922e-02                 	2.4950377311e-02                 	6.0323473113e-01                 	8.5690825856e-01                 
1.5310000000e-01	4.1039747271e+04	6.2884906362e-02                 	3.7891102864e-02                 	2.4993803498e-02                 	6.0254685991e-01                 	8.5797591954e-01                 
1.5500000000e-01	4.0536679401e+04	6.2885338481e-02                 	3.7840849786e-02                 	2.5044488695e-02                 	6.0174359716e-01                 	8.5933215793e-01                 
1.5600000000e-01	4.0276828892e+04	6.2885574874e-02                 	3.7835493164e-02                 	2.5050081709e-02                 	6.0165615469e-01                 	8.5955930143e-01                 
1.5690000000e-01	4.0045795457e+04	6.2885798804e-02                 	3.7861320447e-02                 	2.5024478358e-02                 	6.0206471360e-01                 	8.5902992686e-01                 
1.5790000000e-01	3.9792180539e+04	6.2886048000e-02                 	3.7891705729e-02                 	2.4994342271e-02                 	6.0254550786e-01                 	8.5841420846e-01                 
1.5830000000e-01	3.9691631757e+04	6.2886173476e-02                 	3.7979311088e-02                 	2.4906862388e-02                 	6.0393738383e-01                 	8.5633614916e-01                 
1.5900000000e-01	3.9516888724e+04	6.2886382264e-02                 	3.8119464220e-02                 	2.4766918044e-02                 	6.0616405091e-01                 	8.5294262522e-01                 
1.6000000000e-01	3.9269908170e+04	6.2886728717e-02                 	3.8511712702e-02                 	2.4375016015e-02                 	6.1239809238e-01                 	8.4319683114e-01                 
1.6100000000e-01	3.9025995697e+04	6.2887099581e-02                 	3.9021083744e-02                 	2.3866015837e-02                 	6.2049425087e-01                 	8.3048164494e-01                 
1.6140000000e-01	3.8929276996e+04	6.2887263093e-02                 	3.9291545268e-02                 	2.3595717825e-02                 	6.2479337366e-01                 	8.2375864930e-01                 
1.6190000000e-01	3.8809050693e+04	6.2887445703e-02                 	3.9556983133e-02                 	2.3330462570e-02                 	6.2901239970e-01                 	8.1719301925e-01                 
1.6230000000e-01	3.8713403002e+04	6.2887642336e-02                 	3.9985016519e-02                 	2.2902625817e-02                 	6.3581675245e-01                 	8.0671849206e-01                 
1.6250000000e-01	3.8665755736e+04	6.2887728467e-02                 	4.0209151889e-02                 	2.2678576578e-02                 	6.3937993738e-01                 	8.0118568196e-01                 
1.6270000000e-01	3.8618225613e+04	6.2887791656e-02                 	4.0418280929e-02                 	2.2469510727e-02                 	6.4270472639e-01                 	7.9595006594e-01                 
1.6290000000e-01	3.8570812199e+04	6.2887814123e-02                 	4.0554239905e-02                 	2.2333574218e-02                 	6.4486642556e-01                 	7.9239380239e-01                 
1.6310000000e-01	3.8523515065e+04	6.2887817131e-02                 	4.0669184280e-02                 	2.2218632851e-02                 	6.4669416327e-01                 	7.8935236382e-01                 
1.6340000000e-01	3.8452786458e+04	6.2887807221e-02                 	4.0741374727e-02                 	2.2146432495e-02                 	6.4784218955e-01                 	7.8728460814e-01                 
1.6360000000e-01	3.8405778161e+04	6.2887741704e-02                 	4.0769006854e-02                 	2.2118734850e-02                 	6.4828225262e-01                 	7.8625998907e-01                 
1.6380000000e-01	3.8358884659e+04	6.2887642546e-02                 	4.0742602758e-02                 	2.2145039788e-02                 	6.4786341336e-01                 	7.8650735085e-01                 
1.6400000000e-01	3.8312105532e+04	6.2887518869e-02                 	4.0614961326e-02                 	2.2272557543e-02                 	6.4583500918e-01                 	7.8916351255e-01                 
1.6420000000e-01	3.8265440360e+04	6.2887409891e-02                 	4.0417923771e-02                 	2.2469486121e-02                 	6.4270294866e-01                 	7.9356095707e-01                 
1.6440000000e-01	3.8218888730e+04	6.2887336459e-02                 	4.0206400916e-02                 	2.2680935544e-02                 	6.3934017848e-01                 	7.9842939363e-01                 
1.6470000000e-01	3.8149273268e+04	6.2887313534e-02                 	4.0016848994e-02                 	2.2870464540e-02                 	6.3632625955e-01                 	8.0287158281e-01                 
1.6490000000e-01	3.8103003682e+04	6.2887286172e-02                 	3.9821316671e-02                 	2.3065969501e-02                 	6.3321728596e-01                 	8.0752789904e-01                 
1.6530000000e-01	3.8010800406e+04	6.2887281037e-02                 	3.9161996336e-02                 	2.3725284701e-02                 	6.2273317737e-01                 	8.2367808474e-01                 
1.6580000000e-01	3.7896171937e+04	6.2887348018e-02                 	3.9148190640e-02                 	2.3739157378e-02                 	6.2251298352e-01                 	8.2401007379e-01                 
1.6640000000e-01	3.7759527086e+04	6.2887457135e-02                 	3.8803915303e-02                 	2.4083541832e-02                 	6.1703743593e-01                 	8.3266861829e-01                 
1.6750000000e-01	3.7511554073e+04	6.2887684529e-02                 	3.8412918375e-02                 	2.4474766155e-02                 	6.1081782009e-01                 	8.4266869410e-01                 
1.6870000000e-01	3.7244726184e+04	6.2887949823e-02                 	3.8138316186e-02                 	2.4749633637e-02                 	6.0644871225e-01                 	8.4979372395e-01                 
1.6980000000e-01	3.7003447039e+04	6.2888193925e-02                 	3.7930082951e-02                 	2.4958110973e-02                 	6.0313519254e-01                 	8.5524970619e-01                 
1.7030000000e-01	3.6894805092e+04	6.2888304560e-02                 	3.7866348290e-02                 	2.5021956270e-02                 	6.0212067339e-01                 	8.5692918349e-01                 
1.7100000000e-01	3.6743773726e+04	6.2888459997e-02                 	3.7764582978e-02                 	2.5123877020e-02                 	6.0050099779e-01                 	8.5961857034e-01                 
1.7220000000e-01	3.6487719554e+04	6.2888721228e-02                 	3.7620844993e-02                 	2.5267876235e-02                 	5.9821291097e-01                 	8.6344344949e-01                 
1.7260000000e-01	3.6403159370e+04	6.2888814667e-02                 	3.7576058142e-02                 	2.5312756525e-02                 	5.9749986290e-01                 	8.6465323481e-01                 
1.7340000000e-01	3.6235209384e+04	6.2888980551e-02                 	3.7501053253e-02                 	2.5387927297e-02                 	5.9630563137e-01                 	8.6674558503e-01                 
1.7370000000e-01	3.6172626984e+04	6.2889052855e-02                 	3.7477922830e-02                 	2.5411130025e-02                 	5.9593714849e-01                 	8.6742742174e-01                 
1.7460000000e-01	3.5986170144e+04	6.2889340306e-02                 	3.7416639761e-02                 	2.5472700545e-02                 	5.9495996585e-01                 	8.6940493253e-01                 
1.7570000000e-01	3.5760872551e+04	6.2889563426e-02                 	3.7375354809e-02                 	2.5514208618e-02                 	5.9430138758e-01                 	8.7127646864e-01                 
1.7590000000e-01	3.5720212093e+04	6.2889618801e-02                 	3.7377271240e-02                 	2.5512347561e-02                 	5.9433133723e-01                 	8.7139475442e-01                 
1.7710000000e-01	3.5478177906e+04	6.2889923417e-02                 	3.7367382481e-02                 	2.5522540935e-02                 	5.9417121935e-01                 	8.7286763846e-01                 
1.7970000000e-01	3.4964859806e+04	6.2890141234e-02                 	3.7537753464e-02                 	2.5352387771e-02                 	5.9687818674e-01                 	8.7384256733e-01                 
1.8000000000e-01	3.4906585040e+04	6.2889916835e-02                 	3.7574581212e-02                 	2.5315335622e-02                 	5.9746590715e-01                 	8.7373683175e-01                 
1.8230000000e-01	3.4466183802e+04	6.2892333916e-02                 	3.7923372127e-02                 	2.4968961790e-02                 	6.0298878679e-01                 	8.7287282982e-01                 
1.8510000000e-01	3.3944815274e+04	6.2893050865e-02                 	3.8603044158e-02                 	2.4290006707e-02                 	6.1378870363e-01                 	8.6928337410e-01                 
1.8790000000e-01	3.3438985137e+04	6.2889823904e-02                 	3.9689972026e-02                 	2.3199851878e-02                 	6.3110324632e-01                 	8.6251937641e-01                 
1.9070000000e-01	3.2948008952e+04	6.2897206994e-02                 	4.0815156681e-02                 	2.2082050313e-02                 	6.4891842788e-01                 	8.5571385497e-01                 
1.9370000000e-01	3.2437714544e+04	6.2893300020e-02                 	4.1594072776e-02                 	2.1299227244e-02                 	6.6134346207e-01                 	8.5154671795e-01                 
2.0000000000e-01	3.1415926536e+04	6.2894751681e-02                 	4.2895193782e-02                 	1.9999557900e-02                 	6.8201547243e-01                 	8.4558879949e-01                 
2.0660000000e-01	3.0412319977e+04	6.2896339556e-02                 	4.4044744357e-02                 	1.8851595200e-02                 	7.0027516176e-01                 	8.4012038604e-01                 
2.1380000000e-01	2.9388144561e+04	6.2899852449e-02                 	4.5842380513e-02                 	1.7057471936e-02                 	7.2881539031e-01                 	8.3070218549e-01                 
2.2140000000e-01	2.8379337431e+04	6.2898846075e-02                 	4.7969781361e-02                 	1.4929064714e-02                 	7.6264962482e-01                 	8.1940208417e-01                 
2.2540000000e-01	2.7875711212e+04	6.2902156351e-02                 	4.9560583499e-02                 	1.3341572853e-02                 	7.8789959476e-01                 	8.1098270413e-01                 
2.2960000000e-01	2.7365789665e+04	6.2899462372e-02                 	5.1298676251e-02                 	1.1600786121e-02                 	8.1556621179e-01                 	8.0148784716e-01                 
2.3840000000e-01	2.6355643067e+04	6.2898882023e-02                 	5.3922535432e-02                 	8.9763465909e-03                 	8.5728925059e-01                 	7.8860230512e-01                 
2.4360000000e-01	2.5793043133e+04	6.2908443367e-02                 	5.5056256305e-02                 	7.8521870614e-03                 	8.7518071278e-01                 	7.8346959970e-01                 
2.4800000000e-01	2.5335424626e+04	6.2899471655e-02                 	5.5335745841e-02                 	7.5637258143e-03                 	8.7974897697e-01                 	7.8219613086e-01                 
2.6100000000e-01	2.4073506924e+04	6.2912962776e-02                 	5.6265758336e-02                 	6.6472044403e-03                 	8.9434284848e-01                 	7.8068925818e-01                 
2.7550000000e-01	2.2806480244e+04	6.2915271742e-02                 	5.7080713221e-02                 	5.8345585214e-03                 	9.0726323896e-01                 	7.7868630977e-01                 
2.9170000000e-01	2.1539887923e+04	6.2915443433e-02                 	5.7944720279e-02                 	4.9707231538e-03                 	9.2099359263e-01                 	7.7669005320e-01                 
3.1000000000e-01	2.0268339701e+04	6.2915386864e-02                 	5.8947610112e-02                 	3.9677767519e-03                 	9.3693471582e-01                 	7.7441664466e-01                 
3.3060000000e-01	1.9005400203e+04	6.2921739011e-02                 	6.0062345327e-02                 	2.8593936844e-03                 	9.5455634683e-01                 	7.7116630205e-01                 
3.5110000000e-01	1.7895714347e+04	6.2925428683e-02                 	6.1061190431e-02                 	1.8642382524e-03                 	9.7037384899e-01                 	7.6729686282e-01                 
3.5560000000e-01	1.7669250020e+04	6.2929651201e-02                 	6.1257565468e-02                 	1.6720857331e-03                 	9.7342928649e-01                 	7.6650843104e-01                 
3.6090000000e-01	1.7409768100e+04	6.2927803491e-02                 	6.1798419171e-02                 	1.1293843204e-03                 	9.8205269757e-01                 	7.6409596409e-01                 
3.6117000000e-01	1.7396753072e+04	6.2923173213e-02                 	6.1818983033e-02                 	1.1041901800e-03                 	9.8245177216e-01                 	7.6459110229e-01                 
3.6502000000e-01	1.7213263129e+04	6.2931319392e-02                 	6.1978180279e-02                 	9.5313911336e-04                 	9.8485429636e-01                 	7.6388734710e-01                 
3.8210000000e-01	1.6443824410e+04	6.2915961371e-02                 	6.2401085364e-02                 	5.1487600696e-04                 	9.9181644855e-01                 	7.6314671821e-01                 
3.8670000000e-01	1.6248216465e+04	6.2910936561e-02                 	6.2455136528e-02                 	4.5580003350e-04                 	9.9275483631e-01                 	7.6263267395e-01                 
3.9340000000e-01	1.5971492901e+04	6.2935249382e-02                 	6.2534047023e-02                 	4.0120235823e-04                 	9.9362515661e-01                 	7.6305869088e-01                 
4.0470000000e-01	1.5525538194e+04	6.2925576746e-02                 	6.2579952397e-02                 	3.4562434843e-04                 	9.9450741072e-01                 	7.6331531229e-01                 
4.3100000000e-01	1.4578156165e+04	6.2938335014e-02                 	6.2653083582e-02                 	2.8525143185e-04                 	9.9546776330e-01                 	7.6399036826e-01                 
4.3580000000e-01	1.4417589048e+04	6.2942213971e-02                 	6.2670654096e-02                 	2.7155987539e-04                 	9.9568556842e-01                 	7.6458164860e-01                 
4.5790000000e-01	1.3721741226e+04	6.2935155002e-02                 	6.2706822466e-02                 	2.2833253677e-04                 	9.9637193971e-01                 	7.6452927830e-01                 
4.7800000000e-01	1.3144739136e+04	6.2952357909e-02                 	6.2777989762e-02                 	1.7436814657e-04                 	9.9723015702e-01                 	7.6484062170e-01                 
4.8610000000e-01	1.2925705219e+04	6.2950437430e-02                 	6.2802562275e-02                 	1.4787515435e-04                 	9.9765092729e-01                 	7.6589404544e-01                 
4.8800000000e-01	1.2875379728e+04	6.2945501818e-02                 	6.2801408867e-02                 	1.4409295030e-04                 	9.9771083007e-01                 	7.6550674992e-01                 
5.0000000000e-01	1.2566370614e+04	6.2964909071e-02                 	6.2845282261e-02                 	1.1962681065e-04                 	9.9810010350e-01                 	7.6600509376e-01                 
5.0240000000e-01	1.2506340181e+04	6.2945960886e-02                 	6.2830928673e-02                 	1.1503221314e-04                 	9.9817252431e-01                 	7.6567353515e-01                 
5.0850000000e-01	1.2356313288e+04	6.2940723905e-02                 	6.2841429971e-02                 	9.9293934275e-05                 	9.9842242148e-01                 	7.6592472523e-01                 
5.1450000000e-01	1.2212216340e+04	6.2956909025e-02                 	6.2864876981e-02                 	9.2032044089e-05                 	9.9853817404e-01                 	7.6591259399e-01                 
5.4610000000e-01	1.1505558153e+04	6.2954370177e-02                 	6.2867926086e-02                 	8.6444090987e-05                 	9.9862687704e-01                 	7.6693722252e-01                 
5.8930000000e-01	1.0662116591e+04	6.2958078507e-02                 	6.2877435451e-02                 	8.0643055885e-05                 	9.9871909916e-01                 	7.6701866972e-01                 
6.3280000000e-01	9.9291803211e+03	6.2977054848e-02                 	6.2901555766e-02                 	7.5499081651e-05                 	9.9880116525e-01                 	7.6811781152e-01                 
6.4380000000e-01	9.7595298341e+03	6.2955346804e-02                 	6.2881362299e-02                 	7.3984505187e-05                 	9.9882480982e-01                 	7.6785270069e-01                 
6.5630000000e-01	9.5736481901e+03	6.2991969929e-02                 	6.2919350473e-02                 	7.2619456573e-05                 	9.9884716327e-01                 	7.6856434168e-01                 
6.6780000000e-01	9.4087830296e+03	6.2976628033e-02                 	6.2905452084e-02                 	7.1175949236e-05                 	9.9886980374e-01                 	7.6864583703e-01                 
6.9070000000e-01	9.0968369874e+03	6.2962534305e-02                 	6.2893079500e-02                 	6.9454805165e-05                 	9.9889688676e-01                 	7.6819049795e-01                 
7.0650000000e-01	8.8933974624e+03	6.2960449095e-02                 	6.2892661876e-02                 	6.7787218954e-05                 	9.9892333648e-01                 	7.6860409953e-01                 
7.6790000000e-01	8.1822962719e+03	6.2990595287e-02                 	6.2928027337e-02                 	6.2567949923e-05                 	9.9900670966e-01                 	7.6963238980e-01                 
1.0000000000e+00	6.2831853072e+03	6.3037451853e-02                 	6.2987910423e-02                 	4.9541429527e-05                 	9.9921409530e-01                 	7.7077337417e-01                 
1.0139800000e+00	6.1965574342e+03	6.2993222068e-02                 	6.2944170167e-02                 	4.9051901298e-05                 	9.9922131462e-01                 	7.7072257344e-01                 
1.0600000000e+00	5.9275333087e+03	6.3054089433e-02                 	6.3007305636e-02                 	4.6783797030e-05                 	9.9925803707e-01                 	7.7113423606e-01                 
1.1286600000e+00	5.5669424868e+03	6.3067079657e-02                 	6.3022668132e-02                 	4.4411524913e-05                 	9.9929580496e-01                 	7.7127023339e-01                 
1.3190000000e+00	4.7635976552e+03	6.2986212605e-02                 	6.2946884944e-02                 	3.9327661578e-05                 	9.9937561476e-01                 	7.7154532621e-01                 
1.3672800000e+00	4.5953903423e+03	6.3127788268e-02                 	6.3089947051e-02                 	3.7841217032e-05                 	9.9940056165e-01                 	7.7210084743e-01                 
1.5000000000e+00	4.1887902048e+03	6.3135814499e-02                 	6.3100305934e-02                 	3.5508564904e-05                 	9.9943758443e-01                 	7.7234073953e-01                 
1.5295200000e+00	4.1079458308e+03	6.3181043662e-02                 	6.3145831054e-02                 	3.5212608688e-05                 	9.9944267130e-01                 	7.7237107804e-01                 
1.5500000000e+00	4.0536679401e+03	6.2971076392e-02                 	6.2936221901e-02                 	3.4854491208e-05                 	9.9944649999e-01                 	7.7186288312e-01                 
1.6932000000e+00	3.7108346959e+03	6.3003411224e-02                 	6.2970120290e-02                 	3.3290933782e-05                 	9.9947160109e-01                 	7.7243364156e-01                 
1.7092000000e+00	3.6760971842e+03	6.3196558908e-02                 	6.3163520892e-02                 	3.3038015330e-05                 	9.9947721813e-01                 	7.7334522566e-01                 
1.8130700000e+00	3.4654951586e+03	6.3121083704e-02                 	6.3088354307e-02                 	3.2729396770e-05                 	9.9948148234e-01                 	7.7311178364e-01                 
1.9700900000e+00	3.1892884625e+03	6.3175073975e-02                 	6.3143539561e-02                 	3.1534414151e-05                 	9.9950084088e-01                 	7.7371669191e-01                 
2.0000000000e+00	3.1415926536e+03	6.3128135499e-02                 	6.3096652407e-02                 	3.1483091627e-05                 	9.9950128273e-01                 	7.7349484349e-01                 
2.2492900000e+00	2.7934082787e+03	6.3102370308e-02                 	6.3071895233e-02                 	3.0475074439e-05                 	9.9951705341e-01                 	7.7436872271e-01                 
2.3254200000e+00	2.7019571979e+03	6.3072706096e-02                 	6.3042095644e-02                 	3.0610451966e-05                 	9.9951467990e-01                 	7.7435874038e-01                 
2.5000000000e+00	2.5132741229e+03	6.3201426071e-02                 	6.3171320121e-02                 	3.0105949921e-05                 	9.9952365078e-01                 	7.7513869559e-01                 
2.7000000000e+00	2.3271056693e+03	6.3240147417e-02                 	6.3209600171e-02                 	3.0547245671e-05                 	9.9951696435e-01                 	7.7653821124e-01                 
2.8000000000e+00	2.2439947526e+03	6.3287890835e-02                 	6.3258387563e-02                 	2.9503271517e-05                 	9.9953382438e-01                 	7.7640613274e-01                 
3.0000000000e+00	2.0943951024e+03	6.3195194065e-02                 	6.3165952971e-02                 	2.9241093470e-05                 	9.9953728928e-01                 	7.7642800383e-01                 
3.3033000000e+00	1.9020934542e+03	6.3292789750e-02                 	6.3263906718e-02                 	2.8883032027e-05                 	9.9954365999e-01                 	7.7792370074e-01                 
3.3330000000e+00	1.8851441066e+03	6.3377593989e-02                 	6.3348693899e-02                 	2.8900090145e-05                 	9.9954400146e-01                 	7.7805558692e-01                 
3.4480000000e+00	1.8222695206e+03	6.3312588287e-02                 	6.3284470788e-02                 	2.8117498763e-05                 	9.9955589402e-01                 	7.7957732930e-01                 
3.5000000000e+00	1.7951958021e+03	6.3228884201e-02                 	6.3201009409e-02                 	2.7874792213e-05                 	9.9955914464e-01                 	7.8106783790e-01                 
3.5078000000e+00	1.7912039760e+03	6.3290599863e-02                 	6.3261786514e-02                 	2.8813348800e-05                 	9.9954474521e-01                 	7.7844015657e-01                 
3.5710000000e+00	1.7595030264e+03	6.3184192272e-02                 	6.3156252402e-02                 	2.7939870287e-05                 	9.9955780284e-01                 	7.8004219717e-01                 
3.7040000000e+00	1.6963243270e+03	6.3298543318e-02                 	6.3270862120e-02                 	2.7681197913e-05                 	9.9956268823e-01                 	7.8190343137e-01                 
3.8000000000e+00	1.6534698177e+03	6.3194370758e-02                 	6.3190504562e-02                 	3.8661959921e-06                 	9.9993882056e-01                 	7.8229890449e-01                 
4.0000000000e+00	1.5707963268e+03	6.3319537775e-02                 	6.3312739190e-02                 	6.7985854406e-06                 	9.9989263053e-01                 	7.7720511504e-01                 
4.1670000000e+00	1.5078438462e+03	6.3323379574e-02                 	6.3309882694e-02                 	1.3496880756e-05                 	9.9978685786e-01                 	7.8255652713e-01                 
4.2580000000e+00	1.4756189073e+03	6.3206799231e-02                 	6.3189842148e-02                 	1.6957082995e-05                 	9.9973172059e-01                 	7.8541964805e-01                 
4.3480000000e+00	1.4450748177e+03	6.3469255326e-02                 	6.3443386477e-02                 	2.5868849764e-05                 	9.9959241920e-01                 	7.8542986760e-01                 
4.5000000000e+00	1.3962634016e+03	6.3256135984e-02                 	6.3215624666e-02                 	4.0511318618e-05                 	9.9935956697e-01                 	7.8629877139e-01                 
4.5450000000e+00	1.3824390115e+03	6.3367984550e-02                 	6.3321905155e-02                 	4.6079394625e-05                 	9.9927282846e-01                 	7.8773370700e-01                 
4.7620000000e+00	1.3194425257e+03	6.3429628086e-02                 	6.3341285015e-02                 	8.8343070991e-05                 	9.9860722704e-01                 	7.8923960350e-01                 
5.0000000000e+00	1.2566370614e+03	6.3487950714e-02                 	6.3315888934e-02                 	1.7206178053e-04                 	9.9728985140e-01                 	7.9202298543e-01                 
5.1280000000e+00	1.2252701457e+03	6.3419111384e-02                 	6.3187268022e-02                 	2.3184336172e-04                 	9.9634426663e-01                 	7.9206608686e-01                 
5.2080000000e+00	1.2064487917e+03	6.3588323520e-02                 	6.3309483092e-02                 	2.7884042792e-04                 	9.9561491147e-01                 	7.9445370184e-01                 
5.2630000000e+00	1.1938410236e+03	6.3246143152e-02                 	6.2929183588e-02                 	3.1695956427e-04                 	9.9498847600e-01                 	7.9411027714e-01                 
5.3190000000e+00	1.1812719134e+03	6.3079889525e-02                 	6.2716248663e-02                 	3.6364086143e-04                 	9.9423523306e-01                 	7.9466474619e-01                 
5.3760000000e+00	1.1687472670e+03	6.3678689018e-02                 	6.3264439038e-02                 	4.1424997961e-04                 	9.9349468423e-01                 	7.9686784253e-01                 
5.4350000000e+00	1.1560598541e+03	6.3129961657e-02                 	6.2672201388e-02                 	4.5776026898e-04                 	9.9274892211e-01                 	7.9578207322e-01                 
5.4950000000e+00	1.1434368166e+03	6.3500279071e-02                 	6.2982013032e-02                 	5.1826603834e-04                 	9.9183836597e-01                 	7.9761865476e-01                 
5.5550000000e+00	1.1310864639e+03	6.3568985027e-02                 	6.2971673336e-02                 	5.9731169100e-04                 	9.9060372459e-01                 	7.9930892423e-01                 
5.6180000000e+00	1.1184025111e+03	6.3199002642e-02                 	6.2530783063e-02                 	6.6821957830e-04                 	9.8942673855e-01                 	7.9905767079e-01                 
5.6820000000e+00	1.1058052283e+03	6.3513418139e-02                 	6.2746250319e-02                 	7.6716782055e-04                 	9.8792116937e-01                 	8.0097945780e-01                 
5.7470000000e+00	1.0932982960e+03	6.3305608188e-02                 	6.2437844870e-02                 	8.6776331837e-04                 	9.8629247324e-01                 	8.0190952125e-01                 
5.8140000000e+00	1.0806992272e+03	6.3261705367e-02                 	6.2256848151e-02                 	1.0048572158e-03                 	9.8411586899e-01                 	8.0023074627e-01                 
5.8820000000e+00	1.0682055946e+03	6.3621388518e-02                 	6.2552242901e-02                 	1.0691456162e-03                 	9.8319518575e-01                 	8.0639973349e-01                 
5.9520000000e+00	1.0556426927e+03	6.3256523228e-02                 	6.1978425412e-02                 	1.2780978160e-03                 	9.7979500373e-01                 	8.0705842804e-01                 
6.0240000000e+00	1.0430254494e+03	6.3503962718e-02                 	6.2130279463e-02                 	1.3736832550e-03                 	9.7836854275e-01                 	8.0906952068e-01                 
6.0980000000e+00	1.0303682039e+03	6.3426214697e-02                 	6.1800689815e-02                 	1.6255248826e-03                 	9.7437140321e-01                 	8.0683824971e-01                 
6.1720000000e+00	1.0180144697e+03	6.3550991649e-02                 	6.1758579097e-02                 	1.7924125516e-03                 	9.7179567926e-01                 	8.1198681374e-01                 
6.2500000000e+00	1.0053096491e+03	6.3330894613e-02                 	6.1287613436e-02                 	2.0432811771e-03                 	9.6773642328e-01                 	8.0987633232e-01                 
6.3290000000e+00	9.9276114824e+02	6.3519382138e-02                 	6.1126805401e-02                 	2.3925767372e-03                 	9.6233312327e-01                 	8.1618809391e-01                 
6.4100000000e+00	9.8021611656e+02	6.3442712230e-02                 	6.0802404685e-02                 	2.6403075443e-03                 	9.5838280787e-01                 	8.1700861514e-01                 
6.4940000000e+00	9.6753700449e+02	6.3365183214e-02                 	6.0362372643e-02                 	3.0028105714e-03                 	9.5261103308e-01                 	8.1916274019e-01                 
6.5790000000e+00	9.5503652640e+02	6.3612244749e-02                 	6.0272669914e-02                 	3.3395748348e-03                 	9.4750106920e-01                 	8.2319478821e-01                 
6.6670000000e+00	9.4243067454e+02	6.3414025850e-02                 	5.8942101080e-02                 	4.4719247700e-03                 	9.2948050987e-01                 	8.2846850063e-01                 
6.7570000000e+00	9.2987794986e+02	6.3406696499e-02                 	5.8310190773e-02                 	5.0965057266e-03                 	9.1962196411e-01                 	8.3359097201e-01                 
6.8490000000e+00	9.1738725466e+02	6.3649077708e-02                 	5.8876339295e-02                 	4.7727384131e-03                 	9.2501480642e-01                 	8.3209716178e-01                 
6.9440000000e+00	9.0483659378e+02	6.3639240834e-02                 	5.7381861909e-02                 	6.2573789251e-03                 	9.0167420536e-01                 	8.4071871236e-01                 
7.0420000000e+00	8.9224443442e+02	6.3343777988e-02                 	5.6493964974e-02                 	6.8498130143e-03                 	8.9186289117e-01                 	8.4269177856e-01                 
7.1430000000e+00	8.7962835044e+02	6.3402963182e-02                 	5.6112205121e-02                 	7.2907580607e-03                 	8.8500919050e-01                 	8.4694165392e-01                 
7.2460000000e+00	8.6712466287e+02	6.3360052664e-02                 	5.5675574415e-02                 	7.6844782490e-03                 	8.7871730016e-01                 	8.5030613493e-01                 
7.3520000000e+00	8.5462259347e+02	6.3579934049e-02                 	5.5309641179e-02                 	8.2702928699e-03                 	8.6992290896e-01                 	8.5443105445e-01                 
7.4630000000e+00	8.4191147088e+02	6.3594205382e-02                 	5.4662075760e-02                 	8.9321296216e-03                 	8.5954491344e-01                 	8.5877188014e-01                 
7.5760000000e+00	8.2935392122e+02	6.3408668222e-02                 	5.3635678963e-02                 	9.7729892599e-03                 	8.4587297709e-01                 	8.6370478267e-01                 
7.6920000000e+00	8.1684676380e+02	6.3566365134e-02                 	5.2632576042e-02                 	1.0933789092e-02                 	8.2799411184e-01                 	8.6973960423e-01                 
7.8120000000e+00	8.0429919447e+02	6.3384481530e-02                 	5.1015821584e-02                 	1.2368659946e-02                 	8.0486296256e-01                 	8.7752256852e-01                 
7.9360000000e+00	7.9173201955e+02	6.3377955357e-02                 	4.9902977890e-02                 	1.3474977467e-02                 	7.8738699614e-01                 	8.8347444086e-01                 
8.0650000000e+00	7.7906823400e+02	6.3798348679e-02                 	4.8963383316e-02                 	1.4834965363e-02                 	7.6747101343e-01                 	8.9200312869e-01                 
8.1970000000e+00	7.6652254571e+02	6.3734795301e-02                 	4.8073718404e-02                 	1.5661076897e-02                 	7.5427744259e-01                 	8.9673223614e-01                 
8.3330000000e+00	7.5401239736e+02	6.3318873395e-02                 	4.6557304923e-02                 	1.6761568472e-02                 	7.3528321694e-01                 	9.0259799836e-01                 
8.4750000000e+00	7.4137879731e+02	6.3530815574e-02                 	4.6412113268e-02                 	1.7118702306e-02                 	7.3054489933e-01                 	9.0636911811e-01                 
8.6210000000e+00	7.2882325800e+02	6.3674395259e-02                 	4.5954601214e-02                 	1.7719794046e-02                 	7.2171240931e-01                 	9.1157950749e-01                 
8.7720000000e+00	7.1627739480e+02	6.3388997964e-02                 	4.4094838164e-02                 	1.9294159800e-02                 	6.9562289326e-01                 	9.1879724215e-01                 
8.9290000000e+00	7.0368297762e+02	6.3611634780e-02                 	4.1127133427e-02                 	2.2484501353e-02                 	6.4653476631e-01                 	9.3367621698e-01                 
9.0910000000e+00	6.9114347236e+02	6.3699652651e-02                 	4.0581190617e-02                 	2.3118462034e-02                 	6.3707083050e-01                 	9.3853576431e-01                 
9.2590000000e+00	6.7860301406e+02	6.3683635734e-02                 	3.8152356344e-02                 	2.5531279390e-02                 	5.9909199442e-01                 	9.5016085355e-01                 
9.4340000000e+00	6.6601497850e+02	6.3566172380e-02                 	3.6512178375e-02                 	2.7053994005e-02                 	5.7439636537e-01                 	9.5809434993e-01                 
9.5240000000e+00	6.5972126283e+02	6.3708212866e-02                 	3.5566072133e-02                 	2.8142140733e-02                 	5.5826510481e-01                 	9.6358375344e-01                 
9.6150000000e+00	6.5347741104e+02	6.3691074807e-02                 	3.4925406353e-02                 	2.8765668454e-02                 	5.4835636640e-01                 	9.6715532444e-01                 
9.7090000000e+00	6.4715061357e+02	6.3639753036e-02                 	3.4388538544e-02                 	2.9251214492e-02                 	5.4036253919e-01                 	9.7013465878e-01                 
9.8040000000e+00	6.4087977429e+02	6.3654090452e-02                 	3.4054045958e-02                 	2.9600044494e-02                 	5.3498597994e-01                 	9.7270989585e-01                 
9.9010000000e+00	6.3460108142e+02	6.3672143179e-02                 	3.3900907615e-02                 	2.9771235564e-02                 	5.3242918995e-01                 	9.7447905168e-01                 
1.0000000000e+01	6.2831853072e+02	6.3676909236e-02                 	3.3846990374e-02                 	2.9829918862e-02                 	5.3154260752e-01                 	9.7574213845e-01                 
1.0100000000e+01	6.2209755517e+02	6.3687568071e-02                 	3.3726751406e-02                 	2.9960816665e-02                 	5.2956569747e-01                 	9.7737374728e-01                 
1.0200000000e+01	6.1599855953e+02	6.3692869347e-02                 	3.3656159905e-02                 	3.0036709442e-02                 	5.2841330984e-01                 	9.7876290282e-01                 
1.0310000000e+01	6.0942631495e+02	6.3698920605e-02                 	3.3587716250e-02                 	3.0111204355e-02                 	5.2728862484e-01                 	9.8019029815e-01                 
1.0420000000e+01	6.0299283178e+02	6.3712135831e-02                 	3.3547476998e-02                 	3.0164658832e-02                 	5.2654767512e-01                 	9.8149756998e-01                 
1.0530000000e+01	5.9669376137e+02	6.3715884669e-02                 	3.3479937922e-02                 	3.0235946747e-02                 	5.2545669099e-01                 	9.8294573037e-01                 
1.0640000000e+01	5.9052493489e+02	6.3711815135e-02                 	3.3365877146e-02                 	3.0345937989e-02                 	5.2369999309e-01                 	9.8452425738e-01                 
1.0750000000e+01	5.8448235416e+02	6.3725671587e-02                 	3.3237982384e-02                 	3.0487689203e-02                 	5.2157916199e-01                 	9.8641770255e-01                 
1.0870000000e+01	5.7802992706e+02	6.3730556884e-02                 	3.3122348115e-02                 	3.0608208769e-02                 	5.1972475583e-01                 	9.8807965185e-01                 
1.0990000000e+01	5.7171840830e+02	6.3734891659e-02                 	3.2997910278e-02                 	3.0736981382e-02                 	5.1773697920e-01                 	9.8983124857e-01                 
1.1110000000e+01	5.6554323197e+02	6.3737342783e-02                 	3.2862082700e-02                 	3.0875260083e-02                 	5.1558601701e-01                 	9.9158386418e-01                 
1.1240000000e+01	5.5900225153e+02	6.3735280020e-02                 	3.2710578806e-02                 	3.1024701214e-02                 	5.1322562316e-01                 	9.9330909729e-01                 
1.1360000000e+01	5.5309729817e+02	6.3727252903e-02                 	3.2530169701e-02                 	3.1197083203e-02                 	5.1045931244e-01                 	9.9506523963e-01                 
1.1490000000e+01	5.4683945232e+02	6.3699098820e-02                 	3.2320479829e-02                 	3.1378618991e-02                 	5.0739304680e-01                 	9.9667587431e-01                 
1.1630000000e+01	5.4025669021e+02	6.3610669026e-02                 	3.2052059738e-02                 	3.1558609288e-02                 	5.0387867678e-01                 	9.9810590641e-01                 
1.1700000000e+01	5.3702438523e+02	6.3488666474e-02                 	3.1875320578e-02                 	3.1613345896e-02                 	5.0206316100e-01                 	9.9869539348e-01                 
1.1760000000e+01	5.3428446490e+02	6.3212366665e-02                 	3.1646960969e-02                 	3.1565405695e-02                 	5.0064508955e-01                 	9.9910333231e-01                 
1.1900000000e+01	5.2799876531e+02	6.2825530581e-02                 	3.2017203936e-02                 	3.0808326644e-02                 	5.0962090794e-01                 	9.9842858255e-01                 
1.2050000000e+01	5.2142616657e+02	6.3098622499e-02                 	3.3930469292e-02                 	2.9168153206e-02                 	5.3773708441e-01                 	9.9218839793e-01                 
1.2200000000e+01	5.1501518911e+02	6.3261244175e-02                 	3.6226412300e-02                 	2.7034831876e-02                 	5.7264779996e-01                 	9.7762767987e-01                 
1.2270000000e+01	5.1207704215e+02	6.3319727942e-02                 	3.7437046891e-02                 	2.5882681051e-02                 	5.9123827767e-01                 	9.6705442690e-01                 
1.2350000000e+01	5.0875994390e+02	6.3366324219e-02                 	3.8557387957e-02                 	2.4808936262e-02                 	6.0848389791e-01                 	9.5549212278e-01                 
1.2500000000e+01	5.0265482457e+02	6.3441094912e-02                 	4.0760589207e-02                 	2.2680505705e-02                 	6.4249504621e-01                 	9.2804563466e-01                 
1.2660000000e+01	4.9630215697e+02	6.3500611051e-02                 	4.2571704608e-02                 	2.0928906442e-02                 	6.7041409372e-01                 	8.9903894063e-01                 
1.2820000000e+01	4.9010805828e+02	6.3550524078e-02                 	4.4668684487e-02                 	1.8881839591e-02                 	7.0288459671e-01                 	8.6332034704e-01                 
1.2990000000e+01	4.8369401903e+02	6.3593901239e-02                 	4.7011493317e-02                 	1.6582407922e-02                 	7.3924531128e-01                 	8.2110205757e-01                 
1.3330000000e+01	4.7135673722e+02	6.3665886095e-02                 	5.1987271728e-02                 	1.1678614367e-02                 	8.1656401751e-01                 	7.2396517743e-01                 
1.3510000000e+01	4.6507663266e+02	6.3700423070e-02                 	5.3150542495e-02                 	1.0549880575e-02                 	8.3438288057e-01                 	6.8753033790e-01                 
1.3700000000e+01	4.5862666476e+02	6.3732089897e-02                 	5.4591755532e-02                 	9.1403343653e-03                 	8.5658191376e-01                 	6.4844821701e-01                 
1.3890000000e+01	4.5235315386e+02	6.3763711056e-02                 	5.6510934031e-02                 	7.2527770242e-03                 	8.8625541230e-01                 	6.0818928543e-01                 
1.4080000000e+01	4.4624895648e+02	6.3796226273e-02                 	5.6563259665e-02                 	7.2329666083e-03                 	8.8662391131e-01                 	6.0153426152e-01                 
1.4290000000e+01	4.3969106418e+02	6.3826326019e-02                 	5.6883501276e-02                 	6.9428247432e-03                 	8.9122318052e-01                 	5.9407930899e-01                 
1.4490000000e+01	4.3362217441e+02	6.3854087893e-02                 	5.6973318681e-02                 	6.8807692118e-03                 	8.9224230681e-01                 	5.9091748670e-01                 
1.4710000000e+01	4.2713700253e+02	6.3883644242e-02                 	5.7162464646e-02                 	6.7211795965e-03                 	8.9479029138e-01                 	5.8690944260e-01                 
1.4930000000e+01	4.2084295427e+02	6.3913123882e-02                 	5.7192576420e-02                 	6.7205474618e-03                 	8.9484870941e-01                 	5.8530872543e-01                 
1.5150000000e+01	4.1473170344e+02	6.3940739813e-02                 	5.7074948478e-02                 	6.8657913353e-03                 	8.9262258530e-01                 	5.8587382170e-01                 
1.5380000000e+01	4.0852960385e+02	6.3968677829e-02                 	5.7363573961e-02                 	6.6051038677e-03                 	8.9674471801e-01                 	5.8159887047e-01                 
1.5630000000e+01	4.0199522119e+02	6.3994601215e-02                 	5.7774426821e-02                 	6.2201743939e-03                 	9.0280157582e-01                 	5.7623896681e-01                 
1.5870000000e+01	3.9591589837e+02	6.4024852634e-02                 	5.8677014992e-02                 	5.3478376426e-03                 	9.1647247245e-01                 	5.6524921063e-01                 
1.6130000000e+01	3.8953411700e+02	6.4058798909e-02                 	5.9671757625e-02                 	4.3870412836e-03                 	9.3151539900e-01                 	5.5381204081e-01                 
1.6390000000e+01	3.8335480825e+02	6.4093323515e-02                 	6.0233350253e-02                 	3.8599732621e-03                 	9.3977573559e-01                 	5.4762097261e-01                 
1.6670000000e+01	3.7691573528e+02	6.4131720102e-02                 	6.0843820803e-02                 	3.2878992987e-03                 	9.4873208931e-01                 	5.4122956493e-01                 
1.6950000000e+01	3.7068939865e+02	6.4173007737e-02                 	6.1482006352e-02                 	2.6910013842e-03                 	9.5806646004e-01                 	5.3489599730e-01                 
1.7240000000e+01	3.6445390413e+02	6.4215715088e-02                 	6.1695228486e-02                 	2.5204866023e-03                 	9.6074969190e-01                 	5.3301701029e-01                 
1.7540000000e+01	3.5822037099e+02	6.4259674577e-02                 	6.1947148581e-02                 	2.3125259958e-03                 	9.6401279634e-01                 	5.3088392545e-01                 
1.7860000000e+01	3.5180208887e+02	6.4308189497e-02                 	6.2126029511e-02                 	2.1821599860e-03                 	9.6606715252e-01                 	5.2956549476e-01                 
1.8180000000e+01	3.4560975287e+02	6.4360255463e-02                 	6.2332498536e-02                 	2.0277569274e-03                 	9.6849364701e-01                 	5.2809483264e-01                 
1.8520000000e+01	3.3926486540e+02	6.4414891563e-02                 	6.2505316520e-02                 	1.9095750432e-03                 	9.7035506857e-01                 	5.2703801469e-01                 
1.8870000000e+01	3.3297219434e+02	6.4477086359e-02                 	6.2695715696e-02                 	1.7813706636e-03                 	9.7237203533e-01                 	5.2595861758e-01                 
1.9230000000e+01	3.2673870552e+02	6.4545088972e-02                 	6.2853150993e-02                 	1.6919379793e-03                 	9.7378672791e-01                 	5.2528744875e-01                 
1.9610000000e+01	3.2040720587e+02	6.4620638951e-02                 	6.3002015264e-02                 	1.6186236873e-03                 	9.7495190834e-01                 	5.2482188200e-01                 
2.0000000000e+01	3.1415926536e+02	6.4711628657e-02                 	6.3153429856e-02                 	1.5581988007e-03                 	9.7592088419e-01                 	5.2452905918e-01                 
2.0410000000e+01	3.0784837370e+02	6.4822617856e-02                 	6.3290112671e-02                 	1.5325051845e-03                 	9.7635848049e-01                 	5.2456240689e-01                 
2.0830000000e+01	3.0164115733e+02	6.4971700757e-02                 	6.3444699857e-02                 	1.5270008998e-03                 	9.7649744609e-01                 	5.2475334900e-01                 
2.1280000000e+01	2.9526246744e+02	6.5193694195e-02                 	6.3613146155e-02                 	1.5805480400e-03                 	9.7575612090e-01                 	5.2536136504e-01                 
2.1740000000e+01	2.8901496353e+02	6.5524393833e-02                 	6.3854437748e-02                 	1.6699560855e-03                 	9.7451397887e-01                 	5.2639019653e-01                 
2.2220000000e+01	2.8277161598e+02	6.5967385085e-02                 	6.4161363515e-02                 	1.8060215704e-03                 	9.7262250780e-01                 	5.2832954290e-01                 
2.2730000000e+01	2.7642698228e+02	6.6414287927e-02                 	6.4516539738e-02                 	1.8977481889e-03                 	9.7142560361e-01                 	5.3067914656e-01                 
2.3260000000e+01	2.7012834511e+02	6.6660720458e-02                 	6.4648541263e-02                 	2.0121791951e-03                 	9.6981461975e-01                 	5.3274484985e-01                 
2.3810000000e+01	2.6388850513e+02	6.6499721126e-02                 	6.4422898736e-02                 	2.0768223898e-03                 	9.6876945715e-01                 	5.3251246557e-01                 
2.4390000000e+01	2.5761317373e+02	6.5761043036e-02                 	6.3572053089e-02                 	2.1889899461e-03                 	9.6671296797e-01                 	5.2895798992e-01                 
2.5000000000e+01	2.5132741229e+02	6.4370122817e-02                 	6.1153421440e-02                 	3.2167013776e-03                 	9.5002803728e-01                 	5.2621708538e-01                 
2.5640000000e+01	2.4505402914e+02	6.4025356838e-02                 	5.5043169534e-02                 	8.9821873040e-03                 	8.5970890679e-01                 	5.6973173435e-01                 
2.6320000000e+01	2.3872284602e+02	6.4145153537e-02                 	5.1694654450e-02                 	1.2450499087e-02                 	8.0590117257e-01                 	6.0867581774e-01                 
2.7030000000e+01	2.3245228661e+02	6.4241451154e-02                 	4.9751991647e-02                 	1.4489459507e-02                 	7.7445311015e-01                 	6.3579622956e-01                 
2.7780000000e+01	2.2617657693e+02	6.4308352346e-02                 	4.8451618137e-02                 	1.5856734209e-02                 	7.5342652034e-01                 	6.5587012987e-01                 
2.8570000000e+01	2.1992248188e+02	6.4360465871e-02                 	4.7480576308e-02                 	1.6879889563e-02                 	7.3772890959e-01                 	6.7193296642e-01                 
2.9410000000e+01	2.1364111891e+02	6.4411114245e-02                 	4.6660840393e-02                 	1.7750273852e-02                 	7.2442218924e-01                 	6.8629155016e-01                 
3.0300000000e+01	2.0736585172e+02	6.4455243481e-02                 	4.6069283483e-02                 	1.8385959998e-02                 	7.1474842069e-01                 	6.9715790880e-01                 
3.1250000000e+01	2.0106192983e+02	6.4499339113e-02                 	4.5496620467e-02                 	1.9002718647e-02                 	7.0538118828e-01                 	7.0804643411e-01                 
3.2260000000e+01	1.9476705850e+02	6.4547356676e-02                 	4.5023197464e-02                 	1.9524159213e-02                 	6.9752194020e-01                 	7.1743169339e-01                 
3.3330000000e+01	1.8851441066e+02	6.4590188333e-02                 	4.4703461093e-02                 	1.9886727240e-02                 	6.9210916158e-01                 	7.2401140635e-01                 
3.7040000000e+01	1.6963243270e+02	6.4720530327e-02                 	4.3818623589e-02                 	2.0901906738e-02                 	6.7704364237e-01                 	7.4293978471e-01                 
3.8460000000e+01	1.6336935276e+02	6.4772246764e-02                 	4.3586084733e-02                 	2.1186162031e-02                 	6.7291296674e-01                 	7.4823110439e-01                 
4.0000000000e+01	1.5707963268e+02	6.4826861629e-02                 	4.3374589594e-02                 	2.1452272035e-02                 	6.6908359442e-01                 	7.5317082642e-01                 
4.1670000000e+01	1.5078438462e+02	6.4883458863e-02                 	4.3211882175e-02                 	2.1671576688e-02                 	6.6599227187e-01                 	7.5714168564e-01                 
4.3470000000e+01	1.4454072480e+02	6.4943383469e-02                 	4.3047061452e-02                 	2.1896322017e-02                 	6.6283983298e-01                 	7.6121809212e-01                 
4.5460000000e+01	1.3821349114e+02	6.5007881024e-02                 	4.2908271563e-02                 	2.2099609461e-02                 	6.6004722638e-01                 	7.6480726418e-01                 
4.7620000000e+01	1.3194425257e+02	6.5074452795e-02                 	4.2794397727e-02                 	2.2280055067e-02                 	6.5762209115e-01                 	7.6785933122e-01                 
5.0000000000e+01	1.2566370614e+02	6.5148095223e-02                 	4.2681997989e-02                 	2.2466097234e-02                 	6.5515342916e-01                 	7.7097638895e-01                 
5.2630000000e+01	1.1938410236e+02	6.5231812660e-02                 	4.2602990041e-02                 	2.2628822619e-02                 	6.5310142864e-01                 	7.7354723071e-01                 
5.5560000000e+01	1.1308828847e+02	6.5314253039e-02                 	4.2516099995e-02                 	2.2798153043e-02                 	6.5094673854e-01                 	7.7611131268e-01                 
5.8820000000e+01	1.0682055946e+02	6.5410674721e-02                 	4.2466442760e-02                 	2.2944231961e-02                 	6.4922801884e-01                 	7.7810325042e-01                 
6.2500000000e+01	1.0053096491e+02	6.5514746780e-02                 	4.2418314538e-02                 	2.3096432242e-02                 	6.4746208484e-01                 	7.8010024706e-01                 
6.6670000000e+01	9.4243067454e+01	6.5622783807e-02                 	4.2363998819e-02                 	2.3258784988e-02                 	6.4556844988e-01                 	7.8208483049e-01                 
7.1430000000e+01	8.7962835044e+01	6.5756156652e-02                 	4.2326112007e-02                 	2.3430044645e-02                 	6.4368287567e-01                 	7.8414604990e-01                 
7.6920000000e+01	8.1684676380e+01	6.5898146809e-02                 	4.2316459143e-02                 	2.3581687666e-02                 	6.4214945628e-01                 	7.8551819448e-01                 
8.3330000000e+01	7.5401239736e+01	6.6058125411e-02                 	4.2310824200e-02                 	2.3747301211e-02                 	6.4050900532e-01                 	7.8688351874e-01                 
9.0910000000e+01	6.9114347236e+01	6.6240019910e-02                 	4.2309423372e-02                 	2.3930596538e-02                 	6.3872902559e-01                 	7.8823221932e-01                 
9.5240000000e+01	6.5972126283e+01	6.6338592783e-02                 	4.2307726599e-02                 	2.4030866183e-02                 	6.3775435723e-01                 	7.8887529701e-01                 
1.0000000000e+02	6.2831853072e+01	6.6444696340e-02                 	4.2314068607e-02                 	2.4130627733e-02                 	6.3683139420e-01                 	7.8952135526e-01                 
1.0520000000e+02	5.9726096076e+01	6.6613302722e-02                 	4.2476712771e-02                 	2.4136589951e-02                 	6.3766111325e-01                 	7.8892969833e-01                 
1.1110000000e+02	5.6554323197e+01	6.6546836706e-02                 	4.2942868204e-02                 	2.3603968502e-02                 	6.4530292242e-01                 	7.8099110111e-01                 
1.1760000000e+02	5.3428446490e+01	6.6051103084e-02                 	4.6932624094e-02                 	1.9118478990e-02                 	7.1055019375e-01                 	7.2128215482e-01                 
1.2500000000e+02	5.0265482457e+01	6.8151017352e-02                 	5.1295209537e-02                 	1.6855807814e-02                 	7.5266975506e-01                 	7.1291707243e-01                 
1.3330000000e+02	4.7135673722e+01	6.8980753452e-02                 	5.4102811618e-02                 	1.4877941835e-02                 	7.8431749307e-01                 	6.7685384430e-01                 
1.4290000000e+02	4.3969106418e+01	6.5823439052e-02                 	5.2852176563e-02                 	1.2971262489e-02                 	8.0293854779e-01                 	6.5850787870e-01                 
1.5380000000e+02	4.0852960385e+01	6.5962839608e-02                 	5.4245179249e-02                 	1.1717660359e-02                 	8.2235967359e-01                 	6.3150139954e-01                 
1.6670000000e+02	3.7691573528e+01	7.0183032811e-02                 	5.9460045218e-02                 	1.0722987593e-02                 	8.4721396093e-01                 	6.6093191130e-01                 
1.8180000000e+02	3.4560975287e+01	6.7190140234e-02                 	5.8100139335e-02                 	9.0900008991e-03                 	8.6471227970e-01                 	6.0630508426e-01                 
2.0000000000e+02	3.1415926536e+01	6.9494646207e-02                 	6.1678345845e-02                 	7.8163003614e-03                 	8.8752658243e-01                 	6.1928268318e-01                 
2.2220000000e+02	2.8277161598e+01	6.5692216649e-02                 	5.8827881624e-02                 	6.8643350244e-03                 	8.9550763584e-01                 	5.9270404516e-01                 
2.5000000000e+02	2.5132741229e+01	6.9807633128e-02                 	6.3322632742e-02                 	6.4850003863e-03                 	9.0710184409e-01                 	5.5415961241e-01                 
2.8570000000e+02	2.1992248188e+01	7.0973650051e-02                 	6.6250092894e-02                 	4.7235571569e-03                 	9.3344632616e-01                 	5.5552220968e-01                 
3.3330000000e+02	1.8851441066e+01	7.6625369610e-02                 	7.3451185021e-02                 	3.1741845892e-03                 	9.5857527859e-01                 	6.2547432339e-01                 
4.0000000000e+02	1.5707963268e+01	7.0588711791e-02                 	6.7865377495e-02                 	2.7233342963e-03                 	9.6141969123e-01                 	4.9943633601e-01                 
5.0000000000e+02	1.2566370614e+01	8.5324584705e-02                 	8.3945341812e-02                 	1.3792428926e-03                 	9.8383534010e-01                 	5.4813638242e-01                 
6.2500000000e+02	1.0053096491e+01	8.0848685702e-02                 	7.9570941919e-02                 	1.2777437827e-03                 	9.8419586204e-01                 	5.0684164487e-01                 
