#wavelengths (mu)	size parameter  	extinction cross section (cm^2)  	scattering cross section (cm^2)  	absorption cross section (cm^2)  	single scattering albedo         	asymmetry parameter              
1.6530000000e-02	4.7852762486e+04	9.9648646030e-04                 	5.2299880823e-04                 	4.7348765207e-04                 	5.2484286447e-01                 	9.9131722715e-01                 
1.6750000000e-02	4.7224248591e+04	9.9649189825e-04                 	5.2266592381e-04                 	4.7382597444e-04                 	5.2450594403e-01                 	9.9146999080e-01                 
1.6980000000e-02	4.6584579735e+04	9.9649682335e-04                 	5.2193025179e-04                 	4.7456657156e-04                 	5.2376509343e-01                 	9.9185399806e-01                 
1.7220000000e-02	4.5935317299e+04	9.9650279216e-04                 	5.2193571841e-04                 	4.7456707375e-04                 	5.2376744202e-01                 	9.9185408014e-01                 
1.7710000000e-02	4.4664379667e+04	9.9651830605e-04                 	5.2299319001e-04                 	4.7352511604e-04                 	5.2482045421e-01                 	9.9111620139e-01                 
1.8230000000e-02	4.3390354575e+04	9.9653296907e-04                 	5.2325356262e-04                 	4.7327940645e-04                 	5.2507401045e-01                 	9.9084044110e-01                 
1.8790000000e-02	4.2097188073e+04	9.9654571707e-04                 	5.2137109157e-04                 	4.7517462550e-04                 	5.2317829743e-01                 	9.9175930436e-01                 
1.9070000000e-02	4.1479085679e+04	9.9655030458e-04                 	5.1992056280e-04                 	4.7662974177e-04                 	5.2172033907e-01                 	9.9254690442e-01                 
1.9370000000e-02	4.0836663082e+04	9.9655003785e-04                 	5.1837260122e-04                 	4.7817743663e-04                 	5.2016715822e-01                 	9.9362403461e-01                 
1.9680000000e-02	4.0193402637e+04	9.9655632114e-04                 	5.1797431703e-04                 	4.7858200412e-04                 	5.1976421807e-01                 	9.9383161421e-01                 
2.0000000000e-02	3.9550308195e+04	9.9656491265e-04                 	5.1962388598e-04                 	4.7694102667e-04                 	5.2141499202e-01                 	9.9312292303e-01                 
2.0330000000e-02	3.8908320900e+04	9.9657634430e-04                 	5.2324366603e-04                 	4.7333267827e-04                 	5.2504122642e-01                 	9.9141150294e-01                 
2.0660000000e-02	3.8286842396e+04	9.9658916662e-04                 	5.2789943554e-04                 	4.6868973108e-04                 	5.2970617504e-01                 	9.8898091272e-01                 
2.1010000000e-02	3.7649032075e+04	9.9660571385e-04                 	5.3312434035e-04                 	4.6348137350e-04                 	5.3494008006e-01                 	9.8558634567e-01                 
2.1380000000e-02	3.6997481941e+04	9.9662890549e-04                 	5.3403198669e-04                 	4.6259691880e-04                 	5.3583834841e-01                 	9.8295725114e-01                 
2.1750000000e-02	3.6368099489e+04	9.9663947758e-04                 	5.2710533622e-04                 	4.6953414136e-04                 	5.2888265825e-01                 	9.8676097394e-01                 
2.2140000000e-02	3.5727469011e+04	9.9664370314e-04                 	5.2346946597e-04                 	4.7317423717e-04                 	5.2523230149e-01                 	9.8931946141e-01                 
2.2540000000e-02	3.5093441167e+04	9.9665308123e-04                 	5.2347767082e-04                 	4.7317541041e-04                 	5.2523559168e-01                 	9.8931961472e-01                 
2.2750000000e-02	3.4769501710e+04	9.9665754470e-04                 	5.2314408685e-04                 	4.7351345785e-04                 	5.2489853674e-01                 	9.8953978767e-01                 
2.2960000000e-02	3.4451487975e+04	9.9666368377e-04                 	5.2321309350e-04                 	4.7345059027e-04                 	5.2496454122e-01                 	9.8940484532e-01                 
2.3390000000e-02	3.3818134412e+04	9.9667688898e-04                 	5.2198736835e-04                 	4.7468952063e-04                 	5.2372777389e-01                 	9.8985682525e-01                 
2.3840000000e-02	3.3179788754e+04	9.9668098624e-04                 	5.1816139529e-04                 	4.7851959096e-04                 	5.1988690708e-01                 	9.9233422565e-01                 
2.4070000000e-02	3.2862740502e+04	9.9667588372e-04                 	5.1695783120e-04                 	4.7971805253e-04                 	5.1868199044e-01                 	9.9339834661e-01                 
2.4310000000e-02	3.2538303739e+04	9.9667614722e-04                 	5.1829728992e-04                 	4.7837885730e-04                 	5.2002577905e-01                 	9.9299375609e-01                 
2.4800000000e-02	3.1895409834e+04	9.9668993679e-04                 	5.2106429370e-04                 	4.7562564308e-04                 	5.2279477746e-01                 	9.9155490079e-01                 
2.5300000000e-02	3.1265065767e+04	9.9669980455e-04                 	5.2171803942e-04                 	4.7498176513e-04                 	5.2344551192e-01                 	9.9131096173e-01                 
2.5830000000e-02	3.0623544866e+04	9.9671279919e-04                 	5.2329373946e-04                 	4.7341905973e-04                 	5.2501958426e-01                 	9.9047588311e-01                 
2.6380000000e-02	2.9985070656e+04	9.9672395355e-04                 	5.2464543965e-04                 	4.7207851389e-04                 	5.2636985174e-01                 	9.8988185328e-01                 
2.6950000000e-02	2.9350878067e+04	9.9674121101e-04                 	5.2728455779e-04                 	4.6945665321e-04                 	5.2900848482e-01                 	9.8822253684e-01                 
2.7550000000e-02	2.8711657492e+04	9.9675281866e-04                 	5.2809740838e-04                 	4.6865541028e-04                 	5.2981782293e-01                 	9.8792056578e-01                 
2.8180000000e-02	2.8069771607e+04	9.9677165691e-04                 	5.3177288374e-04                 	4.6499877317e-04                 	5.3349518924e-01                 	9.8556515846e-01                 
2.8830000000e-02	2.7436911686e+04	9.9679152133e-04                 	5.3357709189e-04                 	4.6321442945e-04                 	5.3529457310e-01                 	9.8396128299e-01                 
2.9520000000e-02	2.6795601758e+04	9.9680808767e-04                 	5.3440185821e-04                 	4.6240622946e-04                 	5.3611308417e-01                 	9.8328645864e-01                 
3.0240000000e-02	2.6157611240e+04	9.9682787310e-04                 	5.3672072224e-04                 	4.6010715086e-04                 	5.3842868636e-01                 	9.8141527762e-01                 
3.1000000000e-02	2.5516327868e+04	9.9684936211e-04                 	5.3821872153e-04                 	4.5863064058e-04                 	5.3991981335e-01                 	9.7980448071e-01                 
3.1790000000e-02	2.4882232271e+04	9.9686880568e-04                 	5.3830004383e-04                 	4.5856876184e-04                 	5.3999086015e-01                 	9.7936580779e-01                 
3.2630000000e-02	2.4241684459e+04	9.9688832096e-04                 	5.3887626928e-04                 	4.5801205169e-04                 	5.4055831325e-01                 	9.7873279852e-01                 
3.3510000000e-02	2.3605078003e+04	9.9690913579e-04                 	5.4009989695e-04                 	4.5680923884e-04                 	5.4177444820e-01                 	9.7758969887e-01                 
3.4440000000e-02	2.2967658650e+04	9.9692935987e-04                 	5.4111854362e-04                 	4.5581081625e-04                 	5.4278524177e-01                 	9.7676982719e-01                 
3.4930000000e-02	2.2645467045e+04	9.9694123790e-04                 	5.4307842525e-04                 	4.5386281266e-04                 	5.4474466960e-01                 	9.7520191600e-01                 
3.5420000000e-02	2.2332189833e+04	9.9695608886e-04                 	5.4514575574e-04                 	4.5181033312e-04                 	5.4681019739e-01                 	9.7302741537e-01                 
3.6470000000e-02	2.1689228514e+04	9.9698230937e-04                 	5.4485585987e-04                 	4.5212644950e-04                 	5.4650504302e-01                 	9.7243315838e-01                 
3.7570000000e-02	2.1054196537e+04	9.9700601296e-04                 	5.4363425877e-04                 	4.5337175419e-04                 	5.4526678045e-01                 	9.7308618042e-01                 
3.8750000000e-02	2.0413062294e+04	9.9702810073e-04                 	5.4214610344e-04                 	4.5488199729e-04                 	5.4376210966e-01                 	9.7438722638e-01                 
3.9360000000e-02	2.0096701318e+04	9.9703724992e-04                 	5.4163429094e-04                 	4.5540295898e-04                 	5.4324378651e-01                 	9.7515365170e-01                 
3.9990000000e-02	1.9780099122e+04	9.9704616427e-04                 	5.4213214340e-04                 	4.5491402087e-04                 	5.4373825689e-01                 	9.7526655718e-01                 
4.0650000000e-02	1.9458946221e+04	9.9705533105e-04                 	5.4389194735e-04                 	4.5316338371e-04                 	5.4549825913e-01                 	9.7456315435e-01                 
4.1330000000e-02	1.9138789351e+04	9.9706856018e-04                 	5.4817716509e-04                 	4.4889139510e-04                 	5.4978883798e-01                 	9.7167712149e-01                 
4.2750000000e-02	1.8503068161e+04	9.9709997916e-04                 	5.5698763831e-04                 	4.4011234085e-04                 	5.5860761203e-01                 	9.6497765870e-01                 
4.4280000000e-02	1.7863734505e+04	9.9713585456e-04                 	5.6965604749e-04                 	4.2747980707e-04                 	5.7129231176e-01                 	9.5464162511e-01                 
4.5090000000e-02	1.7542829095e+04	9.9715796872e-04                 	5.7950358366e-04                 	4.1765438505e-04                 	5.8115524505e-01                 	9.4565971348e-01                 
4.5920000000e-02	1.7225743987e+04	9.9718168109e-04                 	5.8935052415e-04                 	4.0783115694e-04                 	5.9101619627e-01                 	9.3562383156e-01                 
4.6790000000e-02	1.6905453385e+04	9.9720673796e-04                 	5.9948747374e-04                 	3.9771926422e-04                 	6.0116668983e-01                 	9.2433613183e-01                 
4.7690000000e-02	1.6586415682e+04	9.9723336841e-04                 	6.0985582192e-04                 	3.8737754648e-04                 	6.1154774925e-01                 	9.1148153564e-01                 
4.8620000000e-02	1.6269151869e+04	9.9726173756e-04                 	6.1864470658e-04                 	3.7861703098e-04                 	6.2034336953e-01                 	8.9835917000e-01                 
4.9590000000e-02	1.5950920829e+04	9.9728983984e-04                 	6.2200889626e-04                 	3.7528094358e-04                 	6.2369922104e-01                 	8.9001057193e-01                 
4.9790000000e-02	1.5886848040e+04	9.9729576142e-04                 	6.2220446575e-04                 	3.7509129568e-04                 	6.2389161753e-01                 	8.8866567543e-01                 
4.9990000000e-02	1.5823287935e+04	9.9730165403e-04                 	6.2172112597e-04                 	3.7558052807e-04                 	6.2340328370e-01                 	8.8799998520e-01                 
5.0610000000e-02	1.5629444060e+04	9.9731514331e-04                 	6.1626796951e-04                 	3.8104717379e-04                 	6.1792701500e-01                 	8.9249306346e-01                 
5.1020000000e-02	1.5503844843e+04	9.9732291238e-04                 	6.1520456429e-04                 	3.8211834809e-04                 	6.1685594169e-01                 	8.9358030143e-01                 
5.1450000000e-02	1.5374269463e+04	9.9733265777e-04                 	6.1802084589e-04                 	3.7931181188e-04                 	6.1967372779e-01                 	8.9002073800e-01                 
5.1660000000e-02	1.5311772433e+04	9.9733768789e-04                 	6.1942595183e-04                 	3.7791173605e-04                 	6.2107945920e-01                 	8.8809936698e-01                 
5.1880000000e-02	1.5246842018e+04	9.9734309384e-04                 	6.2012090876e-04                 	3.7722218508e-04                 	6.2177290101e-01                 	8.8678188979e-01                 
5.2310000000e-02	1.5121509537e+04	9.9735240569e-04                 	6.2048693386e-04                 	3.7686547183e-04                 	6.2213409255e-01                 	8.8583976181e-01                 
5.2760000000e-02	1.4992535328e+04	9.9736205961e-04                 	6.2332041976e-04                 	3.7404163985e-04                 	6.2496905086e-01                 	8.8241332296e-01                 
5.3210000000e-02	1.4865742603e+04	9.9737241963e-04                 	6.2724822186e-04                 	3.7012419777e-04                 	6.2890070902e-01                 	8.7747144703e-01                 
5.3910000000e-02	1.4672716822e+04	9.9738953518e-04                 	6.3520202462e-04                 	3.6218751056e-04                 	6.3686453709e-01                 	8.6722907108e-01                 
5.4620000000e-02	1.4481987622e+04	9.9740722334e-04                 	6.4404042265e-04                 	3.5336680070e-04                 	6.4571461643e-01                 	8.5565096936e-01                 
5.5100000000e-02	1.4355828746e+04	9.9742025615e-04                 	6.5268608748e-04                 	3.4473416866e-04                 	6.5437420532e-01                 	8.4425951739e-01                 
5.5850000000e-02	1.4163046802e+04	9.9744217026e-04                 	6.6674340151e-04                 	3.3069876875e-04                 	6.6845319096e-01                 	8.2467585891e-01                 
5.6360000000e-02	1.4034885804e+04	9.9745831103e-04                 	6.7611593799e-04                 	3.2134237303e-04                 	6.7783879338e-01                 	8.1073466395e-01                 
5.6870000000e-02	1.3909023455e+04	9.9747448770e-04                 	6.8143439206e-04                 	3.1604009565e-04                 	6.8315972033e-01                 	8.0129545895e-01                 
5.7400000000e-02	1.3780595190e+04	9.9748414873e-04                 	6.8238666608e-04                 	3.1509748265e-04                 	6.8410777950e-01                 	8.0049563137e-01                 
5.7670000000e-02	1.3716077057e+04	9.9749949974e-04                 	6.8626312105e-04                 	3.1123637869e-04                 	6.8798342378e-01                 	7.9097831479e-01                 
5.7940000000e-02	1.3652160233e+04	9.9750821833e-04                 	6.8713416931e-04                 	3.1037404902e-04                 	6.8885063469e-01                 	7.8833276276e-01                 
5.8210000000e-02	1.3588836349e+04	9.9751689358e-04                 	6.8656351046e-04                 	3.1095338312e-04                 	6.8827256448e-01                 	7.8738628961e-01                 
5.8480000000e-02	1.3526097194e+04	9.9752543235e-04                 	6.8425205028e-04                 	3.1327338206e-04                 	6.8594947868e-01                 	7.8852130719e-01                 
5.8760000000e-02	1.3461643361e+04	9.9753383042e-04                 	6.8109626298e-04                 	3.1643756744e-04                 	6.8278011453e-01                 	7.9082017535e-01                 
5.9040000000e-02	1.3397800879e+04	9.9754216807e-04                 	6.7648554953e-04                 	3.2105661854e-04                 	6.7815233399e-01                 	7.9486200774e-01                 
5.9320000000e-02	1.3334561091e+04	9.9754850703e-04                 	6.6830545351e-04                 	3.2924305351e-04                 	6.6994782590e-01                 	8.0383925107e-01                 
5.9610000000e-02	1.3269689044e+04	9.9755374429e-04                 	6.6235918503e-04                 	3.3519455926e-04                 	6.6398345836e-01                 	8.1082169625e-01                 
5.9900000000e-02	1.3205445140e+04	9.9755978963e-04                 	6.5915293031e-04                 	3.3840685932e-04                 	6.6076533674e-01                 	8.1436013129e-01                 
6.0190000000e-02	1.3141820301e+04	9.9756364508e-04                 	6.5332059466e-04                 	3.4424305042e-04                 	6.5491620297e-01                 	8.2178009489e-01                 
6.0480000000e-02	1.3078805620e+04	9.9756832333e-04                 	6.5331106145e-04                 	3.4425726188e-04                 	6.5490357519e-01                 	8.2211890280e-01                 
6.0780000000e-02	1.3014250804e+04	9.9757402247e-04                 	6.5430453708e-04                 	3.4326948539e-04                 	6.5589572537e-01                 	8.2097850394e-01                 
6.1080000000e-02	1.2950330123e+04	9.9758012019e-04                 	6.5668306064e-04                 	3.4089705955e-04                 	6.5827600947e-01                 	8.1808002834e-01                 
6.1380000000e-02	1.2887034277e+04	9.9758705369e-04                 	6.6034570624e-04                 	3.3724134746e-04                 	6.6194293901e-01                 	8.1339094310e-01                 
6.1990000000e-02	1.2760222034e+04	9.9760358242e-04                 	6.6977731394e-04                 	3.2782626848e-04                 	6.7138623572e-01                 	8.0074868264e-01                 
6.2300000000e-02	1.2696728152e+04	9.9761408428e-04                 	6.7592476772e-04                 	3.2168931657e-04                 	6.7754132421e-01                 	7.9210213989e-01                 
6.2620000000e-02	1.2631845479e+04	9.9762483210e-04                 	6.7771225638e-04                 	3.1991257571e-04                 	6.7932576914e-01                 	7.8849270573e-01                 
6.2940000000e-02	1.2567622559e+04	9.9763470977e-04                 	6.7701943087e-04                 	3.2061527889e-04                 	6.7862457495e-01                 	7.8805362907e-01                 
6.3260000000e-02	1.2504049382e+04	9.9764422674e-04                 	6.7593423081e-04                 	3.2170999593e-04                 	6.7753033866e-01                 	7.8821668614e-01                 
6.3580000000e-02	1.2441116135e+04	9.9765341855e-04                 	6.7399976962e-04                 	3.2365364893e-04                 	6.7558508505e-01                 	7.8948507515e-01                 
6.3910000000e-02	1.2376876293e+04	9.9766260829e-04                 	6.7163120995e-04                 	3.2603139835e-04                 	6.7320475315e-01                 	7.9134083751e-01                 
6.4240000000e-02	1.2313296449e+04	9.9767195075e-04                 	6.6835289581e-04                 	3.2931905494e-04                 	6.6991248507e-01                 	7.9423046836e-01                 
6.4580000000e-02	1.2248469556e+04	9.9767757679e-04                 	6.6038311883e-04                 	3.3729445796e-04                 	6.6192037808e-01                 	8.0376910574e-01                 
6.4910000000e-02	1.2186198797e+04	9.9768543485e-04                 	6.6120385223e-04                 	3.3648158262e-04                 	6.6273780205e-01                 	8.0236663963e-01                 
6.5080000000e-02	1.2154366378e+04	9.9768896203e-04                 	6.5905483776e-04                 	3.3863412427e-04                 	6.6058146661e-01                 	8.0480471894e-01                 
6.5250000000e-02	1.2122699830e+04	9.9769235491e-04                 	6.5800415618e-04                 	3.3968819873e-04                 	6.5952610837e-01                 	8.0599956502e-01                 
6.5600000000e-02	1.2058020791e+04	9.9770005483e-04                 	6.5730310626e-04                 	3.4039694857e-04                 	6.5881835235e-01                 	8.0653938591e-01                 
6.5950000000e-02	1.1994028262e+04	9.9770817782e-04                 	6.5689197362e-04                 	3.4081620419e-04                 	6.5840091144e-01                 	8.0661993665e-01                 
6.6300000000e-02	1.1930711371e+04	9.9771659266e-04                 	6.5664091965e-04                 	3.4107567300e-04                 	6.5814372988e-01                 	8.0643380631e-01                 
6.6660000000e-02	1.1866279086e+04	9.9772567496e-04                 	6.5638733845e-04                 	3.4133833651e-04                 	6.5788357954e-01                 	8.0612362943e-01                 
6.7020000000e-02	1.1802539002e+04	9.9773471315e-04                 	6.5561017153e-04                 	3.4212454161e-04                 	6.5709868856e-01                 	8.0644926050e-01                 
6.7570000000e-02	1.1706469793e+04	9.9774783586e-04                 	6.5350425233e-04                 	3.4424358353e-04                 	6.5497937339e-01                 	8.0822934371e-01                 
6.8120000000e-02	1.1611951907e+04	9.9776060026e-04                 	6.5123608476e-04                 	3.4652451550e-04                 	6.5269773590e-01                 	8.1031156412e-01                 
6.8500000000e-02	1.1547535239e+04	9.9776925052e-04                 	6.5015109113e-04                 	3.4761815939e-04                 	6.5160465788e-01                 	8.1123045561e-01                 
6.8880000000e-02	1.1483829325e+04	9.9777816445e-04                 	6.4941971482e-04                 	3.4835844963e-04                 	6.5086583166e-01                 	8.1166379001e-01                 
6.9260000000e-02	1.1420822465e+04	9.9778737208e-04                 	6.4891826352e-04                 	3.4886910856e-04                 	6.5035726216e-01                 	8.1175104110e-01                 
6.9650000000e-02	1.1356872418e+04	9.9779738357e-04                 	6.4870469842e-04                 	3.4909268514e-04                 	6.5013670020e-01                 	8.1134270804e-01                 
7.0050000000e-02	1.1292022325e+04	9.9780775818e-04                 	6.4805439506e-04                 	3.4975336313e-04                 	6.4947820834e-01                 	8.1141398895e-01                 
7.0250000000e-02	1.1259874219e+04	9.9781338312e-04                 	6.4776631559e-04                 	3.5004706754e-04                 	6.4918583629e-01                 	8.1129642143e-01                 
7.0450000000e-02	1.1227908643e+04	9.9781893865e-04                 	6.4677983446e-04                 	3.5103910419e-04                 	6.4819358444e-01                 	8.1202610673e-01                 
7.0850000000e-02	1.1164518898e+04	9.9782709148e-04                 	6.4200108049e-04                 	3.5582601098e-04                 	6.4339912794e-01                 	8.1757922512e-01                 
7.1260000000e-02	1.1100282962e+04	9.9783698522e-04                 	6.4031690186e-04                 	3.5752008336e-04                 	6.4170491909e-01                 	8.1906108319e-01                 
7.1670000000e-02	1.1036781971e+04	9.9784582995e-04                 	6.3600055988e-04                 	3.6184527008e-04                 	6.3737357093e-01                 	8.2395815926e-01                 
7.2080000000e-02	1.0974003384e+04	9.9785149863e-04                 	6.2974389960e-04                 	3.6810759904e-04                 	6.3109981842e-01                 	8.3203194262e-01                 
7.2510000000e-02	1.0908925167e+04	9.9785821116e-04                 	6.2608264905e-04                 	3.7177556211e-04                 	6.2742646405e-01                 	8.3683573540e-01                 
7.2930000000e-02	1.0846101246e+04	9.9786433341e-04                 	6.2250533186e-04                 	3.7535900155e-04                 	6.2383764107e-01                 	8.4165648993e-01                 
7.3150000000e-02	1.0813481393e+04	9.9786881201e-04                 	6.2218127638e-04                 	3.7568753562e-04                 	6.2351009361e-01                 	8.4196409817e-01                 
7.3360000000e-02	1.0782526771e+04	9.9787348006e-04                 	6.2130569432e-04                 	3.7656778574e-04                 	6.2262972886e-01                 	8.4284000444e-01                 
7.3800000000e-02	1.0718240703e+04	9.9788078335e-04                 	6.1701903931e-04                 	3.8086174403e-04                 	6.1832941330e-01                 	8.4831621633e-01                 
7.4240000000e-02	1.0654716647e+04	9.9788674466e-04                 	6.1191571406e-04                 	3.8597103061e-04                 	6.1321158672e-01                 	8.5516673445e-01                 
7.4690000000e-02	1.0590523014e+04	9.9788904634e-04                 	6.0502615042e-04                 	3.9286289593e-04                 	6.0630603436e-01                 	8.6530191756e-01                 
7.5140000000e-02	1.0527098268e+04	9.9789520240e-04                 	6.0257212226e-04                 	3.9532308014e-04                 	6.0384308975e-01                 	8.6893775821e-01                 
7.5600000000e-02	1.0463044496e+04	9.9789797250e-04                 	5.9665880304e-04                 	4.0123916946e-04                 	5.9791563815e-01                 	8.7783987211e-01                 
7.6060000000e-02	1.0399765500e+04	9.9790169608e-04                 	5.9274213204e-04                 	4.0515956404e-04                 	5.9398850044e-01                 	8.8399889950e-01                 
7.6530000000e-02	1.0335896562e+04	9.9790043864e-04                 	5.8643792463e-04                 	4.1146251401e-04                 	5.8767177758e-01                 	8.9444644024e-01                 
7.7010000000e-02	1.0271473366e+04	9.9790324884e-04                 	5.8636000605e-04                 	4.1154324279e-04                 	5.8759204035e-01                 	8.9592826406e-01                 
7.7490000000e-02	1.0207848289e+04	9.9791147063e-04                 	5.8954315079e-04                 	4.0836831984e-04                 	5.9077700592e-01                 	8.9197984676e-01                 
7.7980000000e-02	1.0143705615e+04	9.9791903125e-04                 	5.9056499056e-04                 	4.0735404070e-04                 	5.9179650058e-01                 	8.9097010430e-01                 
7.8470000000e-02	1.0080364010e+04	9.9792720040e-04                 	5.9255985166e-04                 	4.0536734874e-04                 	5.9379066071e-01                 	8.8858610768e-01                 
7.8970000000e-02	1.0016540001e+04	9.9793853530e-04                 	5.9618117120e-04                 	4.0175736410e-04                 	5.9741271643e-01                 	8.8347868711e-01                 
7.9990000000e-02	9.8888131503e+03	9.9795774765e-04                 	5.9839787822e-04                 	3.9955986942e-04                 	5.9962245860e-01                 	8.8047123593e-01                 
8.0510000000e-02	9.8249430368e+03	9.9796861307e-04                 	6.0075509949e-04                 	3.9721351359e-04                 	6.0197794962e-01                 	8.7715371942e-01                 
8.1040000000e-02	9.7606881033e+03	9.9797907475e-04                 	6.0238778737e-04                 	3.9559128739e-04                 	6.0360763327e-01                 	8.7487913860e-01                 
8.1570000000e-02	9.6972681610e+03	9.9799135420e-04                 	6.0534929535e-04                 	3.9264205886e-04                 	6.0656767496e-01                 	8.7053591733e-01                 
8.2110000000e-02	9.6334936536e+03	9.9800389458e-04                 	6.0696018161e-04                 	3.9104371297e-04                 	6.0817416135e-01                 	8.6786833782e-01                 
8.2660000000e-02	9.5693946757e+03	9.9801509064e-04                 	6.0728220563e-04                 	3.9073288500e-04                 	6.0849000314e-01                 	8.6715201450e-01                 
8.3210000000e-02	9.5061430585e+03	9.9802525568e-04                 	6.0743462344e-04                 	3.9059063224e-04                 	6.0863652496e-01                 	8.6687548110e-01                 
8.3770000000e-02	9.4425947701e+03	9.9803656605e-04                 	6.0854603834e-04                 	3.8949052770e-04                 	6.0974322890e-01                 	8.6518580593e-01                 
8.4340000000e-02	9.3787783246e+03	9.9804578217e-04                 	6.0796650366e-04                 	3.9007927852e-04                 	6.0915692899e-01                 	8.6610235548e-01                 
8.4920000000e-02	9.3147216662e+03	9.9805574863e-04                 	6.0919341223e-04                 	3.8886233640e-04                 	6.1038014466e-01                 	8.6463549488e-01                 
8.5510000000e-02	9.2504521564e+03	9.9806695651e-04                 	6.1196221016e-04                 	3.8610474635e-04                 	6.1314745085e-01                 	8.6101835263e-01                 
8.6100000000e-02	9.1870634599e+03	9.9807994560e-04                 	6.1479680923e-04                 	3.8328313637e-04                 	6.1597952342e-01                 	8.5694326163e-01                 
8.6700000000e-02	9.1234851660e+03	9.9809328077e-04                 	6.1778398957e-04                 	3.8030929120e-04                 	6.1896418048e-01                 	8.5265637797e-01                 
8.7310000000e-02	9.0597430294e+03	9.9810623259e-04                 	6.2019033301e-04                 	3.7791589958e-04                 	6.2136705769e-01                 	8.4921843838e-01                 
8.7930000000e-02	8.9958622074e+03	9.9811792867e-04                 	6.2241352290e-04                 	3.7570440577e-04                 	6.2358715841e-01                 	8.4631794087e-01                 
8.8560000000e-02	8.9318672527e+03	9.9813012960e-04                 	6.2715603859e-04                 	3.7097409101e-04                 	6.2833093601e-01                 	8.4027486768e-01                 
8.9200000000e-02	8.8677821064e+03	9.9814672527e-04                 	6.3737522479e-04                 	3.6077150048e-04                 	6.3855864940e-01                 	8.2677467100e-01                 
8.9840000000e-02	8.8046100166e+03	9.9817151687e-04                 	6.5355638803e-04                 	3.4461512884e-04                 	6.5475359393e-01                 	8.0479829757e-01                 
9.0170000000e-02	8.7723873117e+03	9.9818444719e-04                 	6.6051946140e-04                 	3.3766498579e-04                 	6.6172085055e-01                 	7.9528706042e-01                 
9.0500000000e-02	8.7403996010e+03	9.9820353522e-04                 	6.7250618385e-04                 	3.2569735138e-04                 	6.7371649179e-01                 	7.7905139042e-01                 
9.1160000000e-02	8.6771189545e+03	9.9823805770e-04                 	6.8170018916e-04                 	3.1653786854e-04                 	6.8290342559e-01                 	7.6473781302e-01                 
9.1500000000e-02	8.6448761081e+03	9.9825613514e-04                 	6.8468446608e-04                 	3.1357166906e-04                 	6.8588054906e-01                 	7.5943995033e-01                 
9.1840000000e-02	8.6128719936e+03	9.9827256942e-04                 	6.8419359398e-04                 	3.1407897544e-04                 	6.8537753609e-01                 	7.5826713553e-01                 
9.2180000000e-02	8.5811039694e+03	9.9828571258e-04                 	6.8070890575e-04                 	3.1757680684e-04                 	6.8187784035e-01                 	7.6087647645e-01                 
9.2530000000e-02	8.5486454544e+03	9.9829619772e-04                 	6.7610768929e-04                 	3.2218850843e-04                 	6.7726160917e-01                 	7.6513728644e-01                 
9.2870000000e-02	8.5173485937e+03	9.9830482589e-04                 	6.7134577026e-04                 	3.2695905563e-04                 	6.7248575069e-01                 	7.6981921545e-01                 
9.3220000000e-02	8.4853697049e+03	9.9831092969e-04                 	6.6556949091e-04                 	3.3274143878e-04                 	6.6669558663e-01                 	7.7604418602e-01                 
9.3570000000e-02	8.4536300512e+03	9.9831586504e-04                 	6.5993423437e-04                 	3.3838163067e-04                 	6.6104752762e-01                 	7.8229538175e-01                 
9.3930000000e-02	8.4212303193e+03	9.9831646791e-04                 	6.5220080314e-04                 	3.4611566477e-04                 	6.5330065576e-01                 	7.9171741588e-01                 
9.4280000000e-02	8.3899677969e+03	9.9831585115e-04                 	6.4532803329e-04                 	3.5298781785e-04                 	6.4641669523e-01                 	8.0054386616e-01                 
9.4640000000e-02	8.3580532956e+03	9.9831539084e-04                 	6.3930713570e-04                 	3.5900825514e-04                 	6.4038593572e-01                 	8.0857658279e-01                 
9.5010000000e-02	8.3255043037e+03	9.9831578953e-04                 	6.3431388514e-04                 	3.6400190440e-04                 	6.3538400553e-01                 	8.1544663398e-01                 
9.5370000000e-02	8.2940774237e+03	9.9831698347e-04                 	6.3022539537e-04                 	3.6809158809e-04                 	6.3128786328e-01                 	8.2115802062e-01                 
9.5740000000e-02	8.2620238552e+03	9.9831845782e-04                 	6.2635993273e-04                 	3.7195852508e-04                 	6.2741495745e-01                 	8.2665473642e-01                 
9.6110000000e-02	8.2302170835e+03	9.9832048049e-04                 	6.2303022108e-04                 	3.7529025941e-04                 	6.2407837289e-01                 	8.3147598631e-01                 
9.6860000000e-02	8.1664894063e+03	9.9832531586e-04                 	6.1704777840e-04                 	3.8127753746e-04                 	6.1808287198e-01                 	8.4032301609e-01                 
9.8400000000e-02	8.0386805274e+03	9.9833848965e-04                 	6.0771691195e-04                 	3.9062157770e-04                 	6.0872832036e-01                 	8.5462135268e-01                 
9.9190000000e-02	7.9746563554e+03	9.9834671700e-04                 	6.0424047508e-04                 	3.9410624192e-04                 	6.0524110992e-01                 	8.6015337489e-01                 
1.0000000000e-01	7.9100616389e+03	9.9835489737e-04                 	6.0075153581e-04                 	3.9760336156e-04                 	6.0174146227e-01                 	8.6584602389e-01                 
1.0250000000e-01	7.7171333063e+03	9.9838433202e-04                 	5.9419308597e-04                 	4.0419124606e-04                 	5.9515465829e-01                 	8.7726289678e-01                 
1.0330000000e-01	7.6573684791e+03	9.9839396158e-04                 	5.9305614244e-04                 	4.0533781914e-04                 	5.9401014556e-01                 	8.7964971267e-01                 
1.0420000000e-01	7.5912299798e+03	9.9840521615e-04                 	5.9259351304e-04                 	4.0581170311e-04                 	5.9354008117e-01                 	8.8116786050e-01                 
1.0510000000e-01	7.5262242045e+03	9.9841840931e-04                 	5.9414025610e-04                 	4.0427815321e-04                 	5.9508143135e-01                 	8.7971447986e-01                 
1.0640000000e-01	7.4342684577e+03	9.9844024164e-04                 	5.9971418719e-04                 	3.9872605445e-04                 	6.0065105770e-01                 	8.7283221933e-01                 
1.0690000000e-01	7.3994963882e+03	9.9845394085e-04                 	6.0571800588e-04                 	3.9273593497e-04                 	6.0665593183e-01                 	8.6438701277e-01                 
1.0780000000e-01	7.3377195166e+03	9.9848639130e-04                 	6.1821017430e-04                 	3.8027621700e-04                 	6.1914732107e-01                 	8.4582312479e-01                 
1.0880000000e-01	7.2702772417e+03	9.9851860129e-04                 	6.2646546044e-04                 	3.7205314085e-04                 	6.2739488241e-01                 	8.3301289540e-01                 
1.0970000000e-01	7.2106304822e+03	9.9854994294e-04                 	6.3392996568e-04                 	3.6461997726e-04                 	6.3485053518e-01                 	8.2118896950e-01                 
1.1070000000e-01	7.1454938021e+03	9.9857926963e-04                 	6.3745963693e-04                 	3.6111963270e-04                 	6.3836658372e-01                 	8.1470002019e-01                 
1.1120000000e-01	7.1133647832e+03	9.9859169404e-04                 	6.3782881486e-04                 	3.6076287919e-04                 	6.3872833978e-01                 	8.1344881597e-01                 
1.1170000000e-01	7.0815234010e+03	9.9860398837e-04                 	6.3835557738e-04                 	3.6024841099e-04                 	6.3924797499e-01                 	8.1202564487e-01                 
1.1270000000e-01	7.0186882333e+03	9.9862507232e-04                 	6.3771722468e-04                 	3.6090784764e-04                 	6.3859524696e-01                 	8.1165209992e-01                 
1.1370000000e-01	6.9569583456e+03	9.9864203481e-04                 	6.3552272919e-04                 	3.6311930563e-04                 	6.3638692047e-01                 	8.1368817055e-01                 
1.1480000000e-01	6.8902975949e+03	9.9865844055e-04                 	6.3295670039e-04                 	3.6570174017e-04                 	6.3380699014e-01                 	8.1652325680e-01                 
1.1810000000e-01	6.6977659940e+03	9.9870200134e-04                 	6.2526678662e-04                 	3.7343521472e-04                 	6.2607943689e-01                 	8.2607674406e-01                 
1.2160000000e-01	6.5049849004e+03	9.9874569537e-04                 	6.1810880497e-04                 	3.8063689040e-04                 	6.1888507538e-01                 	8.3597126339e-01                 
1.2400000000e-01	6.3790819669e+03	9.9877832159e-04                 	6.1512700601e-04                 	3.8365131558e-04                 	6.1587941259e-01                 	8.4019507471e-01                 
1.2650000000e-01	6.2530131533e+03	9.9881288555e-04                 	6.1262254143e-04                 	3.8619034411e-04                 	6.1335065887e-01                 	8.4377774614e-01                 
1.2780000000e-01	6.1894066032e+03	9.9883115361e-04                 	6.1155739656e-04                 	3.8727375705e-04                 	6.1227304970e-01                 	8.4531749553e-01                 
1.3050000000e-01	6.0613499149e+03	9.9886974353e-04                 	6.0989505157e-04                 	3.8897469196e-04                 	6.1058516941e-01                 	8.4769350600e-01                 
1.3330000000e-01	5.9340297366e+03	9.9891004200e-04                 	6.0856945073e-04                 	3.9034059127e-04                 	6.0923348965e-01                 	8.4957956916e-01                 
1.3780000000e-01	5.7402479238e+03	9.9897490517e-04                 	6.0719901715e-04                 	3.9177588802e-04                 	6.0782209243e-01                 	8.5140686678e-01                 
1.4090000000e-01	5.6139543215e+03	9.9901853980e-04                 	6.0617342446e-04                 	3.9284511534e-04                 	6.0676894403e-01                 	8.5280898407e-01                 
1.4590000000e-01	5.4215638375e+03	9.9908792285e-04                 	6.0429645686e-04                 	3.9479146600e-04                 	6.0484812501e-01                 	8.5556361168e-01                 
1.5120000000e-01	5.2315222480e+03	9.9916225051e-04                 	6.0309558317e-04                 	3.9606666734e-04                 	6.0360124981e-01                 	8.5733962592e-01                 
1.5310000000e-01	5.1665980659e+03	9.9918857290e-04                 	6.0242692881e-04                 	3.9676164409e-04                 	6.0291615132e-01                 	8.5840716531e-01                 
1.5500000000e-01	5.1032655735e+03	9.9921567151e-04                 	6.0164486799e-04                 	3.9757080352e-04                 	6.0211712561e-01                 	8.5976283723e-01                 
1.5600000000e-01	5.0705523327e+03	9.9923110440e-04                 	6.0156851417e-04                 	3.9766259022e-04                 	6.0203141348e-01                 	8.5999124331e-01                 
1.5690000000e-01	5.0414669464e+03	9.9924641749e-04                 	6.0198654351e-04                 	3.9725987398e-04                 	6.0244053216e-01                 	8.5946528406e-01                 
1.5790000000e-01	5.0095387200e+03	9.9926351497e-04                 	6.0247801386e-04                 	3.9678550111e-04                 	6.0292205693e-01                 	8.5885350290e-01                 
1.5830000000e-01	4.9968803784e+03	9.9927358163e-04                 	6.0387243195e-04                 	3.9540114968e-04                 	6.0431141487e-01                 	8.5678260482e-01                 
1.5900000000e-01	4.9748815339e+03	9.9928983271e-04                 	6.0610234209e-04                 	3.9318749062e-04                 	6.0653308205e-01                 	8.5340048134e-01                 
1.6000000000e-01	4.9437885243e+03	9.9931895715e-04                 	6.1233077287e-04                 	3.8698818427e-04                 	6.1274808058e-01                 	8.4368416539e-01                 
1.6100000000e-01	4.9130817633e+03	9.9935096647e-04                 	6.2041155725e-04                 	3.7893940922e-04                 	6.2081448667e-01                 	8.3100494297e-01                 
1.6140000000e-01	4.9009056003e+03	9.9936556065e-04                 	6.2469947578e-04                 	3.7466608488e-04                 	6.2509606131e-01                 	8.2429989591e-01                 
1.6190000000e-01	4.8857700055e+03	9.9938109917e-04                 	6.2890733493e-04                 	3.7047376424e-04                 	6.2929680725e-01                 	8.1775141088e-01                 
1.6230000000e-01	4.8737286746e+03	9.9939950481e-04                 	6.3568805461e-04                 	3.6371145020e-04                 	6.3607001160e-01                 	8.0730233575e-01                 
1.6250000000e-01	4.8677302394e+03	9.9940700608e-04                 	6.3923517849e-04                 	3.6017182759e-04                 	6.3961446598e-01                 	8.0178159118e-01                 
1.6270000000e-01	4.8617465513e+03	9.9941148862e-04                 	6.4254119361e-04                 	3.5687029501e-04                 	6.4291955909e-01                 	7.9655604950e-01                 
1.6290000000e-01	4.8557775561e+03	9.9941085253e-04                 	6.4468557068e-04                 	3.5472528185e-04                 	6.4506560945e-01                 	7.9300498578e-01                 
1.6310000000e-01	4.8498231998e+03	9.9940778047e-04                 	6.4649633408e-04                 	3.5291144639e-04                 	6.4687942871e-01                 	7.8996717848e-01                 
1.6340000000e-01	4.8409189957e+03	9.9940172455e-04                 	6.4762892758e-04                 	3.5177279696e-04                 	6.4801662002e-01                 	7.8790044373e-01                 
1.6360000000e-01	4.8350010018e+03	9.9939024326e-04                 	6.4805464662e-04                 	3.5133559664e-04                 	6.4845004341e-01                 	7.8687411348e-01                 
1.6380000000e-01	4.8290974597e+03	9.9937478249e-04                 	6.4762477258e-04                 	3.5175000991e-04                 	6.4802993224e-01                 	7.8711702709e-01                 
1.6400000000e-01	4.8232083164e+03	9.9935667717e-04                 	6.4559403070e-04                 	3.5376264646e-04                 	6.4600962345e-01                 	7.8976435071e-01                 
1.6420000000e-01	4.8173335195e+03	9.9934072997e-04                 	6.4246842246e-04                 	3.5687230751e-04                 	6.4289226206e-01                 	7.9415049375e-01                 
1.6440000000e-01	4.8114730164e+03	9.9932931172e-04                 	6.3911683724e-04                 	3.6021247448e-04                 	6.3954577310e-01                 	7.9900756792e-01                 
1.6470000000e-01	4.8027089490e+03	9.9932276417e-04                 	6.3611547818e-04                 	3.6320728599e-04                 	6.3654657032e-01                 	8.0343987505e-01                 
1.6490000000e-01	4.7968839533e+03	9.9931704733e-04                 	6.3302001743e-04                 	3.6629702990e-04                 	6.3345263560e-01                 	8.0808587098e-01                 
1.6530000000e-01	4.7852762486e+03	9.9931213148e-04                 	6.2258709581e-04                 	3.7672503567e-04                 	6.2301564866e-01                 	8.2420053442e-01                 
1.6580000000e-01	4.7708453793e+03	9.9931367927e-04                 	6.2237030129e-04                 	3.7694337797e-04                 	6.2279774030e-01                 	8.2453199855e-01                 
1.6640000000e-01	4.7536428119e+03	9.9931956072e-04                 	6.1692573797e-04                 	3.8239382275e-04                 	6.1734580431e-01                 	8.3317127634e-01                 
1.6750000000e-01	4.7224248591e+03	9.9933333512e-04                 	6.1074487967e-04                 	3.8858845545e-04                 	6.1115231346e-01                 	8.4314875784e-01                 
1.6870000000e-01	4.6888332181e+03	9.9937392049e-04                 	6.0949982589e-04                 	3.8987409460e-04                 	6.0988166030e-01                 	8.4833195125e-01                 
1.6980000000e-01	4.6584579735e+03	9.9928130733e-04                 	6.2114709938e-04                 	3.7813420795e-04                 	6.2159383431e-01                 	8.4492134317e-01                 
1.7030000000e-01	4.6447807627e+03	9.9921325505e-04                 	6.3195711319e-04                 	3.6725614186e-04                 	6.3245469373e-01                 	8.3982399983e-01                 
1.7100000000e-01	4.6257670403e+03	9.9900896550e-04                 	6.5091771951e-04                 	3.4809124599e-04                 	6.5156344136e-01                 	8.3097512520e-01                 
1.7220000000e-01	4.5935317299e+03	9.9991269278e-04                 	6.9117058330e-04                 	3.0874210948e-04                 	6.9123093275e-01                 	8.1291241292e-01                 
1.7260000000e-01	4.5828862335e+03	9.9848182626e-04                 	7.0287096656e-04                 	2.9561085970e-04                 	7.0393966928e-01                 	8.0665987508e-01                 
1.7340000000e-01	4.5617425830e+03	1.0001064059e-03                 	7.2702229112e-04                 	2.7308411475e-04                 	7.2694493991e-01                 	7.9738801027e-01                 
1.7370000000e-01	4.5538639257e+03	1.0006883562e-03                 	7.3499602949e-04                 	2.6569232667e-04                 	7.3449043848e-01                 	7.9450412917e-01                 
1.7460000000e-01	4.5303904003e+03	9.9936401685e-04                 	7.5361541823e-04                 	2.4574859862e-04                 	7.5409500995e-01                 	7.8624675002e-01                 
1.7570000000e-01	4.5020271138e+03	1.0008694240e-03                 	7.7499932547e-04                 	2.2587009852e-04                 	7.7432610778e-01                 	7.7935236336e-01                 
1.7590000000e-01	4.4969082655e+03	1.0007037308e-03                 	7.7783665468e-04                 	2.2286707608e-04                 	7.7728965204e-01                 	7.7805087689e-01                 
1.7710000000e-01	4.4664379667e+03	9.9864514525e-04                 	7.9072023190e-04                 	2.0792491335e-04                 	7.9179299641e-01                 	7.7262985163e-01                 
1.7970000000e-01	4.4018150467e+03	1.0006181034e-03                 	8.2486921283e-04                 	1.7574889055e-04                 	8.2435967333e-01                 	7.6268669566e-01                 
1.8000000000e-01	4.3944786883e+03	1.0017760082e-03                 	8.2930725216e-04                 	1.7246875608e-04                 	8.2783700682e-01                 	7.6183098400e-01                 
1.8230000000e-01	4.3390354575e+03	9.9766273107e-04                 	8.4679343041e-04                 	1.5086930066e-04                 	8.4877725111e-01                 	7.5488404183e-01                 
1.8510000000e-01	4.2733990486e+03	9.9760118038e-04                 	8.6889403992e-04                 	1.2870714046e-04                 	8.7098337192e-01                 	7.4899884366e-01                 
1.8790000000e-01	4.2097188073e+03	1.0015186487e-03                 	8.9391153775e-04                 	1.0760711090e-04                 	8.9255605870e-01                 	7.4505465728e-01                 
1.9070000000e-01	4.1479085679e+03	1.0002380694e-03                 	9.0762160245e-04                 	9.2616466983e-05                 	9.0740557692e-01                 	7.4192171227e-01                 
1.9370000000e-01	4.0836663082e+03	9.9969781151e-04                 	9.1518766468e-04                 	8.4510146835e-05                 	9.1546430745e-01                 	7.4083188030e-01                 
2.0000000000e-01	3.9550308195e+03	9.9924965890e-04                 	9.2714099776e-04                 	7.2108661139e-05                 	9.2783719214e-01                 	7.4499894382e-01                 
2.0660000000e-01	3.8286842396e+03	9.9946551473e-04                 	9.3580354472e-04                 	6.3661970006e-05                 	9.3630398541e-01                 	7.4816416753e-01                 
2.1380000000e-01	3.6997481941e+03	1.0006572854e-03                 	9.4667541668e-04                 	5.3981868748e-05                 	9.4605358944e-01                 	7.4423567190e-01                 
2.2140000000e-01	3.5727469011e+03	9.9987514718e-04                 	9.5612410301e-04                 	4.3751044174e-05                 	9.5624349270e-01                 	7.4358230410e-01                 
2.2540000000e-01	3.5093441167e+03	9.9990329976e-04                 	9.6252742975e-04                 	3.7375870001e-05                 	9.6262051539e-01                 	7.4172991430e-01                 
2.2960000000e-01	3.4451487975e+03	9.9967317527e-04                 	9.6939739280e-04                 	3.0275782476e-05                 	9.6971431941e-01                 	7.4598826627e-01                 
2.3840000000e-01	3.3179788754e+03	1.0000833394e-03                 	9.7773837818e-04                 	2.2344961173e-05                 	9.7765690089e-01                 	7.4150962980e-01                 
2.4360000000e-01	3.2471517401e+03	1.0004439577e-03                 	9.8138300267e-04                 	1.9060954983e-05                 	9.8094750352e-01                 	7.4266195811e-01                 
2.4800000000e-01	3.1895409834e+03	1.0000074677e-03                 	9.8213874928e-04                 	1.7868718412e-05                 	9.8213141502e-01                 	7.4624568142e-01                 
2.6100000000e-01	3.0306749575e+03	1.0002340917e-03                 	9.8477423538e-04                 	1.5459856273e-05                 	9.8454376190e-01                 	7.5037805971e-01                 
2.7550000000e-01	2.8711657492e+03	1.0005589788e-03                 	9.8722828488e-04                 	1.3330693883e-05                 	9.8667675353e-01                 	7.5084562767e-01                 
2.9170000000e-01	2.7117112235e+03	1.0006048773e-03                 	9.8943621771e-04                 	1.1168659547e-05                 	9.8883809204e-01                 	7.5235376436e-01                 
3.1000000000e-01	2.5516327868e+03	1.0004685385e-03                 	9.9174949606e-04                 	8.7190424102e-06                 	9.9128504088e-01                 	7.5423829537e-01                 
3.3060000000e-01	2.3926381243e+03	1.0025189798e-03                 	9.9626411716e-04                 	6.2548626850e-06                 	9.9376085360e-01                 	7.5680646336e-01                 
3.5110000000e-01	2.2529369521e+03	1.0011907032e-03                 	9.9728708107e-04                 	3.9036220852e-06                 	9.9610102044e-01                 	7.5933963233e-01                 
3.5560000000e-01	2.2244267826e+03	1.0010738740e-03                 	9.9758074951e-04                 	3.4931244777e-06                 	9.9651062267e-01                 	7.5769549170e-01                 
3.6090000000e-01	2.1917599443e+03	1.0021486948e-03                 	9.9978407924e-04                 	2.3646155525e-06                 	9.9764045439e-01                 	7.5773452798e-01                 
3.6117000000e-01	2.1901214494e+03	1.0020858973e-03                 	9.9982206716e-04                 	2.2638301215e-06                 	9.9774088217e-01                 	7.6035088032e-01                 
3.6502000000e-01	2.1670214342e+03	1.0014593715e-03                 	9.9947772987e-04                 	1.9816416680e-06                 	9.9802124607e-01                 	7.5865712170e-01                 
3.8210000000e-01	2.0701548388e+03	1.0006124754e-03                 	9.9956709327e-04                 	1.0453821188e-06                 	9.9895525776e-01                 	7.6009636109e-01                 
3.8670000000e-01	2.0455292576e+03	1.0018128862e-03                 	1.0008991071e-03                 	9.1377914122e-07                 	9.9908787444e-01                 	7.6170336947e-01                 
3.9340000000e-01	2.0106918248e+03	1.0032714614e-03                 	1.0024565986e-03                 	8.1486274770e-07                 	9.9918779435e-01                 	7.6118610755e-01                 
4.0470000000e-01	1.9545494537e+03	1.0026530311e-03                 	1.0019493321e-03                 	7.0369900380e-07                 	9.9929816299e-01                 	7.6192413556e-01                 
4.3100000000e-01	1.8352811227e+03	1.0027042310e-03                 	1.0021143561e-03                 	5.8987486392e-07                 	9.9941171599e-01                 	7.6191514044e-01                 
4.3580000000e-01	1.8150669204e+03	1.0025047994e-03                 	1.0019422786e-03                 	5.6252074982e-07                 	9.9943888473e-01                 	7.6159786610e-01                 
4.5790000000e-01	1.7274648698e+03	1.0018309226e-03                 	1.0013470207e-03                 	4.8390189823e-07                 	9.9951698247e-01                 	7.6296665269e-01                 
4.7800000000e-01	1.6548246107e+03	1.0027330000e-03                 	1.0023734851e-03                 	3.5951496727e-07                 	9.9964146491e-01                 	7.6454749534e-01                 
4.8610000000e-01	1.6272498743e+03	1.0026480355e-03                 	1.0023472135e-03                 	3.0082194593e-07                 	9.9969997254e-01                 	7.6388741920e-01                 
4.8800000000e-01	1.6209142703e+03	1.0014681197e-03                 	1.0011784196e-03                 	2.8970011671e-07                 	9.9971072457e-01                 	7.6487611793e-01                 
5.0000000000e-01	1.5820123278e+03	1.0024875744e-03                 	1.0022461979e-03                 	2.4137650415e-07                 	9.9975922245e-01                 	7.6488979693e-01                 
5.0240000000e-01	1.5744549441e+03	1.0034359920e-03                 	1.0031977143e-03                 	2.3827767117e-07                 	9.9976253825e-01                 	7.6449626396e-01                 
5.0850000000e-01	1.5555676773e+03	1.0042496443e-03                 	1.0040460265e-03                 	2.0361781935e-07                 	9.9979724382e-01                 	7.6336164979e-01                 
5.1450000000e-01	1.5374269463e+03	1.0025710997e-03                 	1.0023850766e-03                 	1.8602312283e-07                 	9.9981445393e-01                 	7.6473098833e-01                 
5.4610000000e-01	1.4484639515e+03	1.0030843083e-03                 	1.0029082927e-03                 	1.7601554635e-07                 	9.9982452567e-01                 	7.6501791768e-01                 
5.8930000000e-01	1.3422809501e+03	1.0027381349e-03                 	1.0025764692e-03                 	1.6166574636e-07                 	9.9983877571e-01                 	7.6711705202e-01                 
6.3280000000e-01	1.2500097407e+03	1.0041534302e-03                 	1.0039953306e-03                 	1.5809958156e-07                 	9.9984255436e-01                 	7.6405303748e-01                 
6.4380000000e-01	1.2286520098e+03	1.0039065841e-03                 	1.0037576254e-03                 	1.4895872304e-07                 	9.9985162093e-01                 	7.6682478070e-01                 
6.5630000000e-01	1.2052508973e+03	1.0024930214e-03                 	1.0023469440e-03                 	1.4607747133e-07                 	9.9985428580e-01                 	7.6778981976e-01                 
6.6780000000e-01	1.1844956033e+03	1.0019614028e-03                 	1.0018177691e-03                 	1.4363367219e-07                 	9.9985664750e-01                 	7.6728003104e-01                 
6.9070000000e-01	1.1452239234e+03	1.0061017361e-03                 	1.0059618618e-03                 	1.3987430377e-07                 	9.9986097400e-01                 	7.6783218466e-01                 
7.0650000000e-01	1.1196124047e+03	1.0061381318e-03                 	1.0059998921e-03                 	1.3823964751e-07                 	9.9986260371e-01                 	7.6744501020e-01                 
7.6790000000e-01	1.0300900689e+03	1.0065054848e-03                 	1.0063799744e-03                 	1.2551039852e-07                 	9.9987530083e-01                 	7.6912192638e-01                 
1.0000000000e+00	7.9100616389e+02	1.0060168737e-03                 	1.0059160447e-03                 	1.0082897019e-07                 	9.9989977408e-01                 	7.6717075847e-01                 
1.0139800000e+00	7.8010036085e+02	1.0047865144e-03                 	1.0046877228e-03                 	9.8791610718e-08                 	9.9990167900e-01                 	7.6814817021e-01                 
1.0600000000e+00	7.4623223009e+02	1.0050461926e-03                 	1.0049522689e-03                 	9.3923708653e-08                 	9.9990654787e-01                 	7.6945548408e-01                 
1.1286600000e+00	7.0083653527e+02	1.0126403300e-03                 	1.0125467177e-03                 	9.3612335976e-08                 	9.9990755618e-01                 	7.6933118643e-01                 
1.3190000000e+00	5.9970141311e+02	1.0085899648e-03                 	1.0085099904e-03                 	7.9974394972e-08                 	9.9992070673e-01                 	7.6773926246e-01                 
1.3672800000e+00	5.7852536708e+02	1.0100164022e-03                 	1.0099384885e-03                 	7.7913678493e-08                 	9.9992285900e-01                 	7.6949167303e-01                 
1.5000000000e+00	5.2733744260e+02	1.0100174223e-03                 	1.0099430966e-03                 	7.4325689848e-08                 	9.9992641148e-01                 	7.6924613163e-01                 
1.5295200000e+00	5.1715973893e+02	1.0142328994e-03                 	1.0141615270e-03                 	7.1372425936e-08                 	9.9992962916e-01                 	7.7043549643e-01                 
1.5500000000e+00	5.1032655735e+02	1.0095437490e-03                 	1.0094735471e-03                 	7.0201983974e-08                 	9.9993046167e-01                 	7.6962643465e-01                 
1.6932000000e+00	4.6716640910e+02	1.0114726073e-03                 	1.0114052835e-03                 	6.7323800474e-08                 	9.9993343982e-01                 	7.7003530742e-01                 
1.7092000000e+00	4.6279321548e+02	1.0150495026e-03                 	1.0149769059e-03                 	7.2596749266e-08                 	9.9992847960e-01                 	7.6726231552e-01                 
1.8130700000e+00	4.3627999134e+02	1.0189742645e-03                 	1.0189082563e-03                 	6.6008229164e-08                 	9.9993522091e-01                 	7.7159049032e-01                 
1.9700900000e+00	4.0150762853e+02	1.0148410236e-03                 	1.0147770868e-03                 	6.3936862941e-08                 	9.9993699815e-01                 	7.7066058157e-01                 
2.0000000000e+00	3.9550308195e+02	1.0095352644e-03                 	1.0094678087e-03                 	6.7455766407e-08                 	9.9993318137e-01                 	7.6700935910e-01                 
2.2492900000e+00	3.5166926625e+02	1.0172993907e-03                 	1.0172377627e-03                 	6.1627986971e-08                 	9.9993942001e-01                 	7.7183810460e-01                 
2.3254200000e+00	3.4015625732e+02	1.0139234985e-03                 	1.0138546271e-03                 	6.8871388081e-08                 	9.9993207437e-01                 	7.6599852972e-01                 
2.5000000000e+00	3.1640246556e+02	1.0183642839e-03                 	1.0183030727e-03                 	6.1211195290e-08                 	9.9993989263e-01                 	7.7157256894e-01                 
2.7000000000e+00	2.9296524589e+02	1.0164588104e-03                 	1.0163982142e-03                 	6.0596277209e-08                 	9.9994038492e-01                 	7.7217523425e-01                 
2.8000000000e+00	2.8250220139e+02	1.0218558509e-03                 	1.0217948610e-03                 	6.0989955709e-08                 	9.9994031452e-01                 	7.7129639142e-01                 
3.0000000000e+00	2.6366872130e+02	1.0169358959e-03                 	1.0168763754e-03                 	5.9520537340e-08                 	9.9994147071e-01                 	7.7284003186e-01                 
3.3033000000e+00	2.3945937817e+02	1.0096302013e-03                 	1.0095712244e-03                 	5.8976899763e-08                 	9.9994158564e-01                 	7.7256062224e-01                 
3.3330000000e+00	2.3732558173e+02	1.0299573162e-03                 	1.0299001079e-03                 	5.7208319673e-08                 	9.9994445564e-01                 	7.7885835094e-01                 
3.4480000000e+00	2.2941014034e+02	1.0334085319e-03                 	1.0333434099e-03                 	6.5122071922e-08                 	9.9993698323e-01                 	7.7306906816e-01                 
3.5000000000e+00	2.2600176111e+02	1.0255079380e-03                 	1.0254474861e-03                 	6.0451875842e-08                 	9.9994105177e-01                 	7.7090102947e-01                 
3.5078000000e+00	2.2549921999e+02	1.0305465230e-03                 	1.0304811905e-03                 	6.5332484348e-08                 	9.9993660404e-01                 	7.7279923465e-01                 
3.5710000000e+00	2.2150830689e+02	1.0307722231e-03                 	1.0307011312e-03                 	7.1091951129e-08                 	9.9993103040e-01                 	7.7379966292e-01                 
3.7040000000e+00	2.1355457989e+02	1.0276812364e-03                 	1.0276226061e-03                 	5.8630285419e-08                 	9.9994294896e-01                 	7.7499824040e-01                 
3.8000000000e+00	2.0815951681e+02	1.0339016107e-03                 	1.0338931171e-03                 	8.4936093330e-09                 	9.9999178490e-01                 	7.7164687521e-01                 
4.0000000000e+00	1.9775154097e+02	1.0116791592e-03                 	1.0116632787e-03                 	1.5880563848e-08                 	9.9998430277e-01                 	7.6603726992e-01                 
4.1670000000e+00	1.8982629323e+02	1.0176096347e-03                 	1.0175816395e-03                 	2.7995164729e-08                 	9.9997248929e-01                 	7.7403964647e-01                 
4.2580000000e+00	1.8576941378e+02	1.0183662540e-03                 	1.0183304643e-03                 	3.5789608514e-08                 	9.9996485586e-01                 	7.7564601330e-01                 
4.3480000000e+00	1.8192414073e+02	1.0164357420e-03                 	1.0163843457e-03                 	5.1396237111e-08                 	9.9994943484e-01                 	7.7398824334e-01                 
4.5000000000e+00	1.7577914753e+02	1.0298245278e-03                 	1.0297403372e-03                 	8.4190565945e-08                 	9.9991824766e-01                 	7.7807976595e-01                 
4.5450000000e+00	1.7403875993e+02	1.0276270517e-03                 	1.0274713696e-03                 	1.5568207303e-07                 	9.9984850333e-01                 	7.7174166726e-01                 
4.7620000000e+00	1.6610797226e+02	1.0247207594e-03                 	1.0245184808e-03                 	2.0227865255e-07                 	9.9980260120e-01                 	7.7503854661e-01                 
5.0000000000e+00	1.5820123278e+02	1.0191629883e-03                 	1.0187956158e-03                 	3.6737245168e-07                 	9.9963953513e-01                 	7.7973266323e-01                 
5.1280000000e+00	1.5425237205e+02	1.0220053380e-03                 	1.0215086585e-03                 	4.9667946359e-07                 	9.9951401480e-01                 	7.7792941689e-01                 
5.2080000000e+00	1.5188290397e+02	1.0224813710e-03                 	1.0219067058e-03                 	5.7466516127e-07                 	9.9943797004e-01                 	7.8573874373e-01                 
5.2630000000e+00	1.5029568001e+02	1.0285946800e-03                 	1.0279310119e-03                 	6.6366804546e-07                 	9.9935478176e-01                 	7.8283310844e-01                 
5.3190000000e+00	1.4871332279e+02	1.0436047427e-03                 	1.0428109150e-03                 	7.9382769158e-07                 	9.9923934066e-01                 	7.8870354505e-01                 
5.3760000000e+00	1.4713656322e+02	1.0224394384e-03                 	1.0214817523e-03                 	9.5768607554e-07                 	9.9906333222e-01                 	7.7969376774e-01                 
5.4350000000e+00	1.4553931258e+02	1.0547395289e-03                 	1.0536826999e-03                 	1.0568289417e-06                 	9.9899801902e-01                 	7.8344695239e-01                 
5.4950000000e+00	1.4395016631e+02	1.0163956287e-03                 	1.0152831179e-03                 	1.1125108723e-06                 	9.9890543521e-01                 	7.8086742634e-01                 
5.5550000000e+00	1.4239534904e+02	1.0412542461e-03                 	1.0399416169e-03                 	1.3126292329e-06                 	9.9873937683e-01                 	7.8316852521e-01                 
5.6180000000e+00	1.4079853398e+02	1.0269784025e-03                 	1.0254474425e-03                 	1.5309599741e-06                 	9.9850925787e-01                 	7.8533938246e-01                 
5.6820000000e+00	1.3921263004e+02	1.0304979286e-03                 	1.0275423318e-03                 	2.9555968349e-06                 	9.9713187504e-01                 	7.7614187886e-01                 
5.7470000000e+00	1.3763810056e+02	1.0476965396e-03                 	1.0457219587e-03                 	1.9745808847e-06                 	9.9811531220e-01                 	7.8556793617e-01                 
5.8140000000e+00	1.3605197177e+02	1.0116527706e-03                 	1.0095893324e-03                 	2.0634381665e-06                 	9.9796032964e-01                 	7.8738794524e-01                 
5.8820000000e+00	1.3447911661e+02	1.0543129868e-03                 	1.0519815693e-03                 	2.3314174591e-06                 	9.9778868563e-01                 	7.9204159860e-01                 
5.9520000000e+00	1.3289754098e+02	1.0166409160e-03                 	1.0139148539e-03                 	2.7260620486e-06                 	9.9731855958e-01                 	7.9036339203e-01                 
6.0240000000e+00	1.3130912415e+02	1.0500063927e-03                 	1.0469418964e-03                 	3.0644962880e-06                 	9.9708144988e-01                 	7.9051724399e-01                 
6.0980000000e+00	1.2971567135e+02	1.0213007145e-03                 	1.0177579102e-03                 	3.5428042661e-06                 	9.9653108608e-01                 	7.8736872054e-01                 
6.1720000000e+00	1.2816042837e+02	1.0248364583e-03                 	1.0208826705e-03                 	3.9537878189e-06                 	9.9614203048e-01                 	7.9093392064e-01                 
6.2500000000e+00	1.2656098622e+02	1.0499288479e-03                 	1.0452706201e-03                 	4.6582278421e-06                 	9.9556329188e-01                 	7.9135206706e-01                 
6.3290000000e+00	1.2498122356e+02	1.0220187658e-03                 	1.0167676935e-03                 	5.2510723295e-06                 	9.9486205879e-01                 	7.9549149473e-01                 
6.4100000000e+00	1.2340189764e+02	1.0538019728e-03                 	1.0478073823e-03                 	5.9945905124e-06                 	9.9431146395e-01                 	7.9776443858e-01                 
6.4940000000e+00	1.2180569201e+02	1.0214928073e-03                 	1.0131980344e-03                 	8.2947729020e-06                 	9.9187975398e-01                 	7.8320183996e-01                 
6.5790000000e+00	1.2023197506e+02	1.0586318606e-03                 	1.0498978956e-03                 	8.7339649502e-06                 	9.9174976186e-01                 	8.0179173328e-01                 
6.6670000000e+00	1.1864499233e+02	1.0212304233e-03                 	1.0099122460e-03                 	1.1318177300e-05                 	9.8891711700e-01                 	7.9440632525e-01                 
6.7570000000e+00	1.1706469793e+02	1.0391178373e-03                 	1.0272526234e-03                 	1.1865213915e-05                 	9.8858145488e-01                 	8.0872014599e-01                 
6.8490000000e+00	1.1549221257e+02	1.0245086053e-03                 	1.0118449252e-03                 	1.2663680045e-05                 	9.8763926435e-01                 	7.9168786964e-01                 
6.9440000000e+00	1.1391217798e+02	1.0589527151e-03                 	1.0434260342e-03                 	1.5526680908e-05                 	9.8533770140e-01                 	8.0483107934e-01                 
7.0420000000e+00	1.1232691904e+02	1.0302107091e-03                 	1.0126019293e-03                 	1.7608779793e-05                 	9.8290759392e-01                 	8.0130200858e-01                 
7.1430000000e+00	1.1073864817e+02	1.0463017697e-03                 	1.0284899183e-03                 	1.7811851397e-05                 	9.8297637267e-01                 	8.0745744342e-01                 
7.2460000000e+00	1.0916452717e+02	1.0271495240e-03                 	1.0082103993e-03                 	1.8939124685e-05                 	9.8156147256e-01                 	8.1057926483e-01                 
7.3520000000e+00	1.0759060989e+02	1.0484145956e-03                 	1.0275193519e-03                 	2.0895243701e-05                 	9.8006967493e-01                 	8.0887815737e-01                 
7.4630000000e+00	1.0599037437e+02	1.0363418509e-03                 	1.0106798971e-03                 	2.5661953823e-05                 	9.7523794509e-01                 	8.0829789662e-01                 
7.5760000000e+00	1.0440947253e+02	1.0466409890e-03                 	1.0208518991e-03                 	2.5789089933e-05                 	9.7536013762e-01                 	8.1904525485e-01                 
7.6920000000e+00	1.0283491470e+02	1.0194563764e-03                 	9.9100136242e-04                 	2.8455013974e-05                 	9.7208805140e-01                 	8.1878460567e-01                 
7.8120000000e+00	1.0125526932e+02	1.0552224256e-03                 	1.0193206521e-03                 	3.5901773512e-05                 	9.6597705598e-01                 	8.2195440929e-01                 
7.9360000000e+00	9.9673155733e+01	1.0158849414e-03                 	9.7566603059e-04                 	4.0218910757e-05                 	9.6040997448e-01                 	8.2315193238e-01                 
8.0650000000e+00	9.8078879590e+01	1.0587551154e-03                 	1.0119659498e-03                 	4.6789165571e-05                 	9.5580737709e-01                 	8.3173508685e-01                 
8.1970000000e+00	9.6499471013e+01	9.9536585782e-04                 	9.4843430810e-04                 	4.6931549729e-05                 	9.5284995024e-01                 	8.2973847659e-01                 
8.3330000000e+00	9.4924536649e+01	1.0516439268e-03                 	1.0004874787e-03                 	5.1156448120e-05                 	9.5135573285e-01                 	8.4423181955e-01                 
8.4750000000e+00	9.3334060637e+01	9.9502143609e-04                 	9.4223008385e-04                 	5.2791352242e-05                 	9.4694450760e-01                 	8.3951177504e-01                 
8.6210000000e+00	9.1753411889e+01	1.0481136988e-03                 	9.9273716536e-04                 	5.5376533493e-05                 	9.4716552836e-01                 	8.5121165123e-01                 
8.7720000000e+00	9.0173981292e+01	1.0473154283e-03                 	9.8374558426e-04                 	6.3569844041e-05                 	9.3930210295e-01                 	8.5526263390e-01                 
8.9290000000e+00	8.8588438111e+01	1.0400537782e-03                 	9.5219583079e-04                 	8.7857947406e-05                 	9.1552557257e-01                 	8.5733078007e-01                 
9.0910000000e+00	8.7009807930e+01	1.0949863648e-03                 	1.0004628027e-03                 	9.4523562149e-05                 	9.1367603727e-01                 	8.6399090173e-01                 
9.2590000000e+00	8.5431057770e+01	1.0280683021e-03                 	9.0457303832e-04                 	1.2349526382e-04                 	8.7987640163e-01                 	8.6110252279e-01                 
9.4340000000e+00	8.3846317988e+01	1.0370744044e-03                 	8.9579315666e-04                 	1.4128124772e-04                 	8.6376941989e-01                 	8.8082621271e-01                 
9.5240000000e+00	8.3053986129e+01	1.0265595865e-03                 	8.5941065908e-04                 	1.6714892743e-04                 	8.3717562076e-01                 	8.8363127186e-01                 
9.6150000000e+00	8.2267931762e+01	1.0777497275e-03                 	8.9459470169e-04                 	1.8315502578e-04                 	8.3005792429e-01                 	9.0431102225e-01                 
9.7090000000e+00	8.1471435152e+01	1.0410218998e-03                 	8.2377433113e-04                 	2.1724756862e-04                 	7.9131316193e-01                 	9.0043616951e-01                 
9.8040000000e+00	8.0681983261e+01	1.0314223942e-03                 	7.8011707733e-04                 	2.5130531685e-04                 	7.5635072666e-01                 	9.1167902273e-01                 
9.9010000000e+00	7.9891542662e+01	1.0803019354e-03                 	7.9464627838e-04                 	2.8565565706e-04                 	7.3557794567e-01                 	9.2703097255e-01                 
1.0000000000e+01	7.9100616389e+01	1.0241274571e-03                 	7.3945329378e-04                 	2.8467416330e-04                 	7.2203248597e-01                 	9.2137576985e-01                 
1.0100000000e+01	7.8317441970e+01	1.0526507278e-03                 	6.9185718142e-04                 	3.6079354636e-04                 	6.5725236601e-01                 	9.4313830897e-01                 
1.0200000000e+01	7.7549623911e+01	1.0647202081e-03                 	6.9039026351e-04                 	3.7432994455e-04                 	6.4842411958e-01                 	9.4804699268e-01                 
1.0310000000e+01	7.6722227342e+01	1.0211432530e-03                 	6.8031096805e-04                 	3.4083228497e-04                 	6.6622480836e-01                 	9.3968092449e-01                 
1.0420000000e+01	7.5912299798e+01	1.0916368521e-03                 	7.8670385493e-04                 	3.0493299720e-04                 	7.2066443469e-01                 	9.4229981380e-01                 
1.0530000000e+01	7.5119293817e+01	1.0220335974e-03                 	7.2584008318e-04                 	2.9619351423e-04                 	7.1019199860e-01                 	9.3802500676e-01                 
1.0640000000e+01	7.4342684577e+01	1.0712560937e-03                 	7.6256000150e-04                 	3.0869609223e-04                 	7.1183725905e-01                 	9.4552119028e-01                 
1.0750000000e+01	7.3581968734e+01	1.0490521627e-03                 	7.0569747003e-04                 	3.4335469269e-04                 	6.7270007642e-01                 	9.5256994376e-01                 
1.0870000000e+01	7.2769656292e+01	1.0470449518e-03                 	6.6174208209e-04                 	3.8530286968e-04                 	6.3200923797e-01                 	9.6266785770e-01                 
1.0990000000e+01	7.1975083157e+01	1.0654312392e-03                 	6.3662063473e-04                 	4.2881060443e-04                 	5.9752390519e-01                 	9.7357740670e-01                 
1.1110000000e+01	7.1197674518e+01	1.0458661380e-03                 	5.8031539118e-04                 	4.6555074678e-04                 	5.5486583810e-01                 	9.7938962552e-01                 
1.1240000000e+01	7.0374213870e+01	1.0615660025e-03                 	5.6593445696e-04                 	4.9563154555e-04                 	5.3311283106e-01                 	9.8430142393e-01                 
1.1360000000e+01	6.9630824287e+01	1.0559935647e-03                 	5.5115111430e-04                 	5.0484245042e-04                 	5.2192658432e-01                 	9.8682766349e-01                 
1.1490000000e+01	6.8843008172e+01	1.0510877250e-03                 	5.4317388218e-04                 	5.0791384280e-04                 	5.1677311919e-01                 	9.9115219243e-01                 
1.1630000000e+01	6.8014287523e+01	1.0690058590e-03                 	5.6809803164e-04                 	5.0090782739e-04                 	5.3142649017e-01                 	9.9566296231e-01                 
1.1700000000e+01	6.7607364435e+01	1.0329321473e-03                 	5.3936718858e-04                 	4.9356495870e-04                 	5.2217097706e-01                 	9.9716714023e-01                 
1.1760000000e+01	6.7262428903e+01	9.0335097147e-04                 	4.1960689231e-04                 	4.8374407916e-04                 	4.6450040523e-01                 	9.9784492115e-01                 
1.1900000000e+01	6.6471106210e+01	9.1720548477e-04                 	4.6260459618e-04                 	4.5460088859e-04                 	5.0436309405e-01                 	9.9748515643e-01                 
1.2050000000e+01	6.5643665054e+01	9.7559226177e-04                 	5.6108906874e-04                 	4.1450319303e-04                 	5.7512660845e-01                 	9.9077186263e-01                 
1.2200000000e+01	6.4836570811e+01	9.9970116914e-04                 	6.2766653720e-04                 	3.7203463195e-04                 	6.2785415939e-01                 	9.7648001134e-01                 
1.2270000000e+01	6.4466680024e+01	9.8266749337e-04                 	6.2882445127e-04                 	3.5384304210e-04                 	6.3991579605e-01                 	9.6503402831e-01                 
1.2350000000e+01	6.4049082097e+01	1.0191150486e-03                 	6.7868333635e-04                 	3.4043171229e-04                 	6.6595360088e-01                 	9.5571686071e-01                 
1.2500000000e+01	6.3280493112e+01	1.0016151346e-03                 	6.8264964308e-04                 	3.1896549148e-04                 	6.8154884998e-01                 	9.2710502083e-01                 
1.2660000000e+01	6.2480739644e+01	1.0135400692e-03                 	7.0607632156e-04                 	3.0746374765e-04                 	6.9664371741e-01                 	8.9979541518e-01                 
1.2820000000e+01	6.1700948822e+01	1.0220243435e-03                 	7.3993133348e-04                 	2.8209300998e-04                 	7.2398601678e-01                 	8.6630939933e-01                 
1.2990000000e+01	6.0893469122e+01	1.0271825160e-03                 	7.7724419081e-04                 	2.4993832522e-04                 	7.5667583772e-01                 	8.2630397825e-01                 
1.3330000000e+01	5.9340297366e+01	1.0346599307e-03                 	8.5597653186e-04                 	1.7868339881e-04                 	8.2730229178e-01                 	7.3374091061e-01                 
1.3510000000e+01	5.8549679045e+01	1.0383981409e-03                 	8.7350471327e-04                 	1.6489342759e-04                 	8.4120404197e-01                 	6.9892203241e-01                 
1.3700000000e+01	5.7737676197e+01	1.0417444373e-03                 	8.9684055898e-04                 	1.4490387832e-04                 	8.6090266180e-01                 	6.6126384612e-01                 
1.3890000000e+01	5.6947887969e+01	1.0451034261e-03                 	9.2880728208e-04                 	1.1629614406e-04                 	8.8872283723e-01                 	6.2229478794e-01                 
1.4080000000e+01	5.6179415049e+01	1.0486101374e-03                 	9.3142317920e-04                 	1.1718695817e-04                 	8.8824544605e-01                 	6.1539830416e-01                 
1.4290000000e+01	5.5353825325e+01	1.0517627110e-03                 	9.3843970922e-04                 	1.1332300182e-04                 	8.9225421226e-01                 	6.0798986711e-01                 
1.4490000000e+01	5.4589797370e+01	1.0546751633e-03                 	9.4163705185e-04                 	1.1303811146e-04                 	8.9282187029e-01                 	6.0485877745e-01                 
1.4710000000e+01	5.3773362603e+01	1.0577773823e-03                 	9.4662874693e-04                 	1.1114863539e-04                 	8.9492246927e-01                 	6.0102169097e-01                 
1.4930000000e+01	5.2980988874e+01	1.0609064093e-03                 	9.4902260993e-04                 	1.1188379941e-04                 	8.9453942551e-01                 	5.9959436221e-01                 
1.5150000000e+01	5.2211627980e+01	1.0638276479e-03                 	9.4880680192e-04                 	1.1502084594e-04                 	8.9188018739e-01                 	6.0031087500e-01                 
1.5380000000e+01	5.1430829902e+01	1.0667756706e-03                 	9.5542485407e-04                 	1.1135081651e-04                 	8.9561927631e-01                 	5.9643737128e-01                 
1.5630000000e+01	5.0608199865e+01	1.0693971002e-03                 	9.6395331140e-04                 	1.0544378876e-04                 	9.0139884544e-01                 	5.9154585206e-01                 
1.5870000000e+01	4.9842858468e+01	1.0726593663e-03                 	9.8132857924e-04                 	9.1330787018e-05                 	9.1485574089e-01                 	5.8138274464e-01                 
1.6130000000e+01	4.9039439795e+01	1.0763997882e-03                 	1.0007867226e-03                 	7.5613065561e-05                 	9.2975373426e-01                 	5.7094398832e-01                 
1.6390000000e+01	4.8261510915e+01	1.0803268026e-03                 	1.0131030184e-03                 	6.7223784199e-05                 	9.3777458447e-01                 	5.6564128145e-01                 
1.6670000000e+01	4.7450879658e+01	1.0848363359e-03                 	1.0268159661e-03                 	5.8020369815e-05                 	9.4651693726e-01                 	5.6034834189e-01                 
1.6950000000e+01	4.6667030318e+01	1.0899382022e-03                 	1.0416254497e-03                 	4.8312752472e-05                 	9.5567386080e-01                 	5.5535545198e-01                 
1.7240000000e+01	4.5882028068e+01	1.0956233420e-03                 	1.0493484390e-03                 	4.6274903018e-05                 	9.5776385803e-01                 	5.5477158374e-01                 
1.7540000000e+01	4.5097272742e+01	1.1020406130e-03                 	1.0581620378e-03                 	4.3878575222e-05                 	9.6018424847e-01                 	5.5415702690e-01                 
1.7860000000e+01	4.4289258897e+01	1.1104438163e-03                 	1.0665784252e-03                 	4.3865391098e-05                 	9.6049742413e-01                 	5.5470639792e-01                 
1.8180000000e+01	4.3509689983e+01	1.1216494557e-03                 	1.0768214279e-03                 	4.4828027825e-05                 	9.6003383446e-01                 	5.5564656538e-01                 
1.8520000000e+01	4.2710915977e+01	1.1364555496e-03                 	1.0882548758e-03                 	4.8200673780e-05                 	9.5758683760e-01                 	5.5731516635e-01                 
1.8870000000e+01	4.1918715628e+01	1.1543254454e-03                 	1.1040838882e-03                 	5.0241557231e-05                 	9.5647539658e-01                 	5.5961969953e-01                 
1.9230000000e+01	4.1133965881e+01	1.1767065098e-03                 	1.1229377847e-03                 	5.3768725072e-05                 	9.5430574691e-01                 	5.6139954284e-01                 
1.9610000000e+01	4.0336877302e+01	1.1913791774e-03                 	1.1407063730e-03                 	5.0672804335e-05                 	9.5746710594e-01                 	5.6382365035e-01                 
2.0000000000e+01	3.9550308195e+01	1.2115265152e-03                 	1.1618618867e-03                 	4.9664628477e-05                 	9.5900656911e-01                 	5.6726856329e-01                 
2.0410000000e+01	3.8755814008e+01	1.2246492769e-03                 	1.1766753172e-03                 	4.7973959769e-05                 	9.6082636827e-01                 	5.6968004752e-01                 
2.0830000000e+01	3.7974371766e+01	1.2276847861e-03                 	1.1830118675e-03                 	4.4672918547e-05                 	9.6361206146e-01                 	5.7092756934e-01                 
2.1280000000e+01	3.7171342288e+01	1.2233281128e-03                 	1.1816408309e-03                 	4.1687281850e-05                 	9.6592305742e-01                 	5.7106800687e-01                 
2.1740000000e+01	3.6384828146e+01	1.2126496015e-03                 	1.1738703125e-03                 	3.8779289043e-05                 	9.6802102685e-01                 	5.6961292437e-01                 
2.2220000000e+01	3.5598837259e+01	1.1953059053e-03                 	1.1582147575e-03                 	3.7091147869e-05                 	9.6896932601e-01                 	5.6636407532e-01                 
2.2730000000e+01	3.4800095200e+01	1.1730546176e-03                 	1.1374169561e-03                 	3.5637661485e-05                 	9.6961977648e-01                 	5.6123520402e-01                 
2.3260000000e+01	3.4007143762e+01	1.1467535619e-03                 	1.1109398843e-03                 	3.5813677562e-05                 	9.6876950833e-01                 	5.5466606286e-01                 
2.3810000000e+01	3.3221594452e+01	1.1173878612e-03                 	1.0816081972e-03                 	3.5779663946e-05                 	9.6797919041e-01                 	5.4645903172e-01                 
2.4390000000e+01	3.2431577035e+01	1.0849939142e-03                 	1.0479857279e-03                 	3.7008186235e-05                 	9.6589088127e-01                 	5.3695353809e-01                 
2.5000000000e+01	3.1640246556e+01	1.0487898033e-03                 	9.9465302938e-04                 	5.4136773916e-05                 	9.4838167405e-01                 	5.3054141905e-01                 
2.5640000000e+01	3.0850474411e+01	1.0485125927e-03                 	8.9334424058e-04                 	1.5516835210e-04                 	8.5201097899e-01                 	5.7268153695e-01                 
2.6320000000e+01	3.0053425680e+01	1.0581012765e-03                 	8.4031194764e-04                 	2.1778932885e-04                 	7.9416967573e-01                 	6.1097648283e-01                 
2.7030000000e+01	2.9264009023e+01	1.0652923523e-03                 	8.1000604232e-04                 	2.5528630994e-04                 	7.6036032794e-01                 	6.3766020579e-01                 
2.7780000000e+01	2.8473943985e+01	1.0704569574e-03                 	7.8974713628e-04                 	2.8070982110e-04                 	7.3776636308e-01                 	6.5730666365e-01                 
2.8570000000e+01	2.7686600066e+01	1.0745199891e-03                 	7.7460798342e-04                 	2.9991200563e-04                 	7.2088745795e-01                 	6.7293638291e-01                 
2.9410000000e+01	2.6895823322e+01	1.0783617798e-03                 	7.6189768067e-04                 	3.1646409911e-04                 	7.0653253385e-01                 	6.8687088361e-01                 
3.0300000000e+01	2.6105813990e+01	1.0815553149e-03                 	7.5277243100e-04                 	3.2878288386e-04                 	6.9600918294e-01                 	6.9733495642e-01                 
3.1250000000e+01	2.5312197245e+01	1.0847226702e-03                 	7.4388745682e-04                 	3.4083521335e-04                 	6.8578584857e-01                 	7.0777040624e-01                 
3.2260000000e+01	2.4519719898e+01	1.0880143568e-03                 	7.3668646758e-04                 	3.5132788919e-04                 	6.7709259808e-01                 	7.1674109760e-01                 
3.3330000000e+01	2.3732558173e+01	1.0907235416e-03                 	7.3181570201e-04                 	3.5890783955e-04                 	6.7094517917e-01                 	7.2288936578e-01                 
3.7040000000e+01	2.1355457989e+01	1.0850922207e-03                 	7.2854675526e-04                 	3.5654546549e-04                 	6.7141459623e-01                 	7.1684569240e-01                 
3.8460000000e+01	2.0566982941e+01	1.1182478123e-03                 	7.5697489139e-04                 	3.6127292087e-04                 	6.7692946330e-01                 	7.2922902010e-01                 
4.0000000000e+01	1.9775154097e+01	1.1080354809e-03                 	7.4600372747e-04                 	3.6203175345e-04                 	6.7326700301e-01                 	7.2116921371e-01                 
4.1670000000e+01	1.8982629323e+01	1.0934676325e-03                 	7.3529108502e-04                 	3.5817654744e-04                 	6.7243973502e-01                 	7.1635651309e-01                 
4.3470000000e+01	1.8196599123e+01	1.0845497987e-03                 	7.4099251858e-04                 	3.4355728017e-04                 	6.8322590575e-01                 	6.9145960388e-01                 
4.5460000000e+01	1.7400047600e+01	1.1003970409e-03                 	7.5098531823e-04                 	3.4941172271e-04                 	6.8246759150e-01                 	6.9965556197e-01                 
4.7620000000e+01	1.6610797226e+01	1.1024540101e-03                 	7.7029088129e-04                 	3.3216312876e-04                 	6.9870568229e-01                 	6.8498496000e-01                 
5.0000000000e+01	1.5820123278e+01	1.1261473191e-03                 	7.8841185167e-04                 	3.3773546738e-04                 	7.0009654894e-01                 	6.9521349171e-01                 
5.2630000000e+01	1.5029568001e+01	1.1771530017e-03                 	8.3085331196e-04                 	3.4629968977e-04                 	7.0581590561e-01                 	7.1485816478e-01                 
5.5560000000e+01	1.4236971992e+01	1.1828506099e-03                 	8.2547177886e-04                 	3.5737883108e-04                 	6.9786646930e-01                 	7.2185071681e-01                 
5.8820000000e+01	1.3447911661e+01	1.1145667251e-03                 	7.4926837107e-04                 	3.6529835400e-04                 	6.7225079864e-01                 	6.9639871184e-01                 
6.2500000000e+01	1.2656098622e+01	1.1258003223e-03                 	7.7049694646e-04                 	3.5530337582e-04                 	6.8439929463e-01                 	6.8428346701e-01                 
6.6670000000e+01	1.1864499233e+01	1.2233232445e-03                 	8.5541356212e-04                 	3.6790968234e-04                 	6.9925391019e-01                 	7.1521184348e-01                 
7.1430000000e+01	1.1073864817e+01	1.1423136909e-03                 	7.7435367933e-04                 	3.6796001156e-04                 	6.7788181609e-01                 	6.6516033755e-01                 
7.6920000000e+01	1.0283491470e+01	1.1693980172e-03                 	7.9955652660e-04                 	3.6984149061e-04                 	6.8373343792e-01                 	6.6537473766e-01                 
8.3330000000e+01	9.4924536649e+00	1.2283527644e-03                 	8.5738437967e-04                 	3.7096838475e-04                 	6.9799523761e-01                 	7.1115414967e-01                 
9.0910000000e+01	8.7009807930e+00	1.1105112750e-03                 	7.1714525147e-04                 	3.9336602349e-04                 	6.4577935195e-01                 	6.8382401198e-01                 
9.5240000000e+01	8.3053986129e+00	1.2358889790e-03                 	8.2860492992e-04                 	4.0728404908e-04                 	6.7045256006e-01                 	7.1159084410e-01                 
1.0000000000e+02	7.9100616389e+00	1.2326434156e-03                 	8.6995569362e-04                 	3.6268772199e-04                 	7.0576428073e-01                 	6.5045186053e-01                 
1.0520000000e+02	7.5190699990e+00	1.1648715299e-03                 	8.6499234694e-04                 	2.9987918297e-04                 	7.4256458736e-01                 	5.5627728246e-01                 
1.1110000000e+02	7.1197674518e+00	1.2970405223e-03                 	1.0662447368e-03                 	2.3079578555e-04                 	8.2205969545e-01                 	5.7343495237e-01                 
1.1760000000e+02	6.7262428903e+00	1.3283446068e-03                 	1.2107646512e-03                 	1.1757995560e-04                 	9.1148384614e-01                 	5.4413382348e-01                 
1.2500000000e+02	6.3280493112e+00	1.0065943428e-03                 	9.1711265507e-04                 	8.9481687717e-05                 	9.1110451955e-01                 	4.5734654129e-01                 
1.3330000000e+02	5.9340297366e+00	9.5485493255e-04                 	8.7847798100e-04                 	7.6376951554e-05                 	9.2001198407e-01                 	4.1348441680e-01                 
1.4290000000e+02	5.5353825325e+00	1.2636841615e-03                 	1.1937996031e-03                 	6.9884558428e-05                 	9.4469776503e-01                 	4.9123322092e-01                 
1.5380000000e+02	5.1430829902e+00	1.1881366617e-03                 	1.1341062257e-03                 	5.4030436001e-05                 	9.5452506623e-01                 	4.1547135221e-01                 
1.6670000000e+02	4.7450879658e+00	1.0778489053e-03                 	1.0319555139e-03                 	4.5893391426e-05                 	9.5742131276e-01                 	3.0164794747e-01                 
1.8180000000e+02	4.3509689983e+00	1.4558618530e-03                 	1.4119294748e-03                 	4.3932378205e-05                 	9.6982380017e-01                 	5.6561859775e-01                 
2.0000000000e+02	3.9550308195e+00	1.9891393147e-03                 	1.9291178058e-03                 	6.0021508891e-05                 	9.6982538707e-01                 	5.9936269376e-01                 
2.2220000000e+02	3.5598837259e+00	1.6517082526e-03                 	1.6183168857e-03                 	3.3391366886e-05                 	9.7978373794e-01                 	3.1647832048e-01                 
2.5000000000e+02	3.1640246556e+00	1.1980763820e-03                 	1.1797274423e-03                 	1.8348939639e-05                 	9.8468466626e-01                 	7.7753231145e-02                 
2.8570000000e+02	2.7686600066e+00	1.5799644608e-03                 	1.5629262838e-03                 	1.7038176959e-05                 	9.8921610113e-01                 	3.1008371389e-01                 
3.3330000000e+02	2.3732558173e+00	1.7115394330e-03                 	1.6953658089e-03                 	1.6173624108e-05                 	9.9055024746e-01                 	5.4381801098e-01                 
4.0000000000e+02	1.9775154097e+00	8.0133760368e-04                 	7.9280920142e-04                 	8.5284022584e-06                 	9.8935729183e-01                 	4.2182104281e-01                 
5.0000000000e+02	1.5820123278e+00	8.4136952057e-04                 	8.3743464415e-04                 	3.9348764194e-06                 	9.9532324820e-01                 	1.0170485350e-01                 
6.2500000000e+02	1.2656098622e+00	2.3394128023e-03                 	2.3360086328e-03                 	3.4041694808e-06                 	9.9854486157e-01                 	1.5394834830e-01                 
