#wavelengths (mu)	size parameter  	extinction cross section (cm^2)  	scattering cross section (cm^2)  	absorption cross section (cm^2)  	single scattering albedo         	asymmetry parameter              
1.6530000000e-02	1.9050527766e+04	1.5801341152e-04                 	8.2963123551e-05                 	7.5050287966e-05                 	5.2503849360e-01                 	9.9132429128e-01                 
1.6750000000e-02	1.8800311879e+04	1.5801487292e-04                 	8.2910691753e-05                 	7.5104181168e-05                 	5.2470182218e-01                 	9.9147691316e-01                 
1.6980000000e-02	1.8545655122e+04	1.5801610022e-04                 	8.2794174036e-05                 	7.5221926185e-05                 	5.2396036809e-01                 	9.9186053232e-01                 
1.7220000000e-02	1.8287179092e+04	1.5801771670e-04                 	8.2795604317e-05                 	7.5222112384e-05                 	5.2396405951e-01                 	9.9186064883e-01                 
1.7710000000e-02	1.7781209710e+04	1.5802235624e-04                 	8.2965032515e-05                 	7.5057323727e-05                 	5.2502085457e-01                 	9.9112358188e-01                 
1.8230000000e-02	1.7274011189e+04	1.5802657583e-04                 	8.3007674881e-05                 	7.5018900950e-05                 	5.2527667859e-01                 	9.9084815242e-01                 
1.8790000000e-02	1.6759192335e+04	1.5802991914e-04                 	8.2709303599e-05                 	7.5320615543e-05                 	5.2337749742e-01                 	9.9176598201e-01                 
1.9070000000e-02	1.6513121341e+04	1.5803088300e-04                 	8.2478894896e-05                 	7.5551988103e-05                 	5.2191630731e-01                 	9.9255270636e-01                 
1.9370000000e-02	1.6257368300e+04	1.5802985321e-04                 	8.2232785464e-05                 	7.5797067746e-05                 	5.2036234796e-01                 	9.9362876377e-01                 
1.9680000000e-02	1.6001281706e+04	1.5803141271e-04                 	8.2169906198e-05                 	7.5861506515e-05                 	5.1995932193e-01                 	9.9383612192e-01                 
2.0000000000e-02	1.5745261198e+04	1.5803387619e-04                 	8.2433492834e-05                 	7.5600383353e-05                 	5.2161912890e-01                 	9.9312835102e-01                 
2.0330000000e-02	1.5489681454e+04	1.5803745242e-04                 	8.3010765066e-05                 	7.5026687353e-05                 	5.2526008105e-01                 	9.9141912891e-01                 
2.0660000000e-02	1.5242266407e+04	1.5804158692e-04                 	8.3752411937e-05                 	7.4289174980e-05                 	5.2993907218e-01                 	9.8899167767e-01                 
2.1010000000e-02	1.4988349546e+04	1.5804714783e-04                 	8.4584018259e-05                 	7.3463129567e-05                 	5.3518218723e-01                 	9.8560132863e-01                 
2.1380000000e-02	1.4728962767e+04	1.5805529447e-04                 	8.4729109011e-05                 	7.3326185456e-05                 	5.3607257699e-01                 	9.8297479206e-01                 
2.1750000000e-02	1.4478401102e+04	1.5805841186e-04                 	8.3628667924e-05                 	7.4429743936e-05                 	5.2909976090e-01                 	9.8677348160e-01                 
2.2140000000e-02	1.4223361516e+04	1.5805894891e-04                 	8.3050833729e-05                 	7.5008115181e-05                 	5.2544214865e-01                 	9.8932892573e-01                 
2.2540000000e-02	1.3970950487e+04	1.5806152396e-04                 	8.3052969599e-05                 	7.5008554358e-05                 	5.2544710136e-01                 	9.8932913893e-01                 
2.2750000000e-02	1.3841987867e+04	1.5806269444e-04                 	8.3000278966e-05                 	7.5062415474e-05                 	5.2510985758e-01                 	9.8954906647e-01                 
2.2960000000e-02	1.3715384319e+04	1.5806453592e-04                 	8.3011725093e-05                 	7.5052810831e-05                 	5.2517615421e-01                 	9.8941427998e-01                 
2.3390000000e-02	1.3463241726e+04	1.5806856299e-04                 	8.2817481477e-05                 	7.5251081509e-05                 	5.2393391774e-01                 	9.8986557827e-01                 
2.3840000000e-02	1.3209111744e+04	1.5806889887e-04                 	8.2208351414e-05                 	7.5860547456e-05                 	5.2007923128e-01                 	9.9233992640e-01                 
2.4070000000e-02	1.3082892562e+04	1.5806619998e-04                 	8.2016355669e-05                 	7.6049844312e-05                 	5.1887345732e-01                 	9.9340292064e-01                 
2.4310000000e-02	1.2953731961e+04	1.5806562805e-04                 	8.2230379216e-05                 	7.5835248832e-05                 	5.2022935177e-01                 	9.9299904557e-01                 
2.4800000000e-02	1.2697791289e+04	1.5806975571e-04                 	8.2672624821e-05                 	7.5397130890e-05                 	5.2301355467e-01                 	9.9156216669e-01                 
2.5300000000e-02	1.2446846797e+04	1.5807229114e-04                 	8.2777746408e-05                 	7.5294544730e-05                 	5.2367018794e-01                 	9.9131866797e-01                 
2.5830000000e-02	1.2191452728e+04	1.5807600283e-04                 	8.3029892076e-05                 	7.5046110752e-05                 	5.2525298331e-01                 	9.9048482504e-01                 
2.6380000000e-02	1.1937271568e+04	1.5807893478e-04                 	8.3246297480e-05                 	7.4832637305e-05                 	5.2661221176e-01                 	9.8989180453e-01                 
2.6950000000e-02	1.1684794952e+04	1.5808425889e-04                 	8.3667784752e-05                 	7.4416474142e-05                 	5.2926069513e-01                 	9.8823489438e-01                 
2.7550000000e-02	1.1430316659e+04	1.5808725505e-04                 	8.3798379640e-05                 	7.4288875408e-05                 	5.3007675802e-01                 	9.8793357962e-01                 
2.8180000000e-02	1.1174777288e+04	1.5809307073e-04                 	8.4384708923e-05                 	7.3708361808e-05                 	5.3376601854e-01                 	9.8558176690e-01                 
2.8830000000e-02	1.0922831216e+04	1.5809924882e-04                 	8.4673110524e-05                 	7.3426138291e-05                 	5.3556934115e-01                 	9.8398023929e-01                 
2.9520000000e-02	1.0667521137e+04	1.5810401794e-04                 	8.4805725917e-05                 	7.3298292022e-05                 	5.3639197170e-01                 	9.8330657668e-01                 
3.0240000000e-02	1.0413532539e+04	1.5811000769e-04                 	8.5176062066e-05                 	7.2933945628e-05                 	5.3871392019e-01                 	9.8143837258e-01                 
3.1000000000e-02	1.0158233031e+04	1.5811658532e-04                 	8.5415866978e-05                 	7.2700718347e-05                 	5.4020814327e-01                 	9.7983008759e-01                 
3.1790000000e-02	9.9057950289e+03	1.5812228454e-04                 	8.5430408050e-05                 	7.2691876494e-05                 	5.4028063341e-01                 	9.7939221094e-01                 
3.2630000000e-02	9.6507883533e+03	1.5812790196e-04                 	8.5523742413e-05                 	7.2604159543e-05                 	5.4085168623e-01                 	9.7876043359e-01                 
3.3510000000e-02	9.3973507600e+03	1.5813395503e-04                 	8.5720107312e-05                 	7.2413847716e-05                 	5.4207274647e-01                 	9.7761943586e-01                 
3.4440000000e-02	9.1435895461e+03	1.5813966613e-04                 	8.5883948206e-05                 	7.2255717922e-05                 	5.4308922176e-01                 	9.7680129045e-01                 
3.4930000000e-02	9.0153227589e+03	1.5814317263e-04                 	8.6196578754e-05                 	7.1946593875e-05                 	5.4505406285e-01                 	9.7523620633e-01                 
3.5420000000e-02	8.8906048551e+03	1.5814786929e-04                 	8.6526254982e-05                 	7.1621614306e-05                 	5.4712248336e-01                 	9.7306535219e-01                 
3.6470000000e-02	8.6346373449e+03	1.5815571442e-04                 	8.6482266966e-05                 	7.1673447452e-05                 	5.4681721292e-01                 	9.7247223598e-01                 
3.7570000000e-02	8.3818265629e+03	1.5816245825e-04                 	8.6290176463e-05                 	7.1872281785e-05                 	5.4557938349e-01                 	9.7312449085e-01                 
3.8750000000e-02	8.1265864250e+03	1.5816839008e-04                 	8.6055728801e-05                 	7.2112661277e-05                 	5.4407665627e-01                 	9.7442381456e-01                 
3.9360000000e-02	8.0006408529e+03	1.5817056368e-04                 	8.5975423493e-05                 	7.2195140185e-05                 	5.4356146614e-01                 	9.7518931143e-01                 
3.9990000000e-02	7.8745992490e+03	1.5817260479e-04                 	8.6055756094e-05                 	7.2116848695e-05                 	5.4406233121e-01                 	9.7530255568e-01                 
4.0650000000e-02	7.7467459771e+03	1.5817468519e-04                 	8.6336897731e-05                 	7.1837787455e-05                 	5.4583258775e-01                 	9.7460112203e-01                 
4.1330000000e-02	7.6192892322e+03	1.5817834940e-04                 	8.7019706277e-05                 	7.1158643121e-05                 	5.5013664391e-01                 	9.7172108589e-01                 
4.2750000000e-02	7.3662040694e+03	1.5818753825e-04                 	8.8423047057e-05                 	6.9764491196e-05                 	5.5897606116e-01                 	9.6503539673e-01                 
4.4280000000e-02	7.1116807581e+03	1.5819828517e-04                 	9.0438847025e-05                 	6.7759438150e-05                 	5.7168032463e-01                 	9.5472057015e-01                 
4.5090000000e-02	6.9839260139e+03	1.5820523440e-04                 	9.2004346551e-05                 	6.6200887852e-05                 	5.8155058458e-01                 	9.4575651153e-01                 
4.5920000000e-02	6.8576921596e+03	1.5821278385e-04                 	9.3569319493e-05                 	6.4643464359e-05                 	5.9141440543e-01                 	9.3574024333e-01                 
4.6790000000e-02	6.7301821750e+03	1.5822078845e-04                 	9.5180045094e-05                 	6.3040743353e-05                 	6.0156472501e-01                 	9.2447435604e-01                 
4.7690000000e-02	6.6031709786e+03	1.5822936363e-04                 	9.6827242526e-05                 	6.1402121105e-05                 	6.1194231149e-01                 	9.1164420603e-01                 
4.8620000000e-02	6.4768659804e+03	1.5823857615e-04                 	9.8223631272e-05                 	6.0014944877e-05                 	6.2073126328e-01                 	8.9854641113e-01                 
4.9590000000e-02	6.3501759219e+03	1.5824760602e-04                 	9.8759329148e-05                 	5.9488276871e-05                 	6.2408103119e-01                 	8.9021382444e-01                 
4.9790000000e-02	6.3246680853e+03	1.5824952030e-04                 	9.8790753724e-05                 	5.9458766572e-05                 	6.2427205807e-01                 	8.8887153539e-01                 
4.9990000000e-02	6.2993643522e+03	1.5825142355e-04                 	9.8714460180e-05                 	5.9536963374e-05                 	6.2378244671e-01                 	8.8820721960e-01                 
5.0610000000e-02	6.2221937160e+03	1.5825542373e-04                 	9.7850492242e-05                 	6.0404931493e-05                 	6.1830735360e-01                 	8.9269319662e-01                 
5.1020000000e-02	6.1721917673e+03	1.5825761388e-04                 	9.7682619639e-05                 	6.0574994238e-05                 	6.1723804148e-01                 	8.9377935349e-01                 
5.1450000000e-02	6.1206068798e+03	1.5826055040e-04                 	9.8130397440e-05                 	6.0130152962e-05                 	6.2005595956e-01                 	8.9022724400e-01                 
5.1660000000e-02	6.0957263641e+03	1.5826209332e-04                 	9.8353785501e-05                 	5.9908307820e-05                 	6.2146142160e-01                 	8.8830981875e-01                 
5.1880000000e-02	6.0698771004e+03	1.5826376456e-04                 	9.8464506016e-05                 	5.9799258547e-05                 	6.2215445391e-01                 	8.8699515244e-01                 
5.2310000000e-02	6.0199813414e+03	1.5826653322e-04                 	9.8523477461e-05                 	5.9743055759e-05                 	6.2251617860e-01                 	8.8605566321e-01                 
5.2760000000e-02	5.9686357841e+03	1.5826939749e-04                 	9.8974012489e-05                 	5.9295385005e-05                 	6.2535154652e-01                 	8.8263661044e-01                 
5.3210000000e-02	5.9181586914e+03	1.5827254597e-04                 	9.9598157356e-05                 	5.8674388612e-05                 	6.2928258812e-01                 	8.7770486703e-01                 
5.3910000000e-02	5.8413137445e+03	1.5827784757e-04                 	1.0086153635e-04                 	5.7416311226e-05                 	6.3724354288e-01                 	8.6748282888e-01                 
5.4620000000e-02	5.7653830825e+03	1.5828336229e-04                 	1.0226518916e-04                 	5.6018173131e-05                 	6.4608931525e-01                 	8.5592737852e-01                 
5.5100000000e-02	5.7151583297e+03	1.5828752259e-04                 	1.0363769604e-04                 	5.4649826552e-05                 	6.5474330726e-01                 	8.4455738757e-01                 
5.5850000000e-02	5.6384104560e+03	1.5829464672e-04                 	1.0586910397e-04                 	5.2425542756e-05                 	6.6881038721e-01                 	8.2500971014e-01                 
5.6360000000e-02	5.5873886439e+03	1.5829998911e-04                 	1.0735683939e-04                 	5.0943149713e-05                 	6.7818601883e-01                 	8.1109353588e-01                 
5.6870000000e-02	5.5372819407e+03	1.5830534922e-04                 	1.0820156813e-04                 	5.0103781089e-05                 	6.8349912788e-01                 	8.0167158785e-01                 
5.7400000000e-02	5.4861537277e+03	1.5830807321e-04                 	1.0835376090e-04                 	4.9954312312e-05                 	6.8444873785e-01                 	8.0087527267e-01                 
5.7670000000e-02	5.4604685966e+03	1.5831361962e-04                 	1.0896934376e-04                 	4.9344275862e-05                 	6.8831313452e-01                 	7.9137408356e-01                 
5.7940000000e-02	5.4350228507e+03	1.5831652330e-04                 	1.0910815631e-04                 	4.9208366992e-05                 	6.8917731412e-01                 	7.8873378549e-01                 
5.8210000000e-02	5.4098131587e+03	1.5831941071e-04                 	1.0901829779e-04                 	4.9301112925e-05                 	6.8859716757e-01                 	7.8778978821e-01                 
5.8480000000e-02	5.3848362512e+03	1.5832224470e-04                 	1.0865230950e-04                 	4.9669935209e-05                 	6.8627317468e-01                 	7.8892384894e-01                 
5.8760000000e-02	5.3591767183e+03	1.5832500246e-04                 	1.0815238715e-04                 	5.0172615312e-05                 	6.8310365052e-01                 	7.9121984416e-01                 
5.9040000000e-02	5.3337605686e+03	1.5832773710e-04                 	1.0742163751e-04                 	5.0906099590e-05                 	6.7847642793e-01                 	7.9525577977e-01                 
5.9320000000e-02	5.3085843555e+03	1.5832967539e-04                 	1.0612457665e-04                 	5.2205098743e-05                 	6.7027596934e-01                 	8.0421857002e-01                 
5.9610000000e-02	5.2827583286e+03	1.5833115417e-04                 	1.0518183784e-04                 	5.3149316339e-05                 	6.6431548727e-01                 	8.1118983417e-01                 
5.9900000000e-02	5.2571823701e+03	1.5833295630e-04                 	1.0467376627e-04                 	5.3659190029e-05                 	6.6109904544e-01                 	8.1472296041e-01                 
6.0190000000e-02	5.2318528654e+03	1.5833388582e-04                 	1.0374902514e-04                 	5.4584860681e-05                 	6.5525471445e-01                 	8.2213064096e-01                 
6.0480000000e-02	5.2067662693e+03	1.5833514491e-04                 	1.0374812078e-04                 	5.4587024128e-05                 	6.5524379216e-01                 	8.2246991822e-01                 
6.0780000000e-02	5.1810665345e+03	1.5833679130e-04                 	1.0390637208e-04                 	5.4430419220e-05                 	6.5623643897e-01                 	8.2133266170e-01                 
6.1080000000e-02	5.1556192529e+03	1.5833859777e-04                 	1.0428437453e-04                 	5.4054223245e-05                 	6.5861625652e-01                 	8.1844052874e-01                 
6.1380000000e-02	5.1304207228e+03	1.5834073866e-04                 	1.0486610733e-04                 	5.3474631332e-05                 	6.6228128159e-01                 	8.1376098144e-01                 
6.1990000000e-02	5.0799358601e+03	1.5834606451e-04                 	1.0636374581e-04                 	5.1982318702e-05                 	6.7171701511e-01                 	8.0114341753e-01                 
6.2300000000e-02	5.0546584907e+03	1.5834961136e-04                 	1.0733970273e-04                 	5.1009908629e-05                 	6.7786527424e-01                 	7.9251310976e-01                 
6.2620000000e-02	5.0288282333e+03	1.5835323677e-04                 	1.0762398159e-04                 	5.0729255176e-05                 	6.7964497467e-01                 	7.8891099354e-01                 
6.2940000000e-02	5.0032606287e+03	1.5835651621e-04                 	1.0751474701e-04                 	5.0841769206e-05                 	6.7894109808e-01                 	7.8847371158e-01                 
6.3260000000e-02	4.9779516909e+03	1.5835965294e-04                 	1.0734324239e-04                 	5.1016410558e-05                 	6.7784464282e-01                 	7.8863751116e-01                 
6.3580000000e-02	4.9528975144e+03	1.5836266102e-04                 	1.0703697241e-04                 	5.1325688611e-05                 	6.7589778878e-01                 	7.8990466513e-01                 
6.3910000000e-02	4.9273231727e+03	1.5836564877e-04                 	1.0666181877e-04                 	5.1703829996e-05                 	6.7351612930e-01                 	7.9175813564e-01                 
6.4240000000e-02	4.9020115811e+03	1.5836869844e-04                 	1.0614227062e-04                 	5.2226427819e-05                 	6.7022253556e-01                 	7.9464349471e-01                 
6.4580000000e-02	4.8762035300e+03	1.5837024446e-04                 	1.0487830216e-04                 	5.3491942298e-05                 	6.6223489469e-01                 	8.0416575644e-01                 
6.4910000000e-02	4.8514130946e+03	1.5837270464e-04                 	1.0500917959e-04                 	5.3363525052e-05                 	6.6305099623e-01                 	8.0276697578e-01                 
6.5080000000e-02	4.8387403806e+03	1.5837376394e-04                 	1.0466848156e-04                 	5.3705282380e-05                 	6.6089533365e-01                 	8.0520103206e-01                 
6.5250000000e-02	4.8261337007e+03	1.5837477021e-04                 	1.0450208137e-04                 	5.3872688841e-05                 	6.5984046090e-01                 	8.0639420160e-01                 
6.5600000000e-02	4.8003845117e+03	1.5837712841e-04                 	1.0439150082e-04                 	5.3985627582e-05                 	6.5913242571e-01                 	8.0693412692e-01                 
6.5950000000e-02	4.7749086273e+03	1.5837965675e-04                 	1.0432691073e-04                 	5.4052746021e-05                 	6.5871408533e-01                 	8.0701559971e-01                 
6.6300000000e-02	4.7497017190e+03	1.5838230286e-04                 	1.0428770926e-04                 	5.4094593599e-05                 	6.5845556845e-01                 	8.0683086132e-01                 
6.6660000000e-02	4.7240507646e+03	1.5838519628e-04                 	1.0424810103e-04                 	5.4137095246e-05                 	6.5819346430e-01                 	8.0652228449e-01                 
6.7020000000e-02	4.6986753800e+03	1.5838807318e-04                 	1.0412538224e-04                 	5.4262690939e-05                 	6.5740671093e-01                 	8.0684826804e-01                 
6.7570000000e-02	4.6604295393e+03	1.5839219679e-04                 	1.0379209621e-04                 	5.4600100582e-05                 	6.5528541375e-01                 	8.0862640516e-01                 
6.8120000000e-02	4.6228012914e+03	1.5839618006e-04                 	1.0343303056e-04                 	5.4963149504e-05                 	6.5300205167e-01                 	8.1070603087e-01                 
6.8500000000e-02	4.5971565543e+03	1.5839886666e-04                 	1.0326146223e-04                 	5.5137404428e-05                 	6.5190783500e-01                 	8.1162414306e-01                 
6.8880000000e-02	4.5717947731e+03	1.5840165996e-04                 	1.0314599741e-04                 	5.5255662554e-05                 	6.5116740212e-01                 	8.1205760624e-01                 
6.9260000000e-02	4.5467112903e+03	1.5840457189e-04                 	1.0306699978e-04                 	5.5337572106e-05                 	6.5065672381e-01                 	8.1214561693e-01                 
6.9650000000e-02	4.5212523183e+03	1.5840778597e-04                 	1.0303366662e-04                 	5.5374119347e-05                 	6.5043309577e-01                 	8.1173896187e-01                 
7.0050000000e-02	4.4954350317e+03	1.5841112583e-04                 	1.0293098276e-04                 	5.5480143068e-05                 	6.4977117120e-01                 	8.1181090801e-01                 
7.0250000000e-02	4.4826366401e+03	1.5841297074e-04                 	1.0288548020e-04                 	5.5527490537e-05                 	6.4947636372e-01                 	8.1169388865e-01                 
7.0450000000e-02	4.4699109151e+03	1.5841478740e-04                 	1.0272908472e-04                 	5.5685702683e-05                 	6.4848166263e-01                 	8.1242235433e-01                 
7.0850000000e-02	4.4446750031e+03	1.5841723844e-04                 	1.0197100407e-04                 	5.6446234375e-05                 	6.4368628736e-01                 	8.1796494883e-01                 
7.1260000000e-02	4.4191022168e+03	1.5842036818e-04                 	1.0170411066e-04                 	5.6716257517e-05                 	6.4198885429e-01                 	8.1944443308e-01                 
7.1670000000e-02	4.3938220171e+03	1.5842307615e-04                 	1.0101926508e-04                 	5.7403811076e-05                 	6.3765499024e-01                 	8.2433189720e-01                 
7.2080000000e-02	4.3688294113e+03	1.5842451678e-04                 	1.0002654348e-04                 	5.8397973303e-05                 	6.3138297979e-01                 	8.3238968638e-01                 
7.2510000000e-02	4.3429213070e+03	1.5842634004e-04                 	9.9445942312e-05                 	5.8980397725e-05                 	6.2771091151e-01                 	8.3718434820e-01                 
7.2930000000e-02	4.3179106536e+03	1.5842794968e-04                 	9.8878667208e-05                 	5.9549282475e-05                 	6.2412388348e-01                 	8.4199585823e-01                 
7.3150000000e-02	4.3049244562e+03	1.5842930228e-04                 	9.8827526399e-05                 	5.9601775883e-05                 	6.2379575606e-01                 	8.4230323966e-01                 
7.3360000000e-02	4.2926011991e+03	1.5843074818e-04                 	9.8688684813e-05                 	5.9742063362e-05                 	6.2291370804e-01                 	8.4317746098e-01                 
7.3800000000e-02	4.2670084549e+03	1.5843278804e-04                 	9.8008527968e-05                 	6.0424260071e-05                 	6.1861265702e-01                 	8.4864242571e-01                 
7.4240000000e-02	4.2417190728e+03	1.5843429404e-04                 	9.7198737341e-05                 	6.1235556696e-05                 	6.1349556882e-01                 	8.5547868468e-01                 
7.4690000000e-02	4.2161631272e+03	1.5843432740e-04                 	9.6105674381e-05                 	6.2328653021e-05                 	6.0659628476e-01                 	8.6559283506e-01                 
7.5140000000e-02	4.1909132815e+03	1.5843590389e-04                 	9.5716785468e-05                 	6.2719118418e-05                 	6.0413569854e-01                 	8.6922161459e-01                 
7.5600000000e-02	4.1654130155e+03	1.5843611163e-04                 	9.4778653392e-05                 	6.3657458243e-05                 	5.9821370529e-01                 	8.7810491110e-01                 
7.6060000000e-02	4.1402211934e+03	1.5843670545e-04                 	9.4157618818e-05                 	6.4279086631e-05                 	5.9429169870e-01                 	8.8425117662e-01                 
7.6530000000e-02	4.1147945115e+03	1.5843530203e-04                 	9.3157718151e-05                 	6.5277583883e-05                 	5.8798586524e-01                 	8.9467648913e-01                 
7.7010000000e-02	4.0891471753e+03	1.5843550670e-04                 	9.3146807020e-05                 	6.5288699682e-05                 	5.8791623771e-01                 	8.9615678155e-01                 
7.7490000000e-02	4.0638175761e+03	1.5843786658e-04                 	9.3653553188e-05                 	6.4784313395e-05                 	5.9110587139e-01                 	8.9221898574e-01                 
7.7980000000e-02	4.0382819180e+03	1.5843994262e-04                 	9.3816870647e-05                 	6.4623071974e-05                 	5.9212891077e-01                 	8.9121280938e-01                 
7.8470000000e-02	4.0130651710e+03	1.5844226390e-04                 	9.4134756214e-05                 	6.4307507683e-05                 	5.9412655373e-01                 	8.8883566741e-01                 
7.8970000000e-02	3.9876563754e+03	1.5844582937e-04                 	9.4710838033e-05                 	6.3734991335e-05                 	5.9774901246e-01                 	8.8374129581e-01                 
7.9990000000e-02	3.9368074005e+03	1.5845154592e-04                 	9.5064668095e-05                 	6.3386877824e-05                 	5.9996049608e-01                 	8.8074296307e-01                 
8.0510000000e-02	3.9113802505e+03	1.5845489138e-04                 	9.5439950098e-05                 	6.3014941284e-05                 	6.0231621293e-01                 	8.7743434902e-01                 
8.1040000000e-02	3.8857999009e+03	1.5845805848e-04                 	9.5700162719e-05                 	6.2757895763e-05                 	6.0394632899e-01                 	8.7516623887e-01                 
8.1570000000e-02	3.8605519672e+03	1.5846195311e-04                 	9.6171352747e-05                 	6.2290600364e-05                 	6.0690500691e-01                 	8.7083429839e-01                 
8.2110000000e-02	3.8351628787e+03	1.5846593272e-04                 	9.6427929688e-05                 	6.2038003031e-05                 	6.0850889547e-01                 	8.6817384855e-01                 
8.2660000000e-02	3.8096446161e+03	1.5846935887e-04                 	9.6479862958e-05                 	6.1989495916e-05                 	6.0882345738e-01                 	8.6746013652e-01                 
8.3210000000e-02	3.7844636939e+03	1.5847237699e-04                 	9.6504941256e-05                 	6.1967435729e-05                 	6.0897011259e-01                 	8.6718533381e-01                 
8.3770000000e-02	3.7591646648e+03	1.5847583612e-04                 	9.6682325613e-05                 	6.1793510510e-05                 	6.1007613513e-01                 	8.6550076297e-01                 
8.4340000000e-02	3.7337588803e+03	1.5847844295e-04                 	9.6591246234e-05                 	6.1887196715e-05                 	6.0949138846e-01                 	8.6641635216e-01                 
8.4920000000e-02	3.7082574655e+03	1.5848133568e-04                 	9.6787177369e-05                 	6.1694158315e-05                 	6.1071656767e-01                 	8.6495446242e-01                 
8.5510000000e-02	3.6826713129e+03	1.5848470914e-04                 	9.7228026249e-05                 	6.1256682895e-05                 	6.1348521743e-01                 	8.6134756876e-01                 
8.6100000000e-02	3.6574358184e+03	1.5848879388e-04                 	9.7679153847e-05                 	6.0809640034e-05                 	6.1631583821e-01                 	8.5728354238e-01                 
8.6700000000e-02	3.6321248439e+03	1.5849300095e-04                 	9.8154516508e-05                 	6.0338484440e-05                 	6.1929874456e-01                 	8.5300827471e-01                 
8.7310000000e-02	3.6067486424e+03	1.5849703876e-04                 	9.8537650867e-05                 	5.9959387891e-05                 	6.2170026417e-01                 	8.4957996862e-01                 
8.7930000000e-02	3.5813172293e+03	1.5850056090e-04                 	9.8891827323e-05                 	5.9608733580e-05                 	6.2392099283e-01                 	8.4668809990e-01                 
8.8560000000e-02	3.5558403790e+03	1.5850427309e-04                 	9.9646241886e-05                 	5.8858031209e-05                 	6.2866596553e-01                 	8.4066159309e-01                 
8.9200000000e-02	3.5303276230e+03	1.5850972933e-04                 	1.0127029401e-04                 	5.7239435323e-05                 	6.3889008225e-01                 	8.2719577816e-01                 
8.9840000000e-02	3.5051783612e+03	1.5851846599e-04                 	1.0384056347e-04                 	5.4677902518e-05                 	6.5506919224e-01                 	8.0527252104e-01                 
9.0170000000e-02	3.4923502714e+03	1.5852303025e-04                 	1.0494654383e-04                 	5.3576486413e-05                 	6.6202711158e-01                 	7.9578386643e-01                 
9.0500000000e-02	3.4796157345e+03	1.5853006311e-04                 	1.0684992041e-04                 	5.1680142708e-05                 	6.7400414980e-01                 	7.7958532309e-01                 
9.1160000000e-02	3.4544232555e+03	1.5854265979e-04                 	1.0830958589e-04                 	5.0233073900e-05                 	6.8315736618e-01                 	7.6530315796e-01                 
9.1500000000e-02	3.4415871472e+03	1.5854926689e-04                 	1.0878311767e-04                 	4.9766149213e-05                 	6.8611555140e-01                 	7.6001626612e-01                 
9.1840000000e-02	3.4288460798e+03	1.5855520773e-04                 	1.0870459320e-04                 	4.9850614523e-05                 	6.8559459359e-01                 	7.5884471169e-01                 
9.2180000000e-02	3.4161990016e+03	1.5855981756e-04                 	1.0815051537e-04                 	5.0409302190e-05                 	6.8208022080e-01                 	7.6144657863e-01                 
9.2530000000e-02	3.4032770341e+03	1.5856333383e-04                 	1.0741910372e-04                 	5.1144230101e-05                 	6.7745235379e-01                 	7.6569616420e-01                 
9.2870000000e-02	3.3908175295e+03	1.5856611618e-04                 	1.0666208960e-04                 	5.1904026586e-05                 	6.7266634364e-01                 	7.7036574587e-01                 
9.3220000000e-02	3.3780865047e+03	1.5856785916e-04                 	1.0574402547e-04                 	5.2823833694e-05                 	6.6686922575e-01                 	7.7657490852e-01                 
9.3570000000e-02	3.3654507210e+03	1.5856912868e-04                 	1.0484832063e-04                 	5.3720808048e-05                 	6.6121521575e-01                 	7.8281012069e-01                 
9.3930000000e-02	3.3525521555e+03	1.5856864350e-04                 	1.0361972575e-04                 	5.4948917743e-05                 	6.5346920720e-01                 	7.9220942073e-01                 
9.4280000000e-02	3.3401063213e+03	1.5856771035e-04                 	1.0252827186e-04                 	5.6039438487e-05                 	6.4658984881e-01                 	8.0101526727e-01                 
9.4640000000e-02	3.3274009295e+03	1.5856683914e-04                 	1.0157241389e-04                 	5.6994425254e-05                 	6.4056529372e-01                 	8.0902966290e-01                 
9.5010000000e-02	3.3144429425e+03	1.5856630777e-04                 	1.0077997007e-04                 	5.7786337703e-05                 	6.3556988546e-01                 	8.1588437560e-01                 
9.5370000000e-02	3.3019316763e+03	1.5856611936e-04                 	1.0013121877e-04                 	5.8434900594e-05                 	6.3147927924e-01                 	8.2158306167e-01                 
9.5740000000e-02	3.2891709209e+03	1.5856603034e-04                 	9.9517956221e-05                 	5.9048074115e-05                 	6.2761208066e-01                 	8.2706760458e-01                 
9.6110000000e-02	3.2765084171e+03	1.5856616595e-04                 	9.8989825890e-05                 	5.9576340063e-05                 	6.2428088171e-01                 	8.3187829303e-01                 
9.6860000000e-02	3.2511379720e+03	1.5856674555e-04                 	9.8041171171e-05                 	6.0525574377e-05                 	6.1829591590e-01                 	8.4070602510e-01                 
9.8400000000e-02	3.2002563411e+03	1.5856926143e-04                 	9.6562349141e-05                 	6.2006912292e-05                 	6.0896007378e-01                 	8.5497349852e-01                 
9.9190000000e-02	3.1747678593e+03	1.5857114917e-04                 	9.6011822141e-05                 	6.2559327031e-05                 	6.0548102630e-01                 	8.6049385381e-01                 
1.0000000000e-01	3.1490522397e+03	1.5857299147e-04                 	9.5459439815e-05                 	6.3113551653e-05                 	6.0199053402e-01                 	8.6617443207e-01                 
1.0250000000e-01	3.0722460875e+03	1.5858037196e-04                 	9.4423029142e-05                 	6.4157342822e-05                 	5.9542696219e-01                 	8.7756862529e-01                 
1.0330000000e-01	3.0484532814e+03	1.5858282955e-04                 	9.4244286521e-05                 	6.4338543029e-05                 	5.9429061008e-01                 	8.7995151120e-01                 
1.0420000000e-01	3.0221230707e+03	1.5858576701e-04                 	9.4172932502e-05                 	6.4412834504e-05                 	5.9382966252e-01                 	8.8146833025e-01                 
1.0510000000e-01	2.9962438056e+03	1.5858948243e-04                 	9.4420863537e-05                 	6.4168618897e-05                 	5.9537910136e-01                 	8.8002170113e-01                 
1.0640000000e-01	2.9596355636e+03	1.5859596862e-04                 	9.5309761907e-05                 	6.3286206718e-05                 	6.0095954981e-01                 	8.7316261857e-01                 
1.0690000000e-01	2.9457925535e+03	1.5860058301e-04                 	9.6264825323e-05                 	6.2335757686e-05                 	6.0696388056e-01                 	8.6474211866e-01                 
1.0780000000e-01	2.9211987381e+03	1.5861198628e-04                 	9.8250473021e-05                 	6.0361513262e-05                 	6.1943914406e-01                 	8.4622986194e-01                 
1.0880000000e-01	2.8943494850e+03	1.5862310823e-04                 	9.9562339882e-05                 	5.9060768350e-05                 	6.2766605062e-01                 	8.3345435200e-01                 
1.0970000000e-01	2.8706036825e+03	1.5863405123e-04                 	1.0074790745e-04                 	5.7886143780e-05                 	6.3509635333e-01                 	8.2166118758e-01                 
1.1070000000e-01	2.8446723032e+03	1.5864399236e-04                 	1.0130799045e-04                 	5.7336001909e-05                 	6.3858699559e-01                 	8.1518793686e-01                 
1.1120000000e-01	2.8318815105e+03	1.5864806138e-04                 	1.0136628613e-04                 	5.7281775243e-05                 	6.3893806993e-01                 	8.1393923771e-01                 
1.1170000000e-01	2.8192052280e+03	1.5865207797e-04                 	1.0144960674e-04                 	5.7202471226e-05                 	6.3944707212e-01                 	8.1251900949e-01                 
1.1270000000e-01	2.7941900973e+03	1.5865870184e-04                 	1.0134750244e-04                 	5.7311199402e-05                 	6.3877682890e-01                 	8.1214487161e-01                 
1.1370000000e-01	2.7696149865e+03	1.5866367879e-04                 	1.0099840560e-04                 	5.7665273189e-05                 	6.3655656022e-01                 	8.1417438994e-01                 
1.1480000000e-01	2.7430768638e+03	1.5866827669e-04                 	1.0059076034e-04                 	5.8077516353e-05                 	6.3396894727e-01                 	8.1700163981e-01                 
1.1810000000e-01	2.6664286534e+03	1.5867991046e-04                 	9.9370478633e-05                 	5.9309431828e-05                 	6.2623225804e-01                 	8.2653100694e-01                 
1.2160000000e-01	2.5896811182e+03	1.5869141186e-04                 	9.8236587781e-05                 	6.0454824075e-05                 	6.1904161436e-01                 	8.3640315623e-01                 
1.2400000000e-01	2.5395582578e+03	1.5870041687e-04                 	9.7765393655e-05                 	6.0935023216e-05                 	6.1603740924e-01                 	8.4061875520e-01                 
1.2650000000e-01	2.4893693594e+03	1.5871006071e-04                 	9.7370150443e-05                 	6.1339910270e-05                 	6.1350962885e-01                 	8.4419494704e-01                 
1.2780000000e-01	2.4640471359e+03	1.5871520608e-04                 	9.7202327113e-05                 	6.1512878969e-05                 	6.1243235297e-01                 	8.4573220359e-01                 
1.3050000000e-01	2.4130668503e+03	1.5872617145e-04                 	9.6941034172e-05                 	6.1785137274e-05                 	6.1074385710e-01                 	8.4810508407e-01                 
1.3330000000e-01	2.3623797747e+03	1.5873768609e-04                 	9.6733292241e-05                 	6.2004393853e-05                 	6.0939084234e-01                 	8.4998934244e-01                 
1.3780000000e-01	2.2852338459e+03	1.5875628473e-04                 	9.6519797143e-05                 	6.2236487587e-05                 	6.0797465314e-01                 	8.5181642090e-01                 
1.4090000000e-01	2.2349554575e+03	1.5876872833e-04                 	9.6359705302e-05                 	6.2409023028e-05                 	6.0691866916e-01                 	8.5321774319e-01                 
1.4590000000e-01	2.1583634268e+03	1.5878849910e-04                 	9.6066395198e-05                 	6.2722103899e-05                 	6.0499592694e-01                 	8.5596992378e-01                 
1.5120000000e-01	2.0827065077e+03	1.5880986335e-04                 	9.5880776998e-05                 	6.2929086352e-05                 	6.0374573075e-01                 	8.5774655880e-01                 
1.5310000000e-01	2.0568597255e+03	1.5881742751e-04                 	9.5776583889e-05                 	6.3040843618e-05                 	6.0306091965e-01                 	8.5881326152e-01                 
1.5500000000e-01	2.0316466062e+03	1.5882532487e-04                 	9.5654758564e-05                 	6.3170566303e-05                 	6.0226389365e-01                 	8.6016783603e-01                 
1.5600000000e-01	2.0186232306e+03	1.5882994919e-04                 	9.5644011094e-05                 	6.3185938095e-05                 	6.0217869226e-01                 	8.6039736622e-01                 
1.5690000000e-01	2.0070441298e+03	1.5883467454e-04                 	9.5711737812e-05                 	6.3122936732e-05                 	6.0258717492e-01                 	8.5987485052e-01                 
1.5790000000e-01	1.9943332740e+03	1.5883996309e-04                 	9.5791322439e-05                 	6.3048640649e-05                 	6.0306814845e-01                 	8.5926706532e-01                 
1.5830000000e-01	1.9892938975e+03	1.5884334841e-04                 	9.6013524298e-05                 	6.2829824107e-05                 	6.0445416986e-01                 	8.5720367503e-01                 
1.5900000000e-01	1.9805359998e+03	1.5884872524e-04                 	9.6368632934e-05                 	6.2480092306e-05                 	6.0666922437e-01                 	8.5383334909e-01                 
1.6000000000e-01	1.9681576498e+03	1.5885867994e-04                 	9.7358269886e-05                 	6.1500410056e-05                 	6.1286087686e-01                 	8.4414735347e-01                 
1.6100000000e-01	1.9559330681e+03	1.5886969258e-04                 	9.8640760086e-05                 	6.0228932490e-05                 	6.2089098611e-01                 	8.3150481952e-01                 
1.6140000000e-01	1.9510856504e+03	1.5887475611e-04                 	9.9320754154e-05                 	5.9554001960e-05                 	6.2515126118e-01                 	8.2481798294e-01                 
1.6190000000e-01	1.9450600616e+03	1.5888002556e-04                 	9.9987908296e-05                 	5.8892117264e-05                 	6.2932963375e-01                 	8.1828675312e-01                 
1.6230000000e-01	1.9402663214e+03	1.5888644935e-04                 	1.0106216526e-04                 	5.7824284085e-05                 	6.3606535156e-01                 	8.0786324627e-01                 
1.6250000000e-01	1.9378783013e+03	1.5888891939e-04                 	1.0162335540e-04                 	5.7265563981e-05                 	6.3958742873e-01                 	8.0235420717e-01                 
1.6270000000e-01	1.9354961522e+03	1.5889014333e-04                 	1.0214559182e-04                 	5.6744551514e-05                 	6.4286927858e-01                 	7.9713791357e-01                 
1.6290000000e-01	1.9331198525e+03	1.5888934778e-04                 	1.0248319888e-04                 	5.6406148895e-05                 	6.4499729099e-01                 	7.9359075861e-01                 
1.6310000000e-01	1.9307493806e+03	1.5888759766e-04                 	1.0276778240e-04                 	5.6119815253e-05                 	6.4679549518e-01                 	7.9055512737e-01                 
1.6340000000e-01	1.9272045530e+03	1.5888454671e-04                 	1.0294465083e-04                 	5.5939895883e-05                 	6.4792110346e-01                 	7.8848760171e-01                 
1.6360000000e-01	1.9248485573e+03	1.5887956367e-04                 	1.0300932309e-04                 	5.5870240579e-05                 	6.4834847674e-01                 	7.8745760884e-01                 
1.6380000000e-01	1.9224983148e+03	1.5887310638e-04                 	1.0293849109e-04                 	5.5934615285e-05                 	6.4792898836e-01                 	7.8769402868e-01                 
1.6400000000e-01	1.9201538047e+03	1.5886576663e-04                 	1.0261459955e-04                 	5.6251167076e-05                 	6.4592014837e-01                 	7.9033067101e-01                 
1.6420000000e-01	1.9178150059e+03	1.5885938825e-04                 	1.0211819931e-04                 	5.6741188944e-05                 	6.4282130525e-01                 	7.9470420648e-01                 
1.6440000000e-01	1.9154818976e+03	1.5885481594e-04                 	1.0158677722e-04                 	5.7268038715e-05                 	6.3949447565e-01                 	7.9954913455e-01                 
1.6470000000e-01	1.9119928596e+03	1.5885199240e-04                 	1.0111129725e-04                 	5.7740695149e-05                 	6.3651261607e-01                 	8.0397102122e-01                 
1.6490000000e-01	1.9096738870e+03	1.5884963522e-04                 	1.0062111047e-04                 	5.8228524747e-05                 	6.3343620734e-01                 	8.0860641077e-01                 
1.6530000000e-01	1.9050527766e+03	1.5884759932e-04                 	9.8970322896e-05                 	5.9877276424e-05                 	6.2305205316e-01                 	8.2468606423e-01                 
1.6580000000e-01	1.8993077441e+03	1.5884753195e-04                 	9.8936099442e-05                 	5.9911432510e-05                 	6.2283686895e-01                 	8.2501647739e-01                 
1.6640000000e-01	1.8924592787e+03	1.5884919202e-04                 	9.8075153064e-05                 	6.0774038955e-05                 	6.1741046220e-01                 	8.3363681432e-01                 
1.6750000000e-01	1.8800311879e+03	1.5885322683e-04                 	9.7098163548e-05                 	6.1755063284e-05                 	6.1124451473e-01                 	8.4359180705e-01                 
1.6870000000e-01	1.8666581148e+03	1.5879517272e-04                 	1.0457175856e-04                 	5.4223414155e-05                 	6.5853235191e-01                 	8.2008259078e-01                 
1.6980000000e-01	1.8545655122e+03	1.5912531433e-04                 	1.1336603158e-04                 	4.5759282745e-05                 	7.1243241254e-01                 	7.9523659781e-01                 
1.7030000000e-01	1.8491205165e+03	1.5899978721e-04                 	1.1715885813e-04                 	4.1840929079e-05                 	7.3684915048e-01                 	7.8327703769e-01                 
1.7100000000e-01	1.8415510174e+03	1.5888416777e-04                 	1.2213591449e-04                 	3.6748253285e-05                 	7.6871041464e-01                 	7.6892785221e-01                 
1.7220000000e-01	1.8287179092e+03	1.5918716564e-04                 	1.2989848828e-04                 	2.9288677355e-05                 	8.1601106322e-01                 	7.4997622191e-01                 
1.7260000000e-01	1.8244798608e+03	1.5932422414e-04                 	1.3206355284e-04                 	2.7260671296e-05                 	8.2889813873e-01                 	7.4546610368e-01                 
1.7340000000e-01	1.8160624220e+03	1.5913467359e-04                 	1.3504689860e-04                 	2.4087774984e-05                 	8.4863276845e-01                 	7.3808596966e-01                 
1.7370000000e-01	1.8129258720e+03	1.5821468843e-04                 	1.3509457417e-04                 	2.3120114262e-05                 	8.5386872426e-01                 	7.3426787970e-01                 
1.7460000000e-01	1.8035808933e+03	1.5817873339e-04                 	1.3748948543e-04                 	2.0689247965e-05                 	8.6920335293e-01                 	7.2979470832e-01                 
1.7570000000e-01	1.7922892656e+03	1.5955463094e-04                 	1.4110699395e-04                 	1.8447636998e-05                 	8.8438043516e-01                 	7.2923469918e-01                 
1.7590000000e-01	1.7902514154e+03	1.5872047699e-04                 	1.4060378267e-04                 	1.8116694318e-05                 	8.8585786370e-01                 	7.2692294998e-01                 
1.7710000000e-01	1.7781209710e+03	1.5963629785e-04                 	1.4310546605e-04                 	1.6530831801e-05                 	8.9644691074e-01                 	7.2677634039e-01                 
1.7970000000e-01	1.7523941234e+03	1.5809351833e-04                 	1.4469276186e-04                 	1.3400756470e-05                 	9.1523525688e-01                 	7.2075836361e-01                 
1.8000000000e-01	1.7494734665e+03	1.5971361596e-04                 	1.4661757652e-04                 	1.3096039440e-05                 	9.1800298703e-01                 	7.2295481483e-01                 
1.8230000000e-01	1.7274011189e+03	1.5946279759e-04                 	1.4829018692e-04                 	1.1172610668e-05                 	9.2993594219e-01                 	7.2194361757e-01                 
1.8510000000e-01	1.7012707940e+03	1.5902796647e-04                 	1.4976119758e-04                 	9.2667688932e-06                 	9.4172868396e-01                 	7.2061415523e-01                 
1.8790000000e-01	1.6759192335e+03	1.5931672680e-04                 	1.5169408179e-04                 	7.6226450075e-06                 	9.5215414501e-01                 	7.2058229010e-01                 
1.9070000000e-01	1.6513121341e+03	1.5893778224e-04                 	1.5251388771e-04                 	6.4238945346e-06                 	9.5958233188e-01                 	7.2209828865e-01                 
1.9370000000e-01	1.6257368300e+03	1.5903117191e-04                 	1.5327562398e-04                 	5.7555479296e-06                 	9.6380868065e-01                 	7.2347233039e-01                 
2.0000000000e-01	1.5745261198e+03	1.5843610795e-04                 	1.5349629447e-04                 	4.9398134850e-06                 	9.6882141610e-01                 	7.2557808832e-01                 
2.0660000000e-01	1.5242266407e+03	1.5966822640e-04                 	1.5497798839e-04                 	4.6902380076e-06                 	9.7062510110e-01                 	7.1914300113e-01                 
2.1380000000e-01	1.4728962767e+03	1.5874571092e-04                 	1.5524027677e-04                 	3.5054341572e-06                 	9.7791792839e-01                 	7.3978112216e-01                 
2.2140000000e-01	1.4223361516e+03	1.5900317911e-04                 	1.5615308967e-04                 	2.8500894321e-06                 	9.8207526763e-01                 	7.3652366111e-01                 
2.2540000000e-01	1.3970950487e+03	1.5941177977e-04                 	1.5698561901e-04                 	2.4261607592e-06                 	9.8478054280e-01                 	7.3732799535e-01                 
2.2960000000e-01	1.3715384319e+03	1.5913421509e-04                 	1.5708904933e-04                 	2.0451657580e-06                 	9.8714817076e-01                 	7.3329325697e-01                 
2.3840000000e-01	1.3209111744e+03	1.5902125677e-04                 	1.5757377562e-04                 	1.4474811467e-06                 	9.9089756190e-01                 	7.3520831873e-01                 
2.4360000000e-01	1.2927143841e+03	1.5917182129e-04                 	1.5797303575e-04                 	1.1987855317e-06                 	9.9246860706e-01                 	7.4245026741e-01                 
2.4800000000e-01	1.2697791289e+03	1.5934227381e-04                 	1.5816124001e-04                 	1.1810338044e-06                 	9.9258806984e-01                 	7.3887335722e-01                 
2.6100000000e-01	1.2065334252e+03	1.5948107903e-04                 	1.5844595575e-04                 	1.0351232820e-06                 	9.9350942890e-01                 	7.4425890564e-01                 
2.7550000000e-01	1.1430316659e+03	1.5969201191e-04                 	1.5880764429e-04                 	8.8436761703e-07                 	9.9446204224e-01                 	7.4510976438e-01                 
2.9170000000e-01	1.0795516763e+03	1.5911300104e-04                 	1.5839732211e-04                 	7.1567893028e-07                 	9.9550207132e-01                 	7.4961270496e-01                 
3.1000000000e-01	1.0158233031e+03	1.5912713681e-04                 	1.5857381219e-04                 	5.5332461864e-07                 	9.9652275137e-01                 	7.5456853312e-01                 
3.3060000000e-01	9.5252638829e+02	1.5938830036e-04                 	1.5899381476e-04                 	3.9448559558e-07                 	9.9752500281e-01                 	7.5396304756e-01                 
3.5110000000e-01	8.9691035024e+02	1.5982701591e-04                 	1.5957807629e-04                 	2.4893962434e-07                 	9.9844244339e-01                 	7.5686076791e-01                 
3.5560000000e-01	8.8556024738e+02	1.5994842884e-04                 	1.5969688537e-04                 	2.5154346665e-07                 	9.9842734644e-01                 	7.5630020069e-01                 
3.6090000000e-01	8.7255534488e+02	1.5983007338e-04                 	1.5968382235e-04                 	1.4625103317e-07                 	9.9908495923e-01                 	7.5949330548e-01                 
3.6117000000e-01	8.7190304834e+02	1.5964316610e-04                 	1.5949972893e-04                 	1.4343717112e-07                 	9.9910151387e-01                 	7.5922546188e-01                 
3.6502000000e-01	8.6270676667e+02	1.5961093201e-04                 	1.5948451935e-04                 	1.2641266525e-07                 	9.9920799494e-01                 	7.5673117501e-01                 
3.8210000000e-01	8.2414348068e+02	1.5916704270e-04                 	1.5909980231e-04                 	6.7240390464e-08                 	9.9957754828e-01                 	7.5753649270e-01                 
3.8670000000e-01	8.1433986027e+02	1.5920634466e-04                 	1.5914072186e-04                 	6.5622802785e-08                 	9.9958781289e-01                 	7.5715173439e-01                 
3.9340000000e-01	8.0047082859e+02	1.5976139124e-04                 	1.5970996042e-04                 	5.1430813673e-08                 	9.9967807733e-01                 	7.6103332274e-01                 
4.0470000000e-01	7.7812014818e+02	1.5968280549e-04                 	1.5963743852e-04                 	4.5366964450e-08                 	9.9971589324e-01                 	7.5920846595e-01                 
4.3100000000e-01	7.3063857069e+02	1.6031601836e-04                 	1.6027948262e-04                 	3.6535746225e-08                 	9.9977210171e-01                 	7.6203016261e-01                 
4.3580000000e-01	7.2259115183e+02	1.5998919232e-04                 	1.5995431295e-04                 	3.4879369819e-08                 	9.9978198921e-01                 	7.6247534054e-01                 
4.5790000000e-01	6.8771614756e+02	1.5958106300e-04                 	1.5955130412e-04                 	2.9758887728e-08                 	9.9981351868e-01                 	7.6026712020e-01                 
4.7800000000e-01	6.5879753968e+02	1.6015498812e-04                 	1.6013242076e-04                 	2.2567361728e-08                 	9.9985909048e-01                 	7.6320237487e-01                 
4.8610000000e-01	6.4781983947e+02	1.5970751626e-04                 	1.5968819315e-04                 	1.9323113540e-08                 	9.9987900937e-01                 	7.6069631017e-01                 
4.8800000000e-01	6.4529759010e+02	1.5981545070e-04                 	1.5979594932e-04                 	1.9501373585e-08                 	9.9987797567e-01                 	7.6069443048e-01                 
5.0000000000e-01	6.2981044794e+02	1.5975366317e-04                 	1.5973822830e-04                 	1.5434869014e-08                 	9.9990338332e-01                 	7.6186856212e-01                 
5.0240000000e-01	6.2680179930e+02	1.6039990103e-04                 	1.6038517835e-04                 	1.4722684677e-08                 	9.9990821263e-01                 	7.6465558668e-01                 
5.0850000000e-01	6.1928264301e+02	1.6058962177e-04                 	1.6057647094e-04                 	1.3150835187e-08                 	9.9991810906e-01                 	7.6415135921e-01                 
5.1450000000e-01	6.1206068798e+02	1.6030816773e-04                 	1.6029635402e-04                 	1.1813708901e-08                 	9.9992630626e-01                 	7.6418694122e-01                 
5.4610000000e-01	5.7664388201e+02	1.6022231048e-04                 	1.6021100549e-04                 	1.1304991609e-08                 	9.9992944184e-01                 	7.6206383496e-01                 
5.8930000000e-01	5.3437166803e+02	1.6003987673e-04                 	1.6002942271e-04                 	1.0454024201e-08                 	9.9993467863e-01                 	7.6437170567e-01                 
6.3280000000e-01	4.9763783813e+02	1.5986644066e-04                 	1.5985660958e-04                 	9.8310786728e-09                 	9.9993850443e-01                 	7.6411944734e-01                 
6.4380000000e-01	4.8913517236e+02	1.5975287279e-04                 	1.5974333898e-04                 	9.5338095868e-09                 	9.9994032151e-01                 	7.6399240559e-01                 
6.5630000000e-01	4.7981902174e+02	1.6010982227e-04                 	1.6010053101e-04                 	9.2912557589e-09                 	9.9994196948e-01                 	7.6537220585e-01                 
6.6780000000e-01	4.7155619043e+02	1.6048479543e-04                 	1.6047543784e-04                 	9.3575838230e-09                 	9.9994169177e-01                 	7.6625366813e-01                 
6.9070000000e-01	4.5592185315e+02	1.5955684587e-04                 	1.5954209822e-04                 	1.4747642485e-08                 	9.9990757123e-01                 	7.6343779499e-01                 
7.0650000000e-01	4.4572572395e+02	1.6116687779e-04                 	1.6115798962e-04                 	8.8881672245e-09                 	9.9994485115e-01                 	7.6534236833e-01                 
7.6790000000e-01	4.1008624035e+02	1.5955526020e-04                 	1.5954713230e-04                 	8.1279027690e-09                 	9.9994905901e-01                 	7.6438193182e-01                 
1.0000000000e+00	3.1490522397e+02	1.6099494142e-04                 	1.6098804815e-04                 	6.8932748726e-09                 	9.9995718328e-01                 	7.6645480401e-01                 
1.0139800000e+00	3.1056354560e+02	1.6044413334e-04                 	1.6043787339e-04                 	6.2599545988e-09                 	9.9996098359e-01                 	7.6577676117e-01                 
1.0600000000e+00	2.9708039997e+02	1.6078114306e-04                 	1.6077447442e-04                 	6.6686345451e-09                 	9.9995852353e-01                 	7.5990349505e-01                 
1.1286600000e+00	2.7900804845e+02	1.6248579601e-04                 	1.6247904913e-04                 	6.7468822148e-09                 	9.9995847710e-01                 	7.6026483123e-01                 
1.3190000000e+00	2.3874543136e+02	1.6177717075e-04                 	1.6177198948e-04                 	5.1812754084e-09                 	9.9996797277e-01                 	7.6583789437e-01                 
1.3672800000e+00	2.3031509564e+02	1.6264323206e-04                 	1.6263809163e-04                 	5.1404260071e-09                 	9.9996839447e-01                 	7.6721712942e-01                 
1.5000000000e+00	2.0993681598e+02	1.6459001716e-04                 	1.6458523898e-04                 	4.7781736380e-09                 	9.9997096924e-01                 	7.6344493132e-01                 
1.5295200000e+00	2.0588499919e+02	1.6469058965e-04                 	1.6468390436e-04                 	6.6852914021e-09                 	9.9995940696e-01                 	7.6094861328e-01                 
1.5500000000e+00	2.0316466062e+02	1.6061711463e-04                 	1.6061243835e-04                 	4.6762791360e-09                 	9.9997088555e-01                 	7.5963431366e-01                 
1.6932000000e+00	1.8598229623e+02	1.6332992825e-04                 	1.6332256913e-04                 	7.3591236546e-09                 	9.9995494320e-01                 	7.5342846370e-01                 
1.7092000000e+00	1.8424129649e+02	1.6447487018e-04                 	1.6447043302e-04                 	4.4371592931e-09                 	9.9997302227e-01                 	7.6485240762e-01                 
1.8130700000e+00	1.7368619191e+02	1.6268196108e-04                 	1.6267698508e-04                 	4.9760009391e-09                 	9.9996941271e-01                 	7.5292501745e-01                 
1.9700900000e+00	1.5984306502e+02	1.6320717022e-04                 	1.6320253864e-04                 	4.6315820521e-09                 	9.9997162145e-01                 	7.5835923734e-01                 
2.0000000000e+00	1.5745261198e+02	1.6254707310e-04                 	1.6254304166e-04                 	4.0314394879e-09                 	9.9997519833e-01                 	7.6662478852e-01                 
2.2492900000e+00	1.4000205575e+02	1.6241777422e-04                 	1.6241373095e-04                 	4.0432757598e-09                 	9.9997510571e-01                 	7.6175900350e-01                 
2.3254200000e+00	1.3541864436e+02	1.6039802657e-04                 	1.6039402736e-04                 	3.9992062495e-09                 	9.9997506699e-01                 	7.6521945318e-01                 
2.5000000000e+00	1.2596208959e+02	1.6158254807e-04                 	1.6157843522e-04                 	4.1128503553e-09                 	9.9997454644e-01                 	7.5928743087e-01                 
2.7000000000e+00	1.1663156443e+02	1.6555956340e-04                 	1.6555574234e-04                 	3.8210599229e-09                 	9.9997692033e-01                 	7.6941002157e-01                 
2.8000000000e+00	1.1246615142e+02	1.6586781166e-04                 	1.6586382328e-04                 	3.9883828115e-09                 	9.9997595445e-01                 	7.6639583470e-01                 
3.0000000000e+00	1.0496840799e+02	1.6229730049e-04                 	1.6229308190e-04                 	4.2185932767e-09                 	9.9997400700e-01                 	7.6276675395e-01                 
3.3033000000e+00	9.5330494950e+01	1.6827274141e-04                 	1.6826899298e-04                 	3.7484286221e-09                 	9.9997772409e-01                 	7.7238307886e-01                 
3.3330000000e+00	9.4481015292e+01	1.6773821766e-04                 	1.6773205729e-04                 	6.1603690306e-09                 	9.9996327391e-01                 	7.5927364786e-01                 
3.4480000000e+00	9.1329821336e+01	1.6737067958e-04                 	1.6736692550e-04                 	3.7540776895e-09                 	9.9997757028e-01                 	7.7628726445e-01                 
3.5000000000e+00	8.9972921134e+01	1.6368684086e-04                 	1.6368306954e-04                 	3.7713156139e-09                 	9.9997696018e-01                 	7.6970650404e-01                 
3.5078000000e+00	8.9772855912e+01	1.6463277370e-04                 	1.6462905621e-04                 	3.7174930612e-09                 	9.9997741948e-01                 	7.6305497953e-01                 
3.5710000000e+00	8.8184044796e+01	1.6696534235e-04                 	1.6696116061e-04                 	4.1817410496e-09                 	9.9997495444e-01                 	7.4624859721e-01                 
3.7040000000e+00	8.5017609063e+01	1.6125796894e-04                 	1.6125288302e-04                 	5.0859154104e-09                 	9.9996846100e-01                 	7.5858629689e-01                 
3.8000000000e+00	8.2869795781e+01	1.7055409735e-04                 	1.7055358319e-04                 	5.1415703976e-10                 	9.9999698537e-01                 	7.6354251969e-01                 
4.0000000000e+00	7.8726305992e+01	1.6124931443e-04                 	1.6124838082e-04                 	9.3360561836e-10                 	9.9999421017e-01                 	7.4987431297e-01                 
4.1670000000e+00	7.5571208056e+01	1.6704115307e-04                 	1.6703939394e-04                 	1.7591330272e-09                 	9.9998946886e-01                 	7.7218854831e-01                 
4.2580000000e+00	7.3956135267e+01	1.7073398166e-04                 	1.7073143930e-04                 	2.5423629422e-09                 	9.9998510922e-01                 	7.4994884944e-01                 
4.3480000000e+00	7.2425304501e+01	1.6277076460e-04                 	1.6276665604e-04                 	4.1085553509e-09                 	9.9997475864e-01                 	7.5459762102e-01                 
4.5000000000e+00	6.9978938660e+01	1.6853729724e-04                 	1.6853182809e-04                 	5.4691442353e-09                 	9.9996754935e-01                 	7.6326802209e-01                 
4.5450000000e+00	6.9286077881e+01	1.6312550096e-04                 	1.6311924039e-04                 	6.2605754682e-09                 	9.9996162111e-01                 	7.5812579836e-01                 
4.7620000000e+00	6.6128774458e+01	1.6795047618e-04                 	1.6793867366e-04                 	1.1802518794e-08                 	9.9992972620e-01                 	7.7555761670e-01                 
5.0000000000e+00	6.2981044794e+01	1.7095094225e-04                 	1.7092689845e-04                 	2.4043791143e-08                 	9.9985935268e-01                 	7.8209106609e-01                 
5.1280000000e+00	6.1408975033e+01	1.6170744742e-04                 	1.6167634184e-04                 	3.1105578649e-08                 	9.9980764288e-01                 	7.6811442046e-01                 
5.2080000000e+00	6.0465672805e+01	1.6414746719e-04                 	1.6410686165e-04                 	4.0605534635e-08                 	9.9975262771e-01                 	7.4562160278e-01                 
5.2630000000e+00	5.9833787568e+01	1.7035858032e-04                 	1.7031300101e-04                 	4.5579307952e-08                 	9.9973245076e-01                 	7.5528394392e-01                 
5.3190000000e+00	5.9203839814e+01	1.7519278328e-04                 	1.7508354607e-04                 	1.0923720684e-07                 	9.9937647428e-01                 	7.6246916392e-01                 
5.3760000000e+00	5.8576120530e+01	1.7295810016e-04                 	1.7289838574e-04                 	5.9714421692e-08                 	9.9965474631e-01                 	7.6636894448e-01                 
5.4350000000e+00	5.7940243600e+01	1.6613286591e-04                 	1.6606844949e-04                 	6.4416418874e-08                 	9.9961225963e-01                 	7.6193399298e-01                 
5.4950000000e+00	5.7307593079e+01	1.6107749015e-04                 	1.6100567639e-04                 	7.1813766173e-08                 	9.9955416634e-01                 	7.5654936085e-01                 
5.5550000000e+00	5.6688609175e+01	1.6259282576e-04                 	1.6251160023e-04                 	8.1225529665e-08                 	9.9950043596e-01                 	7.6218288360e-01                 
5.6180000000e+00	5.6052905655e+01	1.6929875215e-04                 	1.6920657312e-04                 	9.2179028821e-08                 	9.9945552446e-01                 	7.7678230389e-01                 
5.6820000000e+00	5.5421545929e+01	1.7387408361e-04                 	1.7376943707e-04                 	1.0464654384e-07                 	9.9939814755e-01                 	7.8627631548e-01                 
5.7470000000e+00	5.4794714454e+01	1.7120278421e-04                 	1.7108283897e-04                 	1.1994524298e-07                 	9.9929939666e-01                 	7.8371581739e-01                 
5.8140000000e+00	5.4163265216e+01	1.6387444562e-04                 	1.6373939453e-04                 	1.3505108487e-07                 	9.9917588685e-01                 	7.7593363122e-01                 
5.8820000000e+00	5.3537100301e+01	1.5944992077e-04                 	1.5930118567e-04                 	1.4873509901e-07                 	9.9906719866e-01                 	7.7385918293e-01                 
5.9520000000e+00	5.2907463704e+01	1.6308338052e-04                 	1.6290348317e-04                 	1.7989734956e-07                 	9.9889689956e-01                 	7.8071333582e-01                 
6.0240000000e+00	5.2275103580e+01	1.7112663928e-04                 	1.7093205895e-04                 	1.9458033228e-07                 	9.9886294540e-01                 	7.9013667930e-01                 
6.0980000000e+00	5.1640738598e+01	1.7512920084e-04                 	1.7490120370e-04                 	2.2799713061e-07                 	9.9869812042e-01                 	7.9517642452e-01                 
6.1720000000e+00	5.1021585218e+01	1.7032822111e-04                 	1.7007062517e-04                 	2.5759594169e-07                 	9.9848764967e-01                 	7.9233132081e-01                 
6.2500000000e+00	5.0384835835e+01	1.6246419665e-04                 	1.6215947285e-04                 	3.0472379697e-07                 	9.9812436338e-01                 	7.8002523674e-01                 
6.3290000000e+00	4.9755920994e+01	1.6178507411e-04                 	1.6138778556e-04                 	3.9728854773e-07                 	9.9754434363e-01                 	7.6734808056e-01                 
6.4100000000e+00	4.9127180026e+01	1.7111060555e-04                 	1.7061480982e-04                 	4.9579572757e-07                 	9.9710248394e-01                 	7.6116653664e-01                 
6.4940000000e+00	4.8491719120e+01	1.7652355363e-04                 	1.7601606377e-04                 	5.0748985757e-07                 	9.9712508701e-01                 	7.8174085569e-01                 
6.5790000000e+00	4.7865211121e+01	1.7526914744e-04                 	1.7472818670e-04                 	5.4096074215e-07                 	9.9691354269e-01                 	7.8972475988e-01                 
6.6670000000e+00	4.7233421924e+01	1.6719388558e-04                 	1.6638810380e-04                 	8.0578178495e-07                 	9.9518055471e-01                 	7.7881105698e-01                 
6.7570000000e+00	4.6604295393e+01	1.5958993050e-04                 	1.5881014297e-04                 	7.7978753054e-07                 	9.9511380494e-01                 	7.7793985711e-01                 
6.8490000000e+00	4.5978277700e+01	1.6394023297e-04                 	1.6310074379e-04                 	8.3948917940e-07                 	9.9487929739e-01                 	7.7298116381e-01                 
6.9440000000e+00	4.5349254604e+01	1.7266017933e-04                 	1.7163133382e-04                 	1.0288455170e-06                 	9.9404121135e-01                 	7.9750556851e-01                 
7.0420000000e+00	4.4718151657e+01	1.7677017972e-04                 	1.7564290566e-04                 	1.1272740602e-06                 	9.9362293990e-01                 	8.0399667454e-01                 
7.1430000000e+00	4.4085849639e+01	1.6954655251e-04                 	1.6830966904e-04                 	1.2368834620e-06                 	9.9270475605e-01                 	7.9623176165e-01                 
7.2460000000e+00	4.3459180785e+01	1.6302162472e-04                 	1.6155207978e-04                 	1.4695449355e-06                 	9.9098558281e-01                 	7.6918054638e-01                 
7.3520000000e+00	4.2832593032e+01	1.6494070510e-04                 	1.6332062809e-04                 	1.6200770072e-06                 	9.9017782174e-01                 	7.6408542659e-01                 
7.4630000000e+00	4.2195527800e+01	1.7292497222e-04                 	1.7135348684e-04                 	1.5714853762e-06                 	9.9091232830e-01                 	7.9831790179e-01                 
7.5760000000e+00	4.1566159447e+01	1.7985886958e-04                 	1.7802549736e-04                 	1.8333722189e-06                 	9.8980660657e-01                 	8.1002953405e-01                 
7.6920000000e+00	4.0939316689e+01	1.7711232664e-04                 	1.7433132192e-04                 	2.7810047213e-06                 	9.8429807358e-01                 	7.7700730560e-01                 
7.8120000000e+00	4.0310448537e+01	1.5732038449e-04                 	1.5499159875e-04                 	2.3287857405e-06                 	9.8519717742e-01                 	7.8826503572e-01                 
7.9360000000e+00	3.9680597778e+01	1.5998206218e-04                 	1.5739655694e-04                 	2.5855052339e-06                 	9.8383878043e-01                 	7.9816371126e-01                 
8.0650000000e+00	3.9045905018e+01	1.8427155664e-04                 	1.8049313786e-04                 	3.7784187845e-06                 	9.7949537708e-01                 	7.9600933378e-01                 
8.1970000000e+00	3.8417131142e+01	1.8291151641e-04                 	1.7942074598e-04                 	3.4907704210e-06                 	9.8091552413e-01                 	8.2252805640e-01                 
8.3330000000e+00	3.7790138482e+01	1.6586577659e-04                 	1.6232589913e-04                 	3.5398774633e-06                 	9.7865818051e-01                 	8.1207053038e-01                 
8.4750000000e+00	3.7156958580e+01	1.5561998515e-04                 	1.5166112817e-04                 	3.9588569867e-06                 	9.7456074178e-01                 	8.0052223503e-01                 
8.6210000000e+00	3.6527690983e+01	1.7178429826e-04                 	1.6778148109e-04                 	4.0028171689e-06                 	9.7669858532e-01                 	8.1969347253e-01                 
8.7720000000e+00	3.5898908341e+01	1.8981431657e-04                 	1.8506166822e-04                 	4.7526483504e-06                 	9.7496159175e-01                 	8.3442237686e-01                 
8.9290000000e+00	3.5267692235e+01	1.7368100835e-04                 	1.6720535750e-04                 	6.4756508446e-06                 	9.6271526227e-01                 	8.2550366009e-01                 
9.0910000000e+00	3.4639228244e+01	1.5314458979e-04                 	1.4678480461e-04                 	6.3597851766e-06                 	9.5847202186e-01                 	8.2531820174e-01                 
9.2590000000e+00	3.4010716489e+01	1.7190168160e-04                 	1.6311905976e-04                 	8.7826218437e-06                 	9.4890904055e-01                 	8.3176953071e-01                 
9.4340000000e+00	3.3379820221e+01	1.9234888400e-04                 	1.8125774942e-04                 	1.1091134581e-05                 	9.4233845110e-01                 	8.4534559773e-01                 
9.5240000000e+00	3.3064387229e+01	1.8631393625e-04                 	1.7393024175e-04                 	1.2383694496e-05                 	9.3353318198e-01                 	8.6576371575e-01                 
9.6150000000e+00	3.2751453351e+01	1.7192185834e-04                 	1.5699606570e-04                 	1.4925792639e-05                 	9.1318269368e-01                 	8.4909989919e-01                 
9.7090000000e+00	3.2434362341e+01	1.6316961502e-04                 	1.4576624173e-04                 	1.7403373290e-05                 	8.9334182539e-01                 	8.4094617424e-01                 
9.8040000000e+00	3.2120075884e+01	1.5680428399e-04                 	1.3528636724e-04                 	2.1517916742e-05                 	8.6277213737e-01                 	8.5650601186e-01                 
9.9010000000e+00	3.1805395815e+01	1.6450328002e-04                 	1.3918666446e-04                 	2.5316615556e-05                 	8.4610267009e-01                 	8.6655228400e-01                 
1.0000000000e+01	3.1490522397e+01	1.8161350867e-04                 	1.5716293178e-04                 	2.4450576887e-05                 	8.6537027413e-01                 	8.8959616255e-01                 
1.0100000000e+01	3.1178735046e+01	1.9122556472e-04                 	1.5605063754e-04                 	3.5174927179e-05                 	8.1605531023e-01                 	9.1108328064e-01                 
1.0200000000e+01	3.0873061173e+01	1.8749151683e-04                 	1.5011666977e-04                 	3.7374847067e-05                 	8.0065846339e-01                 	9.1168183923e-01                 
1.0310000000e+01	3.0543668668e+01	1.7040769587e-04                 	1.3850938805e-04                 	3.1898307822e-05                 	8.1281181193e-01                 	9.0063836093e-01                 
1.0420000000e+01	3.0221230707e+01	1.5279496508e-04                 	1.2590297555e-04                 	2.6891989530e-05                 	8.2399950473e-01                 	8.8399938581e-01                 
1.0530000000e+01	2.9905529342e+01	1.5942906402e-04                 	1.3266266288e-04                 	2.6766401137e-05                 	8.3211090587e-01                 	8.6730639753e-01                 
1.0640000000e+01	2.9596355636e+01	1.7916915016e-04                 	1.5197259129e-04                 	2.7196558866e-05                 	8.4820735689e-01                 	8.9656823084e-01                 
1.0750000000e+01	2.9293509206e+01	1.9878917391e-04                 	1.6764559207e-04                 	3.1143581835e-05                 	8.4333361208e-01                 	9.1500297703e-01                 
1.0870000000e+01	2.8970121800e+01	1.9372287934e-04                 	1.5625357316e-04                 	3.7469306182e-05                 	8.0658295856e-01                 	9.1811579844e-01                 
1.0990000000e+01	2.8653796539e+01	1.6505128620e-04                 	1.2084225113e-04                 	4.4209035070e-05                 	7.3214970880e-01                 	9.1901974645e-01                 
1.1110000000e+01	2.8344304588e+01	1.5108952333e-04                 	1.0023075720e-04                 	5.0858766129e-05                 	6.6338654721e-01                 	9.3046054823e-01                 
1.1240000000e+01	2.8016479001e+01	1.7467880062e-04                 	1.1640836209e-04                 	5.8270438528e-05                 	6.6641379308e-01                 	9.6159018380e-01                 
1.1360000000e+01	2.7720530279e+01	2.0783417191e-04                 	1.4667522988e-04                 	6.1158942032e-05                 	7.0573201957e-01                 	9.8123353336e-01                 
1.1490000000e+01	2.7406895036e+01	2.0143232070e-04                 	1.3733405236e-04                 	6.4098268338e-05                 	6.8178756957e-01                 	9.8947952985e-01                 
1.1630000000e+01	2.7076975406e+01	1.4893059963e-04                 	8.4263543823e-05                 	6.4667055803e-05                 	5.6579067052e-01                 	9.9270555953e-01                 
1.1700000000e+01	2.6914976408e+01	1.1757298984e-04                 	5.3780278446e-05                 	6.3792711398e-05                 	4.5742035239e-01                 	9.9344981531e-01                 
1.1760000000e+01	2.6777655099e+01	9.3594109726e-05                 	3.1540508048e-05                 	6.2053601679e-05                 	3.3699244685e-01                 	9.9381412214e-01                 
1.1900000000e+01	2.6462623863e+01	9.1035830357e-05                 	3.4863392005e-05                 	5.6172438352e-05                 	3.8296340977e-01                 	9.9356167701e-01                 
1.2050000000e+01	2.6133213607e+01	1.5383677251e-04                 	1.0560075912e-04                 	4.8236013395e-05                 	6.8644679288e-01                 	9.9122152997e-01                 
1.2200000000e+01	2.5811903604e+01	1.8628953823e-04                 	1.4510265611e-04                 	4.1186882114e-05                 	7.7890931232e-01                 	9.8251175096e-01                 
1.2270000000e+01	2.5664647430e+01	1.6674292655e-04                 	1.2791724882e-04                 	3.8825677734e-05                 	7.6715247515e-01                 	9.7079926976e-01                 
1.2350000000e+01	2.5498398702e+01	1.4254596757e-04                 	1.0495447402e-04                 	3.7591493552e-05                 	7.3628511425e-01                 	9.5157334039e-01                 
1.2500000000e+01	2.5192417917e+01	1.4329696498e-04                 	1.0653940140e-04                 	3.6757563576e-05                 	7.4348679623e-01                 	9.2158882918e-01                 
1.2660000000e+01	2.4874030329e+01	1.6869761262e-04                 	1.2952147799e-04                 	3.9176134626e-05                 	7.6777303473e-01                 	9.0892115705e-01                 
1.2820000000e+01	2.4563590013e+01	1.5829926971e-04                 	1.2033147626e-04                 	3.7967793451e-05                 	7.6015180917e-01                 	8.6457900174e-01                 
1.2990000000e+01	2.4242126556e+01	1.6411679108e-04                 	1.2933463346e-04                 	3.4782157615e-05                 	7.8806460090e-01                 	8.2996456109e-01                 
1.3330000000e+01	2.3623797747e+01	1.6664859868e-04                 	1.4045290160e-04                 	2.6195697082e-05                 	8.4280877674e-01                 	7.4016120648e-01                 
1.3510000000e+01	2.3309046926e+01	1.6735908561e-04                 	1.4195418066e-04                 	2.5404904954e-05                 	8.4820122038e-01                 	7.0469347085e-01                 
1.3700000000e+01	2.2985782771e+01	1.6863534418e-04                 	1.4573663537e-04                 	2.2898708812e-05                 	8.6421168752e-01                 	6.6815643351e-01                 
1.3890000000e+01	2.2671362417e+01	1.6989758434e-04                 	1.5116052992e-04                 	1.8737054420e-05                 	8.8971559253e-01                 	6.3022055096e-01                 
1.4080000000e+01	2.2365427839e+01	1.7123257991e-04                 	1.5202638018e-04                 	1.9206199731e-05                 	8.8783559916e-01                 	6.2259662300e-01                 
1.4290000000e+01	2.2036754651e+01	1.7242640243e-04                 	1.5362647095e-04                 	1.8799931484e-05                 	8.9096837132e-01                 	6.1489700792e-01                 
1.4490000000e+01	2.1732589646e+01	1.7353785508e-04                 	1.5458589925e-04                 	1.8951955824e-05                 	8.9079065305e-01                 	6.1156717073e-01                 
1.4710000000e+01	2.1407561113e+01	1.7473013926e-04                 	1.5589002899e-04                 	1.8840110268e-05                 	8.9217595575e-01                 	6.0773804471e-01                 
1.4930000000e+01	2.1092111451e+01	1.7594995290e-04                 	1.5677165023e-04                 	1.9178302674e-05                 	8.9100137648e-01                 	6.0640413117e-01                 
1.5150000000e+01	2.0785823364e+01	1.7710056355e-04                 	1.5717322875e-04                 	1.9927334801e-05                 	8.8748011637e-01                 	6.0725757724e-01                 
1.5380000000e+01	2.0474982053e+01	1.7827016311e-04                 	1.5876182162e-04                 	1.9508341491e-05                 	8.9056866752e-01                 	6.0381090871e-01                 
1.5630000000e+01	2.0147487138e+01	1.7930131502e-04                 	1.6063734814e-04                 	1.8663966882e-05                 	8.9590725043e-01                 	5.9941236589e-01                 
1.5870000000e+01	1.9842799242e+01	1.8063324789e-04                 	1.6422443074e-04                 	1.6408817153e-05                 	9.0915948562e-01                 	5.9022669027e-01                 
1.6130000000e+01	1.9522952509e+01	1.8220668740e-04                 	1.6834263054e-04                 	1.3864056854e-05                 	9.2391027436e-01                 	5.8108890317e-01                 
1.6390000000e+01	1.9213253445e+01	1.8395392769e-04                 	1.7129917708e-04                 	1.2654750615e-05                 	9.3120695615e-01                 	5.7715224058e-01                 
1.6670000000e+01	1.8890535331e+01	1.8613575759e-04                 	1.7472561242e-04                 	1.1410145177e-05                 	9.3869987516e-01                 	5.7374989306e-01                 
1.6950000000e+01	1.8578479290e+01	1.8903846840e-04                 	1.7866763912e-04                 	1.0370829281e-05                 	9.4513905361e-01                 	5.7144485101e-01                 
1.7240000000e+01	1.8265964267e+01	1.9300483853e-04                 	1.8164820013e-04                 	1.1356638404e-05                 	9.4115878912e-01                 	5.7408021343e-01                 
1.7540000000e+01	1.7953547547e+01	1.9798201807e-04                 	1.8547415456e-04                 	1.2507863518e-05                 	9.3682323456e-01                 	5.7717818875e-01                 
1.7860000000e+01	1.7631871443e+01	2.0341797352e-04                 	1.9013512225e-04                 	1.3282851270e-05                 	9.3470168324e-01                 	5.8099260338e-01                 
1.8180000000e+01	1.7321519470e+01	2.0843924666e-04                 	1.9533027668e-04                 	1.3108969985e-05                 	9.3710891689e-01                 	5.8167185745e-01                 
1.8520000000e+01	1.7003521813e+01	2.1605480710e-04                 	2.0180953402e-04                 	1.4245273080e-05                 	9.3406639143e-01                 	5.8132015784e-01                 
1.8870000000e+01	1.6688141175e+01	2.1989402849e-04                 	2.0740555129e-04                 	1.2488477196e-05                 	9.4320683794e-01                 	5.8690335659e-01                 
1.9230000000e+01	1.6375726675e+01	2.2030711019e-04                 	2.0915173669e-04                 	1.1155373493e-05                 	9.4936444183e-01                 	5.8263726483e-01                 
1.9610000000e+01	1.6058399998e+01	2.2379151426e-04                 	2.1322120475e-04                 	1.0570309503e-05                 	9.5276715680e-01                 	5.8807120631e-01                 
2.0000000000e+01	1.5745261198e+01	2.2054776910e-04                 	2.1140945610e-04                 	9.1383129977e-06                 	9.5856538003e-01                 	5.8432400550e-01                 
2.0410000000e+01	1.5428967367e+01	2.2003229519e-04                 	2.1145718633e-04                 	8.5751088581e-06                 	9.6102795342e-01                 	5.8626235863e-01                 
2.0830000000e+01	1.5117869610e+01	2.1535730050e-04                 	2.0769448442e-04                 	7.6628160849e-06                 	9.6441812714e-01                 	5.8124380305e-01                 
2.1280000000e+01	1.4798177818e+01	2.1208344798e-04                 	2.0492994703e-04                 	7.1535009508e-06                 	9.6627034774e-01                 	5.7959758492e-01                 
2.1740000000e+01	1.4485060900e+01	2.0657655565e-04                 	2.0001497343e-04                 	6.5615822204e-06                 	9.6823655908e-01                 	5.7289963201e-01                 
2.2220000000e+01	1.4172152294e+01	2.0151835834e-04                 	1.9527059258e-04                 	6.2477657586e-06                 	9.6899654299e-01                 	5.6758181821e-01                 
2.2730000000e+01	1.3854167355e+01	1.9569333294e-04                 	1.8971095965e-04                 	5.9823732884e-06                 	9.6942985641e-01                 	5.5976678160e-01                 
2.3260000000e+01	1.3538487703e+01	1.8996932463e-04                 	1.8397749985e-04                 	5.9918247859e-06                 	9.6845898780e-01                 	5.5182040743e-01                 
2.3810000000e+01	1.3225754892e+01	1.8402764855e-04                 	1.7803861768e-04                 	5.9890308710e-06                 	9.6745580940e-01                 	5.4285736113e-01                 
2.4390000000e+01	1.2911243295e+01	1.7770685554e-04                 	1.7151620969e-04                 	6.1906458530e-06                 	9.6516371958e-01                 	5.3254944919e-01                 
2.5000000000e+01	1.2596208959e+01	1.7082696689e-04                 	1.6172315870e-04                 	9.1038081908e-06                 	9.4670742941e-01                 	5.2541876113e-01                 
2.5640000000e+01	1.2281795007e+01	1.7145670553e-04                 	1.4483484996e-04                 	2.6621855564e-05                 	8.4473132455e-01                 	5.6576431540e-01                 
2.6320000000e+01	1.1964484193e+01	1.7406855956e-04                 	1.3624681004e-04                 	3.7821749523e-05                 	7.8271923650e-01                 	6.0272575701e-01                 
2.7030000000e+01	1.1650211764e+01	1.7606859803e-04                 	1.3138173587e-04                 	4.4686862156e-05                 	7.4619629703e-01                 	6.2843100066e-01                 
2.7780000000e+01	1.1335681208e+01	1.7754701771e-04                 	1.2811906574e-04                 	4.9427951971e-05                 	7.2160640822e-01                 	6.4719285377e-01                 
2.8570000000e+01	1.1022233951e+01	1.7874207164e-04                 	1.2567602007e-04                 	5.3066051571e-05                 	7.0311381599e-01                 	6.6199850915e-01                 
2.9410000000e+01	1.0707420060e+01	1.7995593187e-04                 	1.2371274073e-04                 	5.6243191141e-05                 	6.8746131036e-01                 	6.7532866283e-01                 
3.0300000000e+01	1.0392911682e+01	1.8051065855e-04                 	1.2188921290e-04                 	5.8621445648e-05                 	6.7524662466e-01                 	6.8342678505e-01                 
3.1250000000e+01	1.0076967167e+01	1.8178671298e-04                 	1.2102570806e-04                 	6.0761004919e-05                 	6.6575662257e-01                 	6.9218243150e-01                 
3.2260000000e+01	9.7614762544e+00	1.8338956384e-04                 	1.2053296479e-04                 	6.2856599055e-05                 	6.5725094854e-01                 	7.0186344414e-01                 
3.3330000000e+01	9.4481015292e+00	1.8250065213e-04                 	1.1852958867e-04                 	6.3971063466e-05                 	6.4947487739e-01                 	6.9869533169e-01                 
3.7040000000e+01	8.5017609063e+00	1.8483726140e-04                 	1.3380158217e-04                 	5.1035679238e-05                 	7.2388857717e-01                 	6.0797047120e-01                 
3.8460000000e+01	8.1878633377e+00	1.8530351481e-04                 	1.4044197679e-04                 	4.4861538023e-05                 	7.5790239020e-01                 	5.8265025067e-01                 
4.0000000000e+01	7.8726305992e+00	1.9067573181e-04                 	1.4140295040e-04                 	4.9272781409e-05                 	7.4158860731e-01                 	6.3198280438e-01                 
4.1670000000e+01	7.5571208056e+00	1.9129278535e-04                 	1.4068592437e-04                 	5.0606860983e-05                 	7.3544814620e-01                 	6.5228674913e-01                 
4.3470000000e+01	7.2441965486e+00	1.9251623747e-04                 	1.4060656671e-04                 	5.1909670758e-05                 	7.3036211678e-01                 	6.2994061626e-01                 
4.5460000000e+01	6.9270836773e+00	2.1812085292e-04                 	1.7251598607e-04                 	4.5604866850e-05                 	7.9091927141e-01                 	6.7397383877e-01                 
4.7620000000e+01	6.6128774458e+00	1.6877736262e-04                 	1.2189190139e-04                 	4.6885461227e-05                 	7.2220527387e-01                 	5.5175314700e-01                 
5.0000000000e+01	6.2981044794e+00	1.9616266567e-04                 	1.4959567036e-04                 	4.6566995316e-05                 	7.6261030530e-01                 	5.9731811551e-01                 
5.2630000000e+01	5.9833787568e+00	2.1509586406e-04                 	1.7509159572e-04                 	4.0004268344e-05                 	8.1401656178e-01                 	5.5968475992e-01                 
5.5560000000e+01	5.6678406042e+00	1.8257399909e-04                 	1.4327551700e-04                 	3.9298482083e-05                 	7.8475312870e-01                 	4.0449342499e-01                 
5.8820000000e+01	5.3537100301e+00	2.0000878018e-04                 	1.5518292564e-04                 	4.4825854538e-05                 	7.7588056635e-01                 	5.3339429037e-01                 
6.2500000000e+01	5.0384835835e+00	2.3361803124e-04                 	1.8718543531e-04                 	4.6432595937e-05                 	8.0124566717e-01                 	7.0648637587e-01                 
6.6670000000e+01	4.7233421924e+00	2.1661081587e-04                 	1.6906672785e-04                 	4.7544088022e-05                 	7.8050916881e-01                 	5.7584265685e-01                 
7.1430000000e+01	4.4085849639e+00	1.7773516217e-04                 	1.3985563925e-04                 	3.7879522911e-05                 	7.8687659521e-01                 	3.3183431825e-01                 
7.6920000000e+01	4.0939316689e+00	2.1936308280e-04                 	1.7315004748e-04                 	4.6213035316e-05                 	7.8933084489e-01                 	5.0464913758e-01                 
8.3330000000e+01	3.7790138482e+00	2.5163452939e-04                 	1.9994443475e-04                 	5.1690094642e-05                 	7.9458266412e-01                 	7.3122261804e-01                 
9.0910000000e+01	3.4639228244e+00	2.3830720588e-04                 	1.7847473712e-04                 	5.9832468760e-05                 	7.4892715250e-01                 	4.9713046748e-01                 
9.5240000000e+01	3.3064387229e+00	1.4204480118e-04                 	8.6015545137e-05                 	5.6029256043e-05                 	6.0555222312e-01                 	4.6146286526e-01                 
1.0000000000e+02	3.1490522397e+00	1.8990119737e-04                 	1.3610676395e-04                 	5.3794433417e-05                 	7.1672409568e-01                 	1.6424868611e-01                 
1.0520000000e+02	2.9933956651e+00	1.8558718698e-04                 	1.5723146465e-04                 	2.8355722321e-05                 	8.4721077579e-01                 	2.1066474634e-01                 
1.1110000000e+02	2.8344304588e+00	2.5322507495e-04                 	2.2169804696e-04                 	3.1527027991e-05                 	8.7549800115e-01                 	4.5522047307e-01                 
1.1760000000e+02	2.6777655099e+00	2.3890416730e-04                 	2.3238307422e-04                 	6.5210930734e-06                 	9.7270414683e-01                 	3.3784289741e-01                 
1.2500000000e+02	2.5192417917e+00	2.6947207918e-04                 	2.6027111061e-04                 	9.2009685648e-06                 	9.6585557735e-01                 	4.3556000325e-01                 
1.3330000000e+02	2.3623797747e+00	3.0661261791e-04                 	2.9770659854e-04                 	8.9060193738e-06                 	9.7095351315e-01                 	5.7013151042e-01                 
1.4290000000e+02	2.2036754651e+00	1.8487135010e-04                 	1.8059114661e-04                 	4.2802034950e-06                 	9.7684766465e-01                 	3.6139598580e-01                 
1.5380000000e+02	2.0474982053e+00	1.9412027744e-04                 	1.9011428473e-04                 	4.0059927185e-06                 	9.7936334745e-01                 	3.9403733456e-01                 
1.6670000000e+02	1.8890535331e+00	5.6425185551e-05                 	5.2956065504e-05                 	3.4691200464e-06                 	9.3851823414e-01                 	1.5932607604e-01                 
1.8180000000e+02	1.7321519470e+00	2.0308967028e-04                 	1.9685971629e-04                 	6.2299539878e-06                 	9.6932412181e-01                 	-1.0474699298e-01                
2.0000000000e+02	1.5745261198e+00	1.3097062002e-04                 	1.2905658294e-04                 	1.9140370840e-06                 	9.8538575229e-01                 	1.0449672299e-01                 
2.2220000000e+02	1.4172152294e+00	2.3365399037e-04                 	2.2871596888e-04                 	4.9380214883e-06                 	9.7886609392e-01                 	3.5690101980e-01                 
2.5000000000e+02	1.2596208959e+00	3.7263686450e-04                 	3.7100131601e-04                 	1.6355484902e-06                 	9.9561087846e-01                 	1.5092999452e-01                 
2.8570000000e+02	1.1022233951e+00	3.8064584213e-04                 	3.7970427414e-04                 	9.4156799575e-07                 	9.9752639359e-01                 	6.0843020989e-04                 
3.3330000000e+02	9.4481015292e-01	6.4643411585e-04                 	6.4287740535e-04                 	3.5567105004e-06                 	9.9449795360e-01                 	3.1631192304e-01                 
4.0000000000e+02	7.8726305992e-01	8.4914387418e-05                 	8.4634275374e-05                 	2.8011204370e-07                 	9.9670124166e-01                 	4.1004283390e-01                 
5.0000000000e+02	6.2981044794e-01	2.5904856994e-05                 	2.5844254478e-05                 	6.0602515397e-08                 	9.9766057325e-01                 	2.1289692092e-01                 
6.2500000000e+02	5.0384835835e-01	9.3330511470e-06                 	9.3085000315e-06                 	2.4551115445e-08                 	9.9736944381e-01                 	1.2409201832e-01                 
