#wavelengths (mu)	size parameter  	extinction cross section (cm^2)  	scattering cross section (cm^2)  	absorption cross section (cm^2)  	single scattering albedo         	asymmetry parameter              
4.2030000000e-02	7.4924331290e+00	1.5113037196e-10                 	8.3758391206e-11                 	6.7371980754e-11                 	5.5421283042e-01                 	9.0479102028e-01                 
4.3050000000e-02	7.3149120653e+00	1.5199540312e-10                 	8.4604715888e-11                 	6.7390687227e-11                 	5.5662680682e-01                 	8.9963515967e-01                 
4.3970000000e-02	7.1618595499e+00	1.5369044973e-10                 	8.7038208417e-11                 	6.6652241312e-11                 	5.6632151556e-01                 	8.9159422628e-01                 
4.4920000000e-02	7.0103954677e+00	1.5574841431e-10                 	8.9120273234e-11                 	6.6628141079e-11                 	5.7220661685e-01                 	8.8216285189e-01                 
4.5920000000e-02	6.8577300612e+00	1.5643878307e-10                 	8.9873246206e-11                 	6.6565536864e-11                 	5.7449466457e-01                 	8.7681232814e-01                 
4.6960000000e-02	6.7058552898e+00	1.5767600622e-10                 	9.0548322624e-11                 	6.7127683597e-11                 	5.7426824026e-01                 	8.7023928332e-01                 
4.8060000000e-02	6.5523712944e+00	1.5950141466e-10                 	9.1351780083e-11                 	6.8149634577e-11                 	5.7273335336e-01                 	8.6232848128e-01                 
4.9010000000e-02	6.4253614448e+00	1.6120664623e-10                 	9.3441655251e-11                 	6.7764990975e-11                 	5.7963897543e-01                 	8.5261368753e-01                 
4.9990000000e-02	6.2993991680e+00	1.6268459497e-10                 	9.3477929317e-11                 	6.9206665653e-11                 	5.7459607244e-01                 	8.4771144215e-01                 
5.1020000000e-02	6.1722258803e+00	1.6455927423e-10                 	9.4777523812e-11                 	6.9781750418e-11                 	5.7594762893e-01                 	8.3954662753e-01                 
5.1880000000e-02	6.0699106479e+00	1.6661464870e-10                 	9.4683923901e-11                 	7.1930724794e-11                 	5.6828090833e-01                 	8.3582868599e-01                 
5.2990000000e-02	5.9427621138e+00	1.6765100750e-10                 	9.4988747103e-11                 	7.2662260393e-11                 	5.6658619904e-01                 	8.3152493283e-01                 
5.3910000000e-02	5.8413460288e+00	1.6926097161e-10                 	9.5009738454e-11                 	7.4251233159e-11                 	5.6132100359e-01                 	8.2852481919e-01                 
5.5100000000e-02	5.7151899167e+00	1.7022028371e-10                 	9.4657978436e-11                 	7.5562305279e-11                 	5.5609106253e-01                 	8.2642518174e-01                 
5.6100000000e-02	5.6133148736e+00	1.7129071416e-10                 	9.4493109753e-11                 	7.6797604410e-11                 	5.5165342859e-01                 	8.2439064913e-01                 
5.6870000000e-02	5.5373125446e+00	1.7246460898e-10                 	9.4518758665e-11                 	7.7945850313e-11                 	5.4804727315e-01                 	8.2250877132e-01                 
5.7940000000e-02	5.4350528894e+00	1.7363861997e-10                 	9.4526723694e-11                 	7.9111896271e-11                 	5.4438766971e-01                 	8.2007643542e-01                 
5.9040000000e-02	5.3337900476e+00	1.7486105939e-10                 	9.4611238561e-11                 	8.0249820831e-11                 	5.4106522567e-01                 	8.1747469267e-01                 
5.9900000000e-02	5.2572114259e+00	1.7621004802e-10                 	9.5485888620e-11                 	8.0724159396e-11                 	5.4188674082e-01                 	8.1301759431e-01                 
6.1080000000e-02	5.1556477474e+00	1.7749416352e-10                 	9.5662027084e-11                 	8.1832136435e-11                 	5.3895871947e-01                 	8.1016829469e-01                 
6.1990000000e-02	5.0799639363e+00	1.7883018239e-10                 	9.5434287680e-11                 	8.3395894709e-11                 	5.3365872810e-01                 	8.0954687540e-01                 
6.2940000000e-02	5.0032882811e+00	1.7948108260e-10                 	9.5204209702e-11                 	8.4276872896e-11                 	5.3044147229e-01                 	8.0843408779e-01                 
6.3910000000e-02	4.9273504054e+00	1.8091465672e-10                 	9.5154301495e-11                 	8.5760355223e-11                 	5.2596236934e-01                 	8.0735296300e-01                 
6.4910000000e-02	4.8514399077e+00	1.8165537227e-10                 	9.4547418222e-11                 	8.7107954047e-11                 	5.2047686254e-01                 	8.0765953207e-01                 
6.5950000000e-02	4.7749350176e+00	1.8163224112e-10                 	9.3763174827e-11                 	8.7869066294e-11                 	5.1622539175e-01                 	8.0777044014e-01                 
6.7020000000e-02	4.6987013490e+00	1.8237900944e-10                 	9.3666127174e-11                 	8.8712882268e-11                 	5.1357953670e-01                 	8.0612752776e-01                 
6.8120000000e-02	4.6228268410e+00	1.8314270017e-10                 	9.3588805952e-11                 	8.9553894219e-11                 	5.1101575910e-01                 	8.0438391326e-01                 
6.8880000000e-02	4.5718200408e+00	1.8325655496e-10                 	9.2594495984e-11                 	9.0662058977e-11                 	5.0527249082e-01                 	8.0617912770e-01                 
7.0050000000e-02	4.4954598774e+00	1.8396364997e-10                 	9.2908646837e-11                 	9.1055003130e-11                 	5.0503807058e-01                 	8.0277075402e-01                 
7.0850000000e-02	4.4446995683e+00	1.8478876148e-10                 	9.3006009088e-11                 	9.1782752392e-11                 	5.0330987850e-01                 	8.0132680408e-01                 
7.2080000000e-02	4.3688535573e+00	1.8482970065e-10                 	9.2284660512e-11                 	9.2545040140e-11                 	4.9929562287e-01                 	8.0079097612e-01                 
7.2930000000e-02	4.3179345182e+00	1.8567959836e-10                 	9.2413570545e-11                 	9.3266027816e-11                 	4.9770449398e-01                 	7.9917893883e-01                 
7.3800000000e-02	4.2670320381e+00	1.8642118971e-10                 	9.2846559145e-11                 	9.3574630562e-11                 	4.9804724072e-01                 	7.9622120168e-01                 
7.5140000000e-02	4.1909364441e+00	1.8726574774e-10                 	9.2849100076e-11                 	9.4416647662e-11                 	4.9581464415e-01                 	7.9380740682e-01                 
7.6060000000e-02	4.1402440759e+00	1.8813559849e-10                 	9.3004890493e-11                 	9.5130707998e-11                 	4.9435030499e-01                 	7.9201490050e-01                 
7.7010000000e-02	4.0891697755e+00	1.8888675274e-10                 	9.3426874491e-11                 	9.5459878250e-11                 	4.9461845860e-01                 	7.8894608055e-01                 
7.8970000000e-02	3.9876784147e+00	1.9078445927e-10                 	9.3541905483e-11                 	9.7242553785e-11                 	4.9030149438e-01                 	7.8621078849e-01                 
7.9990000000e-02	3.9368291588e+00	1.9167927176e-10                 	9.3741496344e-11                 	9.7937775411e-11                 	4.8905390492e-01                 	7.8413753126e-01                 
8.1040000000e-02	3.8858213772e+00	1.9182489475e-10                 	9.3243068839e-11                 	9.8581825912e-11                 	4.8608429558e-01                 	7.8352112423e-01                 
8.3210000000e-02	3.7844846101e+00	1.9381279580e-10                 	9.3534486686e-11                 	1.0027830912e-10                 	4.8260222603e-01                 	7.7995718067e-01                 
8.3770000000e-02	3.7591854412e+00	1.9398984368e-10                 	9.3239603618e-11                 	1.0075024007e-10                 	4.8064167612e-01                 	7.7997814393e-01                 
8.4920000000e-02	3.7082779606e+00	1.9437014355e-10                 	9.2688402844e-11                 	1.0168174070e-10                 	4.7686543392e-01                 	7.7986252343e-01                 
8.6700000000e-02	3.6321449182e+00	1.9500501611e-10                 	9.1963402680e-11                 	1.0304161343e-10                 	4.7159506209e-01                 	7.7932420695e-01                 
8.9200000000e-02	3.5303471346e+00	1.9571567304e-10                 	9.1181846779e-11                 	1.0453382626e-10                 	4.6588934531e-01                 	7.7720712024e-01                 
8.9840000000e-02	3.5051977339e+00	1.9596740550e-10                 	9.1006067217e-11                 	1.0496133828e-10                 	4.6439389746e-01                 	7.7675919398e-01                 
9.1840000000e-02	3.4288650306e+00	1.9507910809e-10                 	8.9175636648e-11                 	1.0590347145e-10                 	4.5712550934e-01                 	7.7738219940e-01                 
9.3220000000e-02	3.3781051750e+00	1.9534797806e-10                 	8.8855633249e-11                 	1.0649234481e-10                 	4.5485821831e-01                 	7.7548697618e-01                 
9.4650000000e-02	3.3270677698e+00	1.9382272365e-10                 	8.6655701580e-11                 	1.0716702207e-10                 	4.4708742064e-01                 	7.7832147592e-01                 
9.6860000000e-02	3.2511559406e+00	1.9221214628e-10                 	8.4674032969e-11                 	1.0753811332e-10                 	4.4052384100e-01                 	7.7714514785e-01                 
9.9190000000e-02	3.1747854059e+00	1.9046794587e-10                 	8.2596267943e-11                 	1.0787167793e-10                 	4.3364917685e-01                 	7.7568143987e-01                 
1.0080000000e-01	3.1240770279e+00	1.8820422352e-10                 	8.0481124457e-11                 	1.0772309906e-10                 	4.2762655882e-01                 	7.7491754364e-01                 
1.0330000000e-01	3.0484701298e+00	1.8652555171e-10                 	7.8730674376e-11                 	1.0779487733e-10                 	4.2209055894e-01                 	7.7091358923e-01                 
1.0600000000e-01	2.9708204190e+00	1.8373627763e-10                 	7.6504217139e-11                 	1.0723206049e-10                 	4.1638057614e-01                 	7.6493095849e-01                 
1.0780000000e-01	2.9212148832e+00	1.8295229871e-10                 	7.5726286220e-11                 	1.0722601249e-10                 	4.1391273437e-01                 	7.6051527945e-01                 
1.0970000000e-01	2.8706195480e+00	1.8170104545e-10                 	7.4806491317e-11                 	1.0689455413e-10                 	4.1170094058e-01                 	7.5497840484e-01                 
1.1170000000e-01	2.8192208094e+00	1.8045936244e-10                 	7.3918175917e-11                 	1.0654118652e-10                 	4.0961119954e-01                 	7.4900095543e-01                 
1.1480000000e-01	2.7430920245e+00	1.8014578667e-10                 	7.3587779276e-11                 	1.0655800739e-10                 	4.0849014922e-01                 	7.3910252672e-01                 
1.1810000000e-01	2.6664433904e+00	1.8103447183e-10                 	7.4185788248e-11                 	1.0684868358e-10                 	4.0978818839e-01                 	7.2729105170e-01                 
1.2040000000e-01	2.6155063489e+00	1.8023765928e-10                 	7.3411474984e-11                 	1.0682618430e-10                 	4.0730375259e-01                 	7.2098109986e-01                 
1.2400000000e-01	2.5395722936e+00	1.8006379227e-10                 	7.3182574676e-11                 	1.0688121759e-10                 	4.0642582139e-01                 	7.0930449984e-01                 
1.2700000000e-01	2.4795823969e+00	1.7861467349e-10                 	7.2465342706e-11                 	1.0614933078e-10                 	4.0570766830e-01                 	6.9884774428e-01                 
1.3000000000e-01	2.4223612647e+00	1.7853699759e-10                 	7.2860592510e-11                 	1.0567640508e-10                 	4.0809800486e-01                 	6.8700614358e-01                 
1.3400000000e-01	2.3500519732e+00	1.8057515299e-10                 	7.5858678605e-11                 	1.0471647438e-10                 	4.2009477688e-01                 	6.6659463780e-01                 
1.3700000000e-01	2.2985909811e+00	1.8491697088e-10                 	7.9675304407e-11                 	1.0524166647e-10                 	4.3087069849e-01                 	6.5161233780e-01                 
1.3900000000e-01	2.2655177296e+00	1.8705399428e-10                 	8.1696460209e-11                 	1.0535753407e-10                 	4.3675335843e-01                 	6.4232369149e-01                 
1.4200000000e-01	2.2176546789e+00	1.9176904079e-10                 	8.5865579967e-11                 	1.0590346082e-10                 	4.4775517265e-01                 	6.2779718469e-01                 
1.4400000000e-01	2.1868539195e+00	1.9415730606e-10                 	8.8122790257e-11                 	1.0603451580e-10                 	4.5387316113e-01                 	6.1878867209e-01                 
1.4600000000e-01	2.1568970165e+00	1.9801221117e-10                 	9.1465705551e-11                 	1.0654650562e-10                 	4.6191952006e-01                 	6.0925260123e-01                 
1.4900000000e-01	2.1134695598e+00	2.0465790344e-10                 	9.6630300354e-11                 	1.0802760309e-10                 	4.7215523432e-01                 	5.9650471363e-01                 
1.5100000000e-01	2.0854765855e+00	2.0873693341e-10                 	9.9654463215e-11                 	1.0908247020e-10                 	4.7741653374e-01                 	5.8895039908e-01                 
1.5310000000e-01	2.0568710935e+00	2.1450094566e-10                 	1.0441534695e-10                 	1.1008559871e-10                 	4.8678268820e-01                 	5.7957270175e-01                 
1.5500000000e-01	2.0316578349e+00	2.1885708916e-10                 	1.0768165566e-10                 	1.1117543350e-10                 	4.9201812961e-01                 	5.7272238358e-01                 
1.5690000000e-01	2.0070552225e+00	2.2446673591e-10                 	1.1139375651e-10                 	1.1307297940e-10                 	4.9625952841e-01                 	5.6682023135e-01                 
1.5900000000e-01	1.9805469460e+00	2.3044199278e-10                 	1.1586779368e-10                 	1.1457419910e-10                 	5.0280676835e-01                 	5.5948451925e-01                 
1.6100000000e-01	1.9559438783e+00	2.3612785461e-10                 	1.1972657183e-10                 	1.1640128278e-10                 	5.0704128925e-01                 	5.5362514116e-01                 
1.6290000000e-01	1.9331305366e+00	2.4227326514e-10                 	1.2449595680e-10                 	1.1777730833e-10                 	5.1386584786e-01                 	5.4704473571e-01                 
1.6490000000e-01	1.9096844415e+00	2.4739719565e-10                 	1.2768682107e-10                 	1.1971037458e-10                 	5.1612072940e-01                 	5.4223880916e-01                 
1.6800000000e-01	1.8744462167e+00	2.5442132310e-10                 	1.3207656370e-10                 	1.2234475939e-10                 	5.1912537084e-01                 	5.3505343765e-01                 
1.7010000000e-01	1.8513049054e+00	2.5783094283e-10                 	1.3417809404e-10                 	1.2365284880e-10                 	5.2041113670e-01                 	5.3037769842e-01                 
1.7200000000e-01	1.8308544442e+00	2.6110905740e-10                 	1.3632174619e-10                 	1.2478731121e-10                 	5.2208738966e-01                 	5.2606888482e-01                 
1.7390000000e-01	1.8108508592e+00	2.6428874445e-10                 	1.3846223451e-10                 	1.2582650993e-10                 	5.2390515079e-01                 	5.2176670758e-01                 
1.7690000000e-01	1.7801411216e+00	2.6692132451e-10                 	1.3954151119e-10                 	1.2737981332e-10                 	5.2278142799e-01                 	5.1623146045e-01                 
1.7990000000e-01	1.7504556110e+00	2.7052667762e-10                 	1.4168250679e-10                 	1.2884417083e-10                 	5.2372841020e-01                 	5.1003825651e-01                 
1.8210000000e-01	1.7293078770e+00	2.7396445331e-10                 	1.4435366024e-10                 	1.2961079307e-10                 	5.2690653295e-01                 	5.0456077482e-01                 
1.8510000000e-01	1.7012801967e+00	2.7844277889e-10                 	1.4760527423e-10                 	1.3083750466e-10                 	5.3010990201e-01                 	4.9749810367e-01                 
1.8790000000e-01	1.6759284961e+00	2.7945896030e-10                 	1.4739387669e-10                 	1.3206508360e-10                 	5.2742583933e-01                 	4.9187535360e-01                 
1.9100000000e-01	1.6487275624e+00	2.8212041552e-10                 	1.4910291947e-10                 	1.3301749604e-10                 	5.2850808120e-01                 	4.8392951005e-01                 
1.9400000000e-01	1.6232317753e+00	2.8264834847e-10                 	1.4881995885e-10                 	1.3382838962e-10                 	5.2651982457e-01                 	4.7597285522e-01                 
1.9710000000e-01	1.5977014937e+00	2.8204950850e-10                 	1.4750777612e-10                 	1.3454173238e-10                 	5.2298540389e-01                 	4.6713361365e-01                 
2.0000000000e-01	1.5745348221e+00	2.8212865946e-10                 	1.4691431332e-10                 	1.3521434614e-10                 	5.2073516247e-01                 	4.5833612683e-01                 
2.0290000000e-01	1.5520303815e+00	2.8168231503e-10                 	1.4656758325e-10                 	1.3511473178e-10                 	5.2032937614e-01                 	4.4735721829e-01                 
2.0700000000e-01	1.5212896831e+00	2.8042692774e-10                 	1.4492383670e-10                 	1.3550309103e-10                 	5.1679714881e-01                 	4.3259753973e-01                 
2.1010000000e-01	1.4988432385e+00	2.7847912514e-10                 	1.4275815276e-10                 	1.3572097238e-10                 	5.1263502313e-01                 	4.2102127899e-01                 
2.1410000000e-01	1.4708405624e+00	2.7776174833e-10                 	1.4201723468e-10                 	1.3574451365e-10                 	5.1129154944e-01                 	4.0488578087e-01                 
2.1710000000e-01	1.4505157274e+00	2.7790429593e-10                 	1.4222290479e-10                 	1.3568139113e-10                 	5.1176936406e-01                 	3.9232821410e-01                 
2.2100000000e-01	1.4249183910e+00	2.7846599038e-10                 	1.4196981169e-10                 	1.3649617869e-10                 	5.0982818941e-01                 	3.7822916040e-01                 
2.2500000000e-01	1.3995865085e+00	2.7983376977e-10                 	1.4366398890e-10                 	1.3616978087e-10                 	5.1339046399e-01                 	3.6061357055e-01                 
2.3000000000e-01	1.3691607148e+00	2.8194819183e-10                 	1.4701676246e-10                 	1.3493142936e-10                 	5.2143183296e-01                 	3.3654880006e-01                 
2.3390000000e-01	1.3463316136e+00	2.8540532566e-10                 	1.5135566472e-10                 	1.3404966094e-10                 	5.3031829160e-01                 	3.1823181606e-01                 
2.3800000000e-01	1.3231385059e+00	2.8915158724e-10                 	1.5680252894e-10                 	1.3234905830e-10                 	5.4228486324e-01                 	2.9753785712e-01                 
2.4310000000e-01	1.2953803555e+00	2.9155630398e-10                 	1.6317778562e-10                 	1.2837851836e-10                 	5.5967846824e-01                 	2.6815731064e-01                 
2.4800000000e-01	1.2697861468e+00	2.9369700619e-10                 	1.6970017826e-10                 	1.2399682793e-10                 	5.7780697346e-01                 	2.3984969077e-01                 
2.5300000000e-01	1.2446915589e+00	2.9428438334e-10                 	1.7381253025e-10                 	1.2047185309e-10                 	5.9062777399e-01                 	2.1405848841e-01                 
2.5830000000e-01	1.2191520109e+00	2.9623700234e-10                 	1.7909285335e-10                 	1.1714414900e-10                 	6.0455936270e-01                 	1.8908309417e-01                 
2.6380000000e-01	1.1937337544e+00	2.9903797951e-10                 	1.8610271576e-10                 	1.1293526376e-10                 	6.2233805906e-01                 	1.6340535514e-01                 
2.6950000000e-01	1.1684859533e+00	3.0123433420e-10                 	1.9064998409e-10                 	1.1058435010e-10                 	6.3289593002e-01                 	1.4213562010e-01                 
2.7550000000e-01	1.1430379833e+00	3.0485376737e-10                 	1.9624220569e-10                 	1.0861156168e-10                 	6.4372570292e-01                 	1.2248832845e-01                 
2.8180000000e-01	1.1174839049e+00	3.0906613470e-10                 	2.0180647619e-10                 	1.0725965852e-10                 	6.5295564129e-01                 	1.0482336633e-01                 
2.8700000000e-01	1.0972368098e+00	3.1263153422e-10                 	2.0680042515e-10                 	1.0583110907e-10                 	6.6148293602e-01                 	9.1079646008e-02                 
2.9380000000e-01	1.0718412676e+00	3.1593892694e-10                 	2.1092153658e-10                 	1.0501739036e-10                 	6.6760224397e-01                 	7.6152618623e-02                 
3.0020000000e-01	1.0489905543e+00	3.1767210478e-10                 	2.1310846347e-10                 	1.0456364131e-10                 	6.7084411965e-01                 	6.3945927350e-02                 
3.0770000000e-01	1.0234220488e+00	3.1896893064e-10                 	2.1437752959e-10                 	1.0459140105e-10                 	6.7209533279e-01                 	5.1944893670e-02                 
3.1630000000e-01	9.9559584069e-01	3.1907101304e-10                 	2.1419562122e-10                 	1.0487539182e-10                 	6.7131018633e-01                 	4.0297710634e-02                 
3.2370000000e-01	9.7283584928e-01	3.1556261914e-10                 	2.1119590375e-10                 	1.0436671539e-10                 	6.6926781229e-01                 	3.0765286059e-02                 
3.3330000000e-01	9.4481537477e-01	3.1015257074e-10                 	2.0562331372e-10                 	1.0452925702e-10                 	6.6297471992e-01                 	2.1007139424e-02                 
3.4160000000e-01	9.2185879511e-01	3.0185188438e-10                 	1.9731891393e-10                 	1.0453297045e-10                 	6.5369449103e-01                 	1.3687918999e-02                 
3.5120000000e-01	8.9665992144e-01	2.9226920552e-10                 	1.8751266617e-10                 	1.0475653935e-10                 	6.4157517325e-01                 	6.8782465705e-03                 
3.6250000000e-01	8.6870886734e-01	2.8017960039e-10                 	1.7609515627e-10                 	1.0408444412e-10                 	6.2850812844e-01                 	-3.2990229044e-04                
3.7230000000e-01	8.4584196726e-01	2.6812430901e-10                 	1.6642702339e-10                 	1.0169728562e-10                 	6.2070844679e-01                 	-6.9901976009e-03                
3.8500000000e-01	8.1794016730e-01	2.5233115807e-10                 	1.5512779805e-10                 	9.7203360019e-11                 	6.1477860775e-01                 	-1.5225237581e-02                
3.9610000000e-01	7.9501884476e-01	2.3401474166e-10                 	1.4350546830e-10                 	9.0509273356e-11                 	6.1323259930e-01                 	-2.4013517549e-02                
4.0920000000e-01	7.6956736171e-01	2.1168044084e-10                 	1.2904105806e-10                 	8.2639382783e-11                 	6.0960312415e-01                 	-3.3675957402e-02                
4.2460000000e-01	7.4165559211e-01	1.8683533197e-10                 	1.1171024809e-10                 	7.5125083873e-11                 	5.9790750988e-01                 	-4.3215297803e-02                
4.3810000000e-01	7.1880156222e-01	1.6638265114e-10                 	9.7082579922e-11                 	6.9300071213e-11                 	5.8348980053e-01                 	-5.1395185301e-02                
4.5580000000e-01	6.9088846953e-01	1.4489040747e-10                 	8.1055847450e-11                 	6.3834560024e-11                 	5.5942866655e-01                 	-5.9391837570e-02                
4.7140000000e-01	6.6802495632e-01	1.2866883910e-10                 	6.8766970950e-11                 	5.9901868154e-11                 	5.3444929968e-01                 	-6.6253136539e-02                
4.9010000000e-01	6.4253614448e-01	1.1392380957e-10                 	5.6914522799e-11                 	5.7009286766e-11                 	4.9958409059e-01                 	-7.1349644132e-02                
5.1230000000e-01	6.1469249348e-01	1.0055951430e-10                 	4.6133665610e-11                 	5.4425848691e-11                 	4.5876977361e-01                 	-7.4290103309e-02                
5.3210000000e-01	5.9181914003e-01	9.0984982652e-11                 	3.8505821574e-11                 	5.2479161078e-11                 	4.2321073711e-01                 	-7.5661705428e-02                
5.5850000000e-01	5.6384416188e-01	8.0677974517e-11                 	3.0787883392e-11                 	4.9890091124e-11                 	3.8161448124e-01                 	-7.4972029543e-02                
5.8210000000e-01	5.4098430581e-01	7.3024497099e-11                 	2.5443593866e-11                 	4.7580903233e-11                 	3.4842545826e-01                 	-7.3700772339e-02                
6.1080000000e-01	5.1556477474e-01	6.5140343542e-11                 	2.0452498398e-11                 	4.4687845144e-11                 	3.1397590626e-01                 	-7.1391536604e-02                
7.0050000000e-01	4.4954598774e-01	4.7646506583e-11                 	1.1050372604e-11                 	3.6596133979e-11                 	2.3192408839e-01                 	-6.2410001155e-02                
8.1570000000e-01	3.8605733040e-01	3.4692941316e-11                 	5.6132189667e-12                 	2.9079722349e-11                 	1.6179714818e-01                 	-4.5191701501e-02                
8.2660000000e-01	3.8096656716e-01	3.3799871855e-11                 	5.2915673560e-12                 	2.8508304499e-11                 	1.5655584076e-01                 	-4.3269422738e-02                
8.4920000000e-01	3.7082779606e-01	3.1946217055e-11                 	4.7022822252e-12                 	2.7243934830e-11                 	1.4719371051e-01                 	-3.9600828279e-02                
8.6100000000e-01	3.6574560326e-01	3.1023292172e-11                 	4.4282096524e-12                 	2.6595082520e-11                 	1.4273822481e-01                 	-3.7935508747e-02                
8.8560000000e-01	3.5558600317e-01	2.9258727671e-11                 	3.9156750830e-12                 	2.5343052589e-11                 	1.3382930136e-01                 	-3.4208148223e-02                
9.1160000000e-01	3.4544423476e-01	2.7525942445e-11                 	3.4532212705e-12                 	2.4072721174e-11                 	1.2545333470e-01                 	-3.0466077995e-02                
9.3930000000e-01	3.3525706847e-01	2.5848304017e-11                 	3.0327876025e-12                 	2.2815516415e-11                 	1.1733023569e-01                 	-2.6724004300e-02                
9.6860000000e-01	3.2511559406e-01	2.4181839027e-11                 	2.6576428042e-12                 	2.1524196222e-11                 	1.0990242724e-01                 	-2.3128065040e-02                
9.9990000000e-01	3.1493845826e-01	2.2542438159e-11                 	2.3206834773e-12                 	2.0221754681e-11                 	1.0294731479e-01                 	-2.0047487667e-02                
1.0330000000e+00	3.0484701298e-01	2.0981882506e-11                 	2.0211347141e-12                 	1.8960747792e-11                 	9.6327615671e-02                 	-1.7424410577e-02                
1.0690000000e+00	2.9458088345e-01	1.9451511035e-11                 	1.7489377995e-12                 	1.7702573235e-11                 	8.9912696056e-02                 	-1.4946470224e-02                
1.1070000000e+00	2.8446880254e-01	1.8006041729e-11                 	1.5102156534e-12                 	1.6495826075e-11                 	8.3872717623e-02                 	-1.2739313750e-02                
1.1480000000e+00	2.7430920245e-01	1.6613235370e-11                 	1.2979302002e-12                 	1.5315305170e-11                 	7.8126275302e-02                 	-1.1239249126e-02                
1.1920000000e+00	2.6418369498e-01	1.5297534351e-11                 	1.1103900458e-12                 	1.4187144305e-11                 	7.2586210318e-02                 	-9.7625978136e-03                
1.2400000000e+00	2.5395722936e-01	1.4012334929e-11                 	9.4548283725e-13                 	1.3066852092e-11                 	6.7475038388e-02                 	-9.7307781384e-03                
1.2920000000e+00	2.4373604057e-01	1.2814593240e-11                 	7.9910564341e-13                 	1.2015487596e-11                 	6.2359033053e-02                 	-9.3634613171e-03                
1.3480000000e+00	2.3361050772e-01	1.1701716515e-11                 	6.7205847097e-13                 	1.1029658044e-11                 	5.7432468996e-02                 	-8.9413788128e-03                
1.3780000000e+00	2.2852464761e-01	1.1162448971e-11                 	6.1480536464e-13                 	1.0547643607e-11                 	5.5078000018e-02                 	-8.9886124349e-03                
1.4420000000e+00	2.1838208350e-01	1.0153258840e-11                 	5.1212010470e-13                 	9.6411387350e-12                 	5.0438988386e-02                 	-8.9780088598e-03                
1.5120000000e+00	2.0827180186e-01	9.1520036196e-12                 	4.2492123010e-13                 	8.7270823895e-12                 	4.6429311849e-02                 	-1.0513822272e-02                
1.5900000000e+00	1.9805469460e-01	8.1420116437e-12                 	3.4903261322e-13                 	7.7929790304e-12                 	4.2868105389e-02                 	-1.2662092991e-02                
1.6750000000e+00	1.8800415786e-01	7.1636778299e-12                 	2.8428430844e-13                 	6.8793935214e-12                 	3.9684128068e-02                 	-1.4767168545e-02                
1.7710000000e+00	1.7781307985e-01	6.2327797827e-12                 	2.2778538225e-13                 	6.0049944005e-12                 	3.6546354947e-02                 	-1.6456748605e-02                
1.8790000000e+00	1.6759284961e-01	5.3299150213e-12                 	1.7989177195e-13                 	5.1500232494e-12                 	3.3751339604e-02                 	-1.8384437136e-02                
2.0000000000e+00	1.5745348221e-01	4.5591184413e-12                 	1.3964930707e-13                 	4.4194691342e-12                 	3.0630769713e-02                 	-1.9359219959e-02                
2.1380000000e+00	1.4729044173e-01	3.8678038921e-12                 	1.0663141578e-13                 	3.7611724763e-12                 	2.7568981973e-02                 	-1.9811679628e-02                
2.2960000000e+00	1.3715460122e-01	3.1962047342e-12                 	8.0073315582e-14                 	3.1161314186e-12                 	2.5052624046e-02                 	-2.0640336897e-02                
2.4800000000e+00	1.2697861468e-01	2.5726926387e-12                 	5.8677649353e-14                 	2.5140149893e-12                 	2.2807873926e-02                 	-2.1656183543e-02                
2.6950000000e+00	1.1684859533e-01	2.0151645432e-12                 	4.1925433337e-14                 	1.9732391099e-12                 	2.0804967752e-02                 	-2.2647911418e-02                
2.9520000000e+00	1.0667580095e-01	1.4875560358e-12                 	2.9020709504e-14                 	1.4585353263e-12                 	1.9508985749e-02                 	-2.3881547627e-02                
3.2630000000e+00	9.6508416920e-02	9.9207997909e-13                 	1.9313939342e-14                 	9.7276603975e-13                 	1.9468127317e-02                 	-2.6632162297e-02                
3.6470000000e+00	8.6346850675e-02	6.5566381546e-13                 	1.2240144538e-14                 	6.4342367093e-13                 	1.8668323994e-02                 	-3.0334302538e-02                
4.1330000000e+00	7.6193313431e-02	4.9394853667e-13                 	7.3359582655e-15                 	4.8661257841e-13                 	1.4851665145e-02                 	-3.3781251566e-02                
4.7690000000e+00	6.6032074735e-02	4.1953345507e-13                 	4.0994198089e-15                 	4.1543403526e-13                 	9.7713776085e-03                 	-3.6231568194e-02                
5.6360000000e+00	5.5874195247e-02	3.7941978032e-13                 	2.0863407911e-15                 	3.7733343953e-13                 	5.4987665360e-03                 	-3.7440007570e-02                
6.8880000000e+00	4.5718200408e-02	3.9617757763e-13                 	9.2956007501e-16                 	3.9524801755e-13                 	2.3463217696e-03                 	-3.7190288734e-02                
8.8560000000e+00	3.5558600317e-02	3.7186757841e-13                 	3.3848453945e-16                 	3.7152909387e-13                 	9.1022869189e-04                 	-2.1054271853e-02                
1.2400000000e+01	2.5395722936e-02	1.2678671697e-13                 	8.8012010048e-17                 	1.2669870496e-13                 	6.9417374433e-04                 	-1.5868313839e-02                
1.3780000000e+01	2.2852464761e-02	1.0149794950e-13                 	5.7664555882e-17                 	1.0144028494e-13                 	5.6813518074e-04                 	-1.7142103413e-02                
1.5500000000e+01	2.0316578349e-02	9.5320908962e-14                 	3.5982841203e-17                 	9.5284926121e-14                 	3.7749158705e-04                 	-2.1184771620e-02                
2.0660000000e+01	1.5242350649e-02	8.7811200519e-14                 	1.1384043263e-17                 	8.7799816476e-14                 	1.2964226882e-04                 	-2.1992500350e-02                
2.1335780000e+01	1.4759571218e-02	8.5431583091e-14                 	1.0007774674e-17                 	8.5421575317e-14                 	1.1714373434e-04                 	-2.1510275330e-02                
2.2033660000e+01	1.4292086036e-02	8.3062452186e-14                 	8.7979422400e-18                 	8.3053654244e-14                 	1.0591960637e-04                 	-2.1017793884e-02                
2.2754370000e+01	1.3839405987e-02	8.0703587559e-14                 	7.7343994292e-18                 	8.0695853159e-14                 	9.5837120296e-05                 	-2.0515908296e-02                
2.3498660000e+01	1.3401060503e-02	7.8355333824e-14                 	6.7994476663e-18                 	7.8348534376e-14                 	8.6777087588e-05                 	-2.0005563358e-02                
2.4267290000e+01	1.2976602019e-02	7.6018472889e-14                 	5.9775462094e-18                 	7.6012495343e-14                 	7.8632810976e-05                 	-1.9487778415e-02                
2.5061060000e+01	1.2565588383e-02	7.3694064603e-14                 	5.2550168899e-18                 	7.3688809586e-14                 	7.1308549993e-05                 	-1.8963578159e-02                
2.5880790000e+01	1.2167594745e-02	7.1383600102e-14                 	4.6198428969e-18                 	7.1378980259e-14                 	6.4718547262e-05                 	-1.8434066989e-02                
2.6727340000e+01	1.1782203706e-02	6.9088662271e-14                 	4.0614527044e-18                 	6.9084600818e-14                 	5.8786095590e-05                 	-1.7900342276e-02                
2.7601580000e+01	1.1409019499e-02	6.6811278811e-14                 	3.5705662731e-18                 	6.6807708245e-14                 	5.3442567432e-05                 	-1.7363576968e-02                
2.8504410000e+01	1.1047657693e-02	6.4553668735e-14                 	3.1390235343e-18                 	6.4550529712e-14                 	4.8626570663e-05                 	-1.6824933468e-02                
2.9436780000e+01	1.0697738150e-02	6.2318060481e-14                 	2.7596426590e-18                 	6.2315300838e-14                 	4.4283192347e-05                 	-1.6285579750e-02                
3.0399640000e+01	1.0358904395e-02	6.0107034827e-14                 	2.4261230745e-18                 	6.0104608704e-14                 	4.0363379787e-05                 	-1.5746711165e-02                
3.1394000000e+01	1.0030800930e-02	5.7923001370e-14                 	2.1329158307e-18                 	5.7920868454e-14                 	3.6823296104e-05                 	-1.5209483967e-02                
3.2420880000e+01	9.7130912057e-03	5.5768635725e-14                 	1.8751500895e-18                 	5.5766760575e-14                 	3.3623739672e-05                 	-1.4675047479e-02                
3.3481350000e+01	9.4054440580e-03	5.3646444299e-14                 	1.6485396045e-18                 	5.3644795760e-14                 	3.0729708670e-05                 	-1.4144524349e-02                
3.4576510000e+01	9.1075404779e-03	5.1558967876e-14                 	1.4493179111e-18                 	5.1557518558e-14                 	2.8109909310e-05                 	-1.3618987398e-02                
3.5707490000e+01	8.8190730967e-03	4.9508689407e-14                 	1.2741749125e-18                 	4.9507415232e-14                 	2.5736389465e-05                 	-1.3099488527e-02                
3.6875470000e+01	8.5397410368e-03	4.7497941870e-14                 	1.1201988305e-18                 	4.7496821671e-14                 	2.3584155154e-05                 	-1.2587003897e-02                
3.8081650000e+01	8.2692573565e-03	4.5528996753e-14                 	9.8483234086e-19                 	4.5528011921e-14                 	2.1630881660e-05                 	-1.2082468242e-02                
3.9327280000e+01	8.0073415810e-03	4.3603912782e-14                 	8.6582583504e-19                 	4.3603046956e-14                 	1.9856608726e-05                 	-1.1586750111e-02                
4.0613650000e+01	7.7537223178e-03	4.1724607655e-14                 	7.6120179274e-19                 	4.1723846454e-14                 	1.8243473948e-05                 	-1.1100640638e-02                
4.1942110000e+01	7.5081335777e-03	3.9892739437e-14                 	6.6922063410e-19                 	3.9892070217e-14                 	1.6775499591e-05                 	-1.0624854140e-02                
4.3314010000e+01	7.2703258001e-03	3.8109880512e-14                 	5.8835599097e-19                 	3.8109292156e-14                 	1.5438410802e-05                 	-1.0160061956e-02                
4.4730790000e+01	7.0400492460e-03	3.6377288702e-14                 	5.1726318231e-19                 	3.6376771438e-14                 	1.4219398992e-05                 	-9.7068218773e-03                
4.6193920000e+01	6.8170651984e-03	3.4696033931e-14                 	4.5476119190e-19                 	3.4695579170e-14                 	1.3107007931e-05                 	-9.2656370553e-03                
4.7704900000e+01	6.6011450482e-03	3.3067010512e-14                 	3.9981238517e-19                 	3.3066610699e-14                 	1.2090974630e-05                 	-8.8369311262e-03                
4.9265300000e+01	6.3920642808e-03	3.1490838619e-14                 	3.5150369307e-19                 	3.1490487115e-14                 	1.1162093754e-05                 	-8.4210522926e-03                
5.0876750000e+01	6.1896045720e-03	2.9967919015e-14                 	3.0903228188e-19                 	2.9967609983e-14                 	1.0312103477e-05                 	-8.0182690291e-03                
5.2540900000e+01	5.9935586260e-03	2.8498490687e-14                 	2.7169319764e-19                 	2.8498218993e-14                 	9.5335995379e-06                 	-7.6287836868e-03                
5.4259490000e+01	5.8037214211e-03	2.7082538364e-14                 	2.3886585747e-19                 	2.7082299498e-14                 	8.8199213183e-06                 	-7.2527369420e-03                
5.6034290000e+01	5.6198974665e-03	2.5719921066e-14                 	2.1000522912e-19                 	2.5719711061e-14                 	8.1650806230e-06                 	-6.8902186126e-03                
5.7867140000e+01	5.4418961160e-03	2.4410224624e-14                 	1.8463191915e-19                 	2.4410039992e-14                 	7.5637124195e-06                 	-6.5411974072e-03                
5.9759950000e+01	5.2695319258e-03	2.3152945798e-14                 	1.6232437904e-19                 	2.3152783473e-14                 	7.0109600938e-06                 	-6.2056646527e-03                
6.1714670000e+01	5.1026273722e-03	2.1947391809e-14                 	1.4271227122e-19                 	2.1947249097e-14                 	6.5024706564e-06                 	-5.8834970998e-03                
6.3733320000e+01	4.9410098895e-03	2.0792767860e-14                 	1.2546991345e-19                 	2.0792642391e-14                 	6.0343054993e-06                 	-5.5745815036e-03                
6.5818010000e+01	4.7845105680e-03	1.9688101214e-14                 	1.1031080619e-19                 	1.9687990903e-14                 	5.6029174672e-06                 	-5.2787133445e-03                
6.7970890000e+01	4.6329680899e-03	1.8632329314e-14                 	9.6983299570e-20                 	1.8632232331e-14                 	5.2051087083e-06                 	-4.9956606071e-03                
7.0194180000e+01	4.4862261289e-03	1.7624342988e-14                 	8.5266125769e-20                 	1.7624257722e-14                 	4.8379747165e-06                 	-4.7252025672e-03                
7.2490200000e+01	4.3441315434e-03	1.6662877223e-14                 	7.4964619801e-20                 	1.6662802258e-14                 	4.4989000877e-06                 	-4.4670367676e-03                
7.4861320000e+01	4.2065376941e-03	1.5746641558e-14                 	6.5907766275e-20                 	1.5746575650e-14                 	4.1855125763e-06                 	-4.2208533532e-03                
7.7309990000e+01	4.0733023560e-03	1.4874278407e-14                 	5.7945191986e-20                 	1.4874220462e-14                 	3.8956640719e-06                 	-3.9863250231e-03                
7.9838770000e+01	3.9442862711e-03	1.4044374894e-14                 	5.0944610293e-20                 	1.4044323949e-14                 	3.6274031901e-06                 	-3.7631026881e-03                
8.2450250000e+01	3.8193573023e-03	1.3255525259e-14                 	4.4789864821e-20                 	1.3255480469e-14                 	3.3789581284e-06                 	-3.5508423326e-03                
8.5147160000e+01	3.6983848247e-03	1.2506258442e-14                 	3.9378700709e-20                 	1.2506219064e-14                 	3.1487195704e-06                 	-3.3491728088e-03                
8.7932280000e+01	3.5812441621e-03	1.1795106568e-14                 	3.4621303709e-20                 	1.1795071947e-14                 	2.9352260202e-06                 	-3.1577072055e-03                
9.0808510000e+01	3.4678133625e-03	1.1120594394e-14                 	3.0438661775e-20                 	1.1120563955e-14                 	2.7371434203e-06                 	-2.9760663366e-03                
9.3778810000e+01	3.3579756921e-03	1.0481275782e-14                 	2.6761359071e-20                 	1.0481249020e-14                 	2.5532539768e-06                 	-2.8038796383e-03                
9.6846270000e+01	3.2516168605e-03	9.8756771355e-15                 	2.3528323839e-20                 	9.8756536072e-15                 	2.3824517059e-06                 	-2.6407751157e-03                
1.0001410000e+02	3.1486256879e-03	9.3023600505e-15                 	2.0685854282e-20                 	9.3023393647e-15                 	2.2237210955e-06                 	-2.4863555704e-03                
1.0328550000e+02	3.0488980971e-03	8.7599259528e-15                 	1.8186829841e-20                 	8.7599077660e-15                 	2.0761396774e-06                 	-2.3402596660e-03                
1.0666390000e+02	2.9523293674e-03	8.2469888339e-15                 	1.5989720171e-20                 	8.2469728442e-15                 	1.9388555621e-06                 	-2.2021217886e-03                
1.1015280000e+02	2.8588194255e-03	7.7621711690e-15                 	1.4058047986e-20                 	7.7621571110e-15                 	1.8110973952e-06                 	-2.0715742290e-03                
1.1375590000e+02	2.7682692890e-03	7.3041403111e-15                 	1.2359706363e-20                 	7.3041279514e-15                 	1.6921507304e-06                 	-1.9482611937e-03                
1.1747680000e+02	2.6805885452e-03	6.8716413204e-15                 	1.0866566146e-20                 	6.8716304539e-15                 	1.5813639914e-06                 	-1.8318457314e-03                
1.2131940000e+02	2.5956851452e-03	6.4634193628e-15                 	9.5538146601e-21                 	6.4634098090e-15                 	1.4781362811e-06                 	-1.7219942176e-03                
1.2528770000e+02	2.5134707111e-03	6.0782529622e-15                 	8.3996525130e-21                 	6.0782445625e-15                 	1.3819188779e-06                 	-1.6183772924e-03                
1.2938580000e+02	2.4338603186e-03	5.7149947294e-15                 	7.3849236147e-21                 	5.7149873445e-15                 	1.2922012993e-06                 	-1.5206837130e-03                
1.3361790000e+02	2.3567722918e-03	5.3725190500e-15                 	6.4927915266e-21                 	5.3725125572e-15                 	1.2085190329e-06                 	-1.4286160796e-03                
1.3798850000e+02	2.2821247018e-03	5.0497338200e-15                 	5.7084230832e-21                 	5.0497281116e-15                 	1.1304403928e-06                 	-1.3418761176e-03                
1.4250200000e+02	2.2098424191e-03	4.7456145183e-15                 	5.0188212619e-21                 	4.7456094995e-15                 	1.0575703616e-06                 	-1.2601881347e-03                
1.4716320000e+02	2.1398485791e-03	4.4591620324e-15                 	4.4125195791e-21                 	4.4591576198e-15                 	9.8954008557e-07                 	-1.1832800065e-03                
1.5197680000e+02	2.0720726085e-03	4.1894395328e-15                 	3.8794704153e-21                 	4.1894356533e-15                 	9.2601179345e-07                 	-1.1109002505e-03                
1.5694790000e+02	2.0064426756e-03	3.9355197762e-15                 	3.4108121157e-21                 	3.9355163654e-15                 	8.6667386006e-07                 	-1.0427942071e-03                
1.6208160000e+02	1.9428915090e-03	3.6965469891e-15                 	2.9987708925e-21                 	3.6965439904e-15                 	8.1123570221e-07                 	-9.7873312336e-04                
1.6738320000e+02	1.8813534716e-03	3.4716940376e-15                 	2.6365080299e-21                 	3.4716914011e-15                 	7.5942983492e-07                 	-9.1849290714e-04                
1.7285820000e+02	1.8217646858e-03	3.2601759110e-15                 	2.3180090693e-21                 	3.2601735929e-15                 	7.1100736052e-07                 	-8.6185374624e-04                
1.7851240000e+02	1.7640621291e-03	3.0612322993e-15                 	2.0379809643e-21                 	3.0612302613e-15                 	6.6573874998e-07                 	-8.0862210803e-04                
1.8435140000e+02	1.7081886246e-03	2.8741677078e-15                 	1.7917879279e-21                 	2.8741659160e-15                 	6.2341105671e-07                 	-7.5859532376e-04                
1.9038150000e+02	1.6540838496e-03	2.6982930830e-15                 	1.5753322260e-21                 	2.6982915077e-15                 	5.8382546951e-07                 	-7.1159261652e-04                
1.9660870000e+02	1.6016939454e-03	2.5329774538e-15                 	1.3850295878e-21                 	2.5329760688e-15                 	5.4679901935e-07                 	-6.6744061102e-04                
2.0303970000e+02	1.5509625182e-03	2.3776021296e-15                 	1.2177132713e-21                 	2.3776009119e-15                 	5.1216023747e-07                 	-6.2597127546e-04                
2.0968100000e+02	1.5018383373e-03	2.2316004066e-15                 	1.0706106407e-21                 	2.2315993360e-15                 	4.7975015487e-07                 	-5.8703210267e-04                
2.1653960000e+02	1.4542696320e-03	2.0944193522e-15                 	9.4127731997e-22                 	2.0944184109e-15                 	4.4942161129e-07                 	-5.5047296428e-04                
2.2362250000e+02	1.4082078700e-03	1.9655477126e-15                 	8.2756863747e-22                 	1.9655468850e-15                 	4.2103716546e-07                 	-5.1615425741e-04                
2.3093710000e+02	1.3636049141e-03	1.8444957603e-15                 	7.2759606779e-22                 	1.8444950327e-15                 	3.9446882094e-07                 	-4.8394063868e-04                
2.3849090000e+02	1.3204150113e-03	1.7308038862e-15                 	6.3970115361e-22                 	1.7308032465e-15                 	3.6959771046e-07                 	-4.5370966595e-04                
2.4629190000e+02	1.2785924523e-03	1.6240341887e-15                 	5.6242306840e-22                 	1.6240336263e-15                 	3.4631233278e-07                 	-4.2534054227e-04                
2.5434800000e+02	1.2380949110e-03	1.5237762931e-15                 	4.9448103258e-22                 	1.5237757987e-15                 	3.2451025443e-07                 	-3.9872225567e-04                
2.6266760000e+02	1.1988801223e-03	1.4296435332e-15                 	4.3474667472e-22                 	1.4296430984e-15                 	3.0409445755e-07                 	-3.7375201873e-04                
2.7125930000e+02	1.1609075317e-03	1.3412700056e-15                 	3.8222855889e-22                 	1.3412696234e-15                 	2.8497510366e-07                 	-3.5032705888e-04                
2.8013200000e+02	1.1241377794e-03	1.2583083092e-15                 	3.3605488869e-22                 	1.2583079731e-15                 	2.6706879883e-07                 	-3.2835573571e-04                
2.8929500000e+02	1.0885323438e-03	1.1804346055e-15                 	2.9545874964e-22                 	1.1804343100e-15                 	2.5029658421e-07                 	-3.0774878581e-04                
2.9875770000e+02	1.0540547220e-03	1.1073409447e-15                 	2.5976679223e-22                 	1.1073406850e-15                 	2.3458609877e-07                 	-2.8842344991e-04                
3.0852990000e+02	1.0206691942e-03	1.0387403266e-15                 	2.2838656485e-22                 	1.0387400982e-15                 	2.1986877664e-07                 	-2.7030229305e-04                
3.1862180000e+02	9.8834092460e-04	9.7435957473e-16                 	2.0079698826e-22                 	9.7435937393e-16                 	2.0608099254e-07                 	-2.5330902476e-04                
3.2904380000e+02	9.5703661461e-04	9.1394279781e-16                 	1.7654030638e-22                 	9.1394262127e-16                 	1.9316340892e-07                 	-2.3737514808e-04                
3.3980660000e+02	9.2672409662e-04	8.5725082554e-16                 	1.5521407246e-22                 	8.5725067033e-16                 	1.8106027762e-07                 	-2.2243905174e-04                
3.5092160000e+02	8.9737127726e-04	8.0405408623e-16                 	1.3646383218e-22                 	8.0405394976e-16                 	1.6971971727e-07                 	-2.0843541667e-04                
3.6240000000e+02	8.6894857729e-04	7.5414236604e-16                 	1.1997889726e-22                 	7.5414224606e-16                 	1.5909316684e-07                 	-1.9530786077e-04                
3.7425400000e+02	8.4142578145e-04	7.0731299084e-16                 	1.0548519168e-22                 	7.0731288536e-16                 	1.4913509726e-07                 	-1.8300238587e-04                
3.8649560000e+02	8.1477503084e-04	6.6337892067e-16                 	9.2742496015e-23                 	6.6337882793e-16                 	1.3980320014e-07                 	-1.7146887369e-04                
3.9913770000e+02	7.8896822929e-04	6.2216176778e-16                 	8.1539061994e-23                 	6.2216168624e-16                 	1.3105765448e-07                 	-1.6065867308e-04                
4.1219330000e+02	7.6397885267e-04	5.8349545875e-16                 	7.1689035022e-23                 	5.8349538706e-16                 	1.2286134184e-07                 	-1.5052453780e-04                
4.2567590000e+02	7.3978105035e-04	5.4722358941e-16                 	6.3028931698e-23                 	5.4722352638e-16                 	1.1517948589e-07                 	-1.4102879518e-04                
4.3959960000e+02	7.1634952445e-04	5.1319821770e-16                 	5.5414932701e-23                 	5.1319816228e-16                 	1.0797958915e-07                 	-1.3212833365e-04                
4.5397870000e+02	6.9366021888e-04	4.8128200596e-16                 	4.8720735712e-23                 	4.8128195724e-16                 	1.0123115992e-07                 	-1.2378840536e-04                
4.6882810000e+02	6.7168961163e-04	4.5134483251e-16                 	4.2835220179e-23                 	4.5134478968e-16                 	9.4905750755e-08                 	-1.1597193564e-04                
4.8416330000e+02	6.5041477619e-04	4.2326448007e-16                 	3.7660656027e-23                 	4.2326444241e-16                 	8.8976651244e-08                 	-1.0864741848e-04                
5.0000000000e+02	6.2981392882e-04	3.9692678343e-16                 	3.3111217388e-23                 	3.9692675032e-16                 	8.3418954756e-08                 	-1.0178453509e-04                
