#wavelengths (mu)	size parameter  	extinction cross section (cm^2)  	scattering cross section (cm^2)  	absorption cross section (cm^2)  	single scattering albedo         	asymmetry parameter              
4.4300000000e-02	1.1266190937e+01	3.8770825810e-10                 	2.1680980858e-10                 	1.7089844952e-10                 	5.5920864219e-01                 	9.3546724759e-01                 
4.5100000000e-02	1.1066347195e+01	3.8742867042e-10                 	2.1435983563e-10                 	1.7306883479e-10                 	5.5328851992e-01                 	9.3474114682e-01                 
4.5900000000e-02	1.0873469684e+01	3.8778903442e-10                 	2.1281703590e-10                 	1.7497199852e-10                 	5.4879590966e-01                 	9.3332815721e-01                 
4.6800000000e-02	1.0664364498e+01	3.8855988058e-10                 	2.1152455977e-10                 	1.7703532081e-10                 	5.4438085439e-01                 	9.3149123676e-01                 
4.7700000000e-02	1.0463150073e+01	3.8966146492e-10                 	2.1053839810e-10                 	1.7912306681e-10                 	5.4031105731e-01                 	9.2949327208e-01                 
4.8600000000e-02	1.0269388035e+01	3.9111845277e-10                 	2.0957904094e-10                 	1.8153941183e-10                 	5.3584544390e-01                 	9.2745959265e-01                 
4.9600000000e-02	1.0062343921e+01	3.9250813214e-10                 	2.0770179551e-10                 	1.8480633664e-10                 	5.2916558536e-01                 	9.2606987386e-01                 
5.0600000000e-02	9.8634833697e+00	3.9269544722e-10                 	2.0536253846e-10                 	1.8733290876e-10                 	5.2295624998e-01                 	9.2578297698e-01                 
5.1700000000e-02	9.6536220214e+00	3.9306167052e-10                 	2.0381999440e-10                 	1.8924167612e-10                 	5.1854456867e-01                 	9.2487845322e-01                 
5.2800000000e-02	9.4525048959e+00	3.9386695209e-10                 	2.0331124176e-10                 	1.9055571033e-10                 	5.1619269066e-01                 	9.2322570871e-01                 
5.3900000000e-02	9.2595966327e+00	3.9543097529e-10                 	2.0390730749e-10                 	1.9152366780e-10                 	5.1565840876e-01                 	9.2063462266e-01                 
5.5100000000e-02	9.0579357260e+00	3.9844954691e-10                 	2.0544025023e-10                 	1.9300929668e-10                 	5.1559915635e-01                 	9.1684955544e-01                 
5.6400000000e-02	8.8491535196e+00	4.0202302689e-10                 	2.0680174847e-10                 	1.9522127842e-10                 	5.1440274471e-01                 	9.1300169392e-01                 
5.7700000000e-02	8.6497791769e+00	4.0536747531e-10                 	2.0794734043e-10                 	1.9742013488e-10                 	5.1298476838e-01                 	9.0950338043e-01                 
5.9000000000e-02	8.4591908221e+00	4.0970864399e-10                 	2.0956972743e-10                 	2.0013891656e-10                 	5.1150916756e-01                 	9.0562275503e-01                 
6.0500000000e-02	8.2494588183e+00	4.1399580742e-10                 	2.1043421211e-10                 	2.0356159531e-10                 	5.0830034589e-01                 	9.0249388761e-01                 
6.2000000000e-02	8.0498751372e+00	4.1813414552e-10                 	2.1121052210e-10                 	2.0692362342e-10                 	5.0512622411e-01                 	8.9975109302e-01                 
6.3600000000e-02	7.8473625551e+00	4.2251891749e-10                 	2.1210458253e-10                 	2.1041433496e-10                 	5.0200020341e-01                 	8.9703218329e-01                 
6.5300000000e-02	7.6430667459e+00	4.2716864766e-10                 	2.1322459797e-10                 	2.1394404969e-10                 	4.9915788328e-01                 	8.9420173876e-01                 
6.7000000000e-02	7.4491381866e+00	4.3292543304e-10                 	2.1517887582e-10                 	2.1774655722e-10                 	4.9703449923e-01                 	8.9086038642e-01                 
6.8900000000e-02	7.2437192816e+00	4.3917737188e-10                 	2.1663760987e-10                 	2.2253976201e-10                 	4.9328044599e-01                 	8.8862100431e-01                 
7.0800000000e-02	7.0493256851e+00	4.4402177989e-10                 	2.1681286671e-10                 	2.2720891318e-10                 	4.8829331472e-01                 	8.8828640122e-01                 
7.2900000000e-02	6.8462586901e+00	4.4870649889e-10                 	2.1697971009e-10                 	2.3172678880e-10                 	4.8356712155e-01                 	8.8806742330e-01                 
7.3800000000e-02	6.7627677304e+00	4.5080157448e-10                 	2.1719432378e-10                 	2.3360725069e-10                 	4.8179584119e-01                 	8.8794051821e-01                 
7.5100000000e-02	6.6457025101e+00	4.5333616423e-10                 	2.1716477571e-10                 	2.3617138852e-10                 	4.7903695501e-01                 	8.8819065663e-01                 
7.7500000000e-02	6.4399001097e+00	4.5787038684e-10                 	2.1751189377e-10                 	2.4035849307e-10                 	4.7505123725e-01                 	8.8811709611e-01                 
8.0000000000e-02	6.2386532313e+00	4.6195126831e-10                 	2.1770859674e-10                 	2.4424267156e-10                 	4.7128043947e-01                 	8.8833087570e-01                 
8.2700000000e-02	6.0349728961e+00	4.6661029296e-10                 	2.1878409904e-10                 	2.4782619391e-10                 	4.6887971043e-01                 	8.8722351419e-01                 
8.5500000000e-02	5.8373363568e+00	4.7395741333e-10                 	2.2217929311e-10                 	2.5177812022e-10                 	4.6877480310e-01                 	8.8389101096e-01                 
8.8600000000e-02	5.6330954685e+00	4.8391454929e-10                 	2.2661886610e-10                 	2.5729568319e-10                 	4.6830347720e-01                 	8.8239603180e-01                 
9.1800000000e-02	5.4367348421e+00	4.9343188099e-10                 	2.3093463329e-10                 	2.6249724769e-10                 	4.6801725262e-01                 	8.8713860430e-01                 
9.3000000000e-02	5.3665834248e+00	4.9514222366e-10                 	2.3206057215e-10                 	2.6308165151e-10                 	4.6867457685e-01                 	8.8837701938e-01                 
9.5400000000e-02	5.2315750367e+00	4.9770668881e-10                 	2.3391121682e-10                 	2.6379547199e-10                 	4.6997804546e-01                 	8.8878165628e-01                 
9.9200000000e-02	5.0311719607e+00	5.0339097858e-10                 	2.3819369970e-10                 	2.6519727888e-10                 	4.7317832427e-01                 	8.8692377101e-01                 
1.0330000000e-01	4.8314836254e+00	5.1280955204e-10                 	2.4660433831e-10                 	2.6620521374e-10                 	4.8088873798e-01                 	8.8370442061e-01                 
1.0780000000e-01	4.6297983164e+00	5.2299940566e-10                 	2.5972735868e-10                 	2.6327204697e-10                 	4.9661119281e-01                 	8.8112359268e-01                 
1.1000000000e-01	4.5372023500e+00	5.2160490911e-10                 	2.6010620060e-10                 	2.6149870851e-10                 	4.9866516986e-01                 	8.8044383007e-01                 
1.1270000000e-01	4.4285027374e+00	5.1914661299e-10                 	2.5924785931e-10                 	2.5989875368e-10                 	4.9937311123e-01                 	8.7912702430e-01                 
1.1400000000e-01	4.3780022676e+00	5.1703049602e-10                 	2.5761931180e-10                 	2.5941118422e-10                 	4.9826715017e-01                 	8.7833031263e-01                 
1.1810000000e-01	4.2260140432e+00	5.1437359147e-10                 	2.5463559347e-10                 	2.5973799800e-10                 	4.9504017643e-01                 	8.7404965936e-01                 
1.2100000000e-01	4.1247294091e+00	5.1987498830e-10                 	2.5846456129e-10                 	2.6141042700e-10                 	4.9716675569e-01                 	8.6940819563e-01                 
1.2400000000e-01	4.0249375686e+00	5.3237414731e-10                 	2.7420049036e-10                 	2.5817365695e-10                 	5.1505222736e-01                 	8.6448740426e-01                 
1.2720000000e-01	3.9236812776e+00	5.3589985327e-10                 	2.8745439052e-10                 	2.4844546274e-10                 	5.3639572538e-01                 	8.6023365654e-01                 
1.2950000000e-01	3.8539942742e+00	5.2320775620e-10                 	2.8656137433e-10                 	2.3664638187e-10                 	5.4770092938e-01                 	8.5881722583e-01                 
1.3050000000e-01	3.8244617510e+00	5.0716004421e-10                 	2.7426217451e-10                 	2.3289786970e-10                 	5.4078032692e-01                 	8.5944712701e-01                 
1.3190000000e-01	3.7838685254e+00	4.8319432476e-10                 	2.5081455141e-10                 	2.3237977335e-10                 	5.1907594638e-01                 	8.6042052382e-01                 
1.3330000000e-01	3.7441279708e+00	4.6360067543e-10                 	2.2915915766e-10                 	2.3444151777e-10                 	4.9430289860e-01                 	8.6071000588e-01                 
1.3480000000e-01	3.7024648257e+00	4.4638377310e-10                 	2.0885231884e-10                 	2.3753145425e-10                 	4.6787614477e-01                 	8.6029722495e-01                 
1.3620000000e-01	3.6644071843e+00	4.3543377933e-10                 	1.9240560243e-10                 	2.4302817690e-10                 	4.4187109857e-01                 	8.5883895770e-01                 
1.3700000000e-01	3.6430091862e+00	4.3699296042e-10                 	1.8839496345e-10                 	2.4859799697e-10                 	4.3111670098e-01                 	8.5670830255e-01                 
1.3780000000e-01	3.6218596408e+00	4.3890007814e-10                 	1.8718348488e-10                 	2.5171659326e-10                 	4.2648314321e-01                 	8.5467746980e-01                 
1.3870000000e-01	3.5983580282e+00	4.5050312922e-10                 	1.9119462781e-10                 	2.5930850141e-10                 	4.2440244120e-01                 	8.4995908964e-01                 
1.3930000000e-01	3.5828589986e+00	4.5986574366e-10                 	1.9754909716e-10                 	2.6231664650e-10                 	4.2957993694e-01                 	8.4784218972e-01                 
1.4090000000e-01	3.5421735877e+00	4.7966210110e-10                 	2.0996953933e-10                 	2.6969256177e-10                 	4.3774469330e-01                 	8.4113228928e-01                 
1.4250000000e-01	3.5024018141e+00	4.9992357234e-10                 	2.2432225006e-10                 	2.7560132228e-10                 	4.4871308830e-01                 	8.3497057818e-01                 
1.4350000000e-01	3.4779948328e+00	5.1263117230e-10                 	2.3369907629e-10                 	2.7893209601e-10                 	4.5588151661e-01                 	8.3101097192e-01                 
1.4420000000e-01	3.4611113627e+00	5.2249620078e-10                 	2.4127961547e-10                 	2.8121658531e-10                 	4.6178252610e-01                 	8.2809872120e-01                 
1.4500000000e-01	3.4420155759e+00	5.3355744700e-10                 	2.5066060720e-10                 	2.8289683980e-10                 	4.6979122606e-01                 	8.2573737542e-01                 
1.4590000000e-01	3.4207831289e+00	5.4446892115e-10                 	2.5971299375e-10                 	2.8475592740e-10                 	4.7700242137e-01                 	8.2234594089e-01                 
1.4680000000e-01	3.3998110252e+00	5.5809286708e-10                 	2.7293581988e-10                 	2.8515704720e-10                 	4.8905090170e-01                 	8.1981999784e-01                 
1.4760000000e-01	3.3813838652e+00	5.6639297824e-10                 	2.8057262151e-10                 	2.8582035673e-10                 	4.9536740794e-01                 	8.1693948846e-01                 
1.4800000000e-01	3.3722449899e+00	5.7427463661e-10                 	2.8875142855e-10                 	2.8552320807e-10                 	5.0281069394e-01                 	8.1510676299e-01                 
1.4850000000e-01	3.3608906297e+00	5.8185556410e-10                 	2.9719329250e-10                 	2.8466227160e-10                 	5.1076815422e-01                 	8.1352417771e-01                 
1.4940000000e-01	3.3406443006e+00	5.9404628848e-10                 	3.1110438383e-10                 	2.8294190465e-10                 	5.2370394338e-01                 	8.1055964174e-01                 
1.5120000000e-01	3.3008747256e+00	6.2074757197e-10                 	3.4428976660e-10                 	2.7645780537e-10                 	5.5463731498e-01                 	8.0419007679e-01                 
1.5310000000e-01	3.2599102450e+00	6.4430663776e-10                 	3.7426078436e-10                 	2.7004585340e-10                 	5.8087370582e-01                 	7.9664144435e-01                 
1.5400000000e-01	3.2408588215e+00	6.6602448510e-10                 	4.0463072983e-10                 	2.6139375527e-10                 	6.0753131286e-01                 	7.8990554721e-01                 
1.5500000000e-01	3.2199500549e+00	6.8109488187e-10                 	4.2672944081e-10                 	2.5436544106e-10                 	6.2653449933e-01                 	7.8438549079e-01                 
1.5690000000e-01	3.1809576705e+00	7.2716692673e-10                 	5.0439205763e-10                 	2.2277486910e-10                 	6.9363998704e-01                 	7.6507678185e-01                 
1.5800000000e-01	3.1588117627e+00	7.5414651149e-10                 	5.6177982847e-10                 	1.9236668303e-10                 	7.4492133810e-01                 	7.4906741039e-01                 
1.5890000000e-01	3.1409204437e+00	7.7314479219e-10                 	6.2135029016e-10                 	1.5179450203e-10                 	8.0366613917e-01                 	7.3094888790e-01                 
1.6100000000e-01	3.0999519162e+00	7.5598247641e-10                 	6.9244580477e-10                 	6.3536671637e-11                 	9.1595483544e-01                 	7.0771670921e-01                 
1.6300000000e-01	3.0619156964e+00	7.2713190967e-10                 	7.0281004506e-10                 	2.4321864614e-11                 	9.6655095961e-01                 	7.1286528492e-01                 
1.6500000000e-01	3.0248015667e+00	7.0315520910e-10                 	6.9386075357e-10                 	9.2944555284e-12                 	9.8678178671e-01                 	7.2438959786e-01                 
1.6700000000e-01	2.9885763982e+00	6.7891352363e-10                 	6.7535016111e-10                 	3.5633625247e-12                 	9.9475137495e-01                 	7.3441155460e-01                 
1.6900000000e-01	2.9532086302e+00	6.5284152897e-10                 	6.5147487892e-10                 	1.3666500509e-12                 	9.9790661288e-01                 	7.4177846555e-01                 
1.7100000000e-01	2.9186681784e+00	6.2526516453e-10                 	6.2474267263e-10                 	5.2249190374e-13                 	9.9916436748e-01                 	7.4670493572e-01                 
1.7300000000e-01	2.8849263497e+00	5.9624036235e-10                 	5.9604156153e-10                 	1.9880082176e-13                 	9.9966657604e-01                 	7.4964597998e-01                 
1.7500000000e-01	2.8519557629e+00	5.6695479208e-10                 	5.6687951561e-10                 	7.5276465643e-14                 	9.9986722669e-01                 	7.5076114698e-01                 
1.7700000000e-01	2.8197302740e+00	5.3793136250e-10                 	5.3790298875e-10                 	2.8373741727e-14                 	9.9994725397e-01                 	7.5025854588e-01                 
1.7900000000e-01	2.7882249079e+00	5.0999723778e-10                 	5.0998659004e-10                 	1.0647741186e-14                 	9.9997912196e-01                 	7.4828221429e-01                 
1.8100000000e-01	2.7574157928e+00	4.8387301604e-10                 	4.8386903026e-10                 	3.9857828894e-15                 	9.9999176275e-01                 	7.4501051133e-01                 
1.8300000000e-01	2.7272801011e+00	4.5974483989e-10                 	4.5974350741e-10                 	1.3324742874e-15                 	9.9999710171e-01                 	7.4067535360e-01                 
1.8500000000e-01	2.6977959919e+00	4.3775121256e-10                 	4.3775077464e-10                 	4.3792153903e-16                 	9.9999899961e-01                 	7.3552266896e-01                 
1.8700000000e-01	2.6689425589e+00	4.1802102602e-10                 	4.1802088142e-10                 	1.4460739839e-16                 	9.9999965407e-01                 	7.2980700916e-01                 
1.8900000000e-01	2.6406997805e+00	4.0016290528e-10                 	4.0016285751e-10                 	4.7773837171e-17                 	9.9999988061e-01                 	7.2377412135e-01                 
1.9100000000e-01	2.6130484738e+00	3.8426263182e-10                 	3.8426261601e-10                 	1.5810400134e-17                 	9.9999995886e-01                 	7.1764470409e-01                 
1.9300000000e-01	2.5859702513e+00	3.6998965794e-10                 	3.6998965270e-10                 	5.2410451354e-18                 	9.9999998583e-01                 	7.1160546226e-01                 
1.9500000000e-01	2.5594474795e+00	3.5701630527e-10                 	3.5701630353e-10                 	1.7403274370e-18                 	9.9999999513e-01                 	7.0580839370e-01                 
1.9700000000e-01	2.5334632411e+00	3.4533750055e-10                 	3.4533749997e-10                 	5.7914233148e-19                 	9.9999999832e-01                 	7.0036522078e-01                 
1.9900000000e-01	2.5080012990e+00	3.3463702680e-10                 	3.3463702661e-10                 	1.9307022847e-19                 	9.9999999942e-01                 	6.9535851961e-01                 
2.0100000000e-01	2.4830460622e+00	3.2477481364e-10                 	3.2477481358e-10                 	6.4486804549e-20                 	9.9999999980e-01                 	6.9083920666e-01                 
2.0190000000e-01	2.4719775062e+00	3.2048917345e-10                 	3.2048917341e-10                 	3.9417021703e-20                 	9.9999999988e-01                 	6.8897926718e-01                 
2.1000000000e-01	2.3766298024e+00	2.8683939868e-10                 	2.8683939865e-10                 	3.7473358140e-20                 	9.9999999987e-01                 	6.7691587668e-01                 
2.5000000000e-01	1.9963690340e+00	1.6144209496e-10                 	1.6144209493e-10                 	3.0639879835e-20                 	9.9999999981e-01                 	6.6728763713e-01                 
3.0000000000e-01	1.6636408617e+00	8.5604166893e-11                 	8.5604166870e-11                 	2.2412188241e-20                 	9.9999999974e-01                 	5.4741554993e-01                 
3.5000000000e-01	1.4259778814e+00	5.4062389317e-11                 	5.4062389300e-11                 	1.7862041470e-20                 	9.9999999967e-01                 	3.9838265591e-01                 
3.9000000000e-01	1.2797237398e+00	3.8805231703e-11                 	3.8805231688e-11                 	1.5511439854e-20                 	9.9999999960e-01                 	3.1287796260e-01                 
4.0000000000e-01	1.2477306463e+00	3.5797613004e-11                 	3.5797612987e-11                 	1.7760908025e-20                 	9.9999999950e-01                 	2.9575124296e-01                 
4.1000000000e-01	1.2172981915e+00	3.3031596497e-11                 	3.3031596478e-11                 	1.9425973208e-20                 	9.9999999941e-01                 	2.8001589602e-01                 
4.2000000000e-01	1.1883149012e+00	3.0508137193e-11                 	3.0508137171e-11                 	2.2132616049e-20                 	9.9999999927e-01                 	2.6554951526e-01                 
4.3000000000e-01	1.1606796709e+00	2.8205884359e-11                 	2.8205884331e-11                 	2.8371667151e-20                 	9.9999999899e-01                 	2.5222539662e-01                 
4.4000000000e-01	1.1343005875e+00	2.6088595033e-11                 	2.6088594991e-11                 	4.1724918619e-20                 	9.9999999840e-01                 	2.3991884492e-01                 
4.5000000000e-01	1.1090939078e+00	2.4157590568e-11                 	2.4157590508e-11                 	5.9780253602e-20                 	9.9999999753e-01                 	2.2853941586e-01                 
4.6000000000e-01	1.0849831707e+00	2.2381739570e-11                 	2.2381739487e-11                 	8.3382891761e-20                 	9.9999999627e-01                 	2.1798682709e-01                 
4.7000000000e-01	1.0618984224e+00	2.0748794557e-11                 	2.0748794437e-11                 	1.1978680305e-19                 	9.9999999423e-01                 	2.0818176677e-01                 
4.8000000000e-01	1.0397755386e+00	1.9259702848e-11                 	1.9259702677e-11                 	1.7060250266e-19                 	9.9999999114e-01                 	1.9906158445e-01                 
4.9000000000e-01	1.0185556296e+00	1.7889591826e-11                 	1.7889591583e-11                 	2.4236632406e-19                 	9.9999998645e-01                 	1.9055485720e-01                 
5.0000000000e-01	9.9818451701e-01	1.6628722295e-11                 	1.6628721961e-11                 	3.3347027188e-19                 	9.9999997995e-01                 	1.8260603377e-01                 
5.1000000000e-01	9.7861227158e-01	1.5478039038e-11                 	1.5478038594e-11                 	4.4377998476e-19                 	9.9999997133e-01                 	1.7517229799e-01                 
5.2000000000e-01	9.5979280482e-01	1.4408549622e-11                 	1.4408549042e-11                 	5.7978056374e-19                 	9.9999995976e-01                 	1.6819598705e-01                 
5.3000000000e-01	9.4168350661e-01	1.3431930420e-11                 	1.3431929679e-11                 	7.4113753176e-19                 	9.9999994482e-01                 	1.6165074032e-01                 
5.4000000000e-01	9.2424492316e-01	1.2539346424e-11                 	1.2539345492e-11                 	9.3138195191e-19                 	9.9999992572e-01                 	1.5550053687e-01                 
5.5000000000e-01	9.0744047001e-01	1.1707744684e-11                 	1.1707743535e-11                 	1.1489875713e-18                 	9.9999990186e-01                 	1.4970216475e-01                 
5.6000000000e-01	8.9123617590e-01	1.0939942032e-11                 	1.0939940639e-11                 	1.3930582321e-18                 	9.9999987266e-01                 	1.4423332599e-01                 
5.7000000000e-01	8.7560045352e-01	1.0237172263e-11                 	1.0237170602e-11                 	1.6608460490e-18                 	9.9999983776e-01                 	1.3907359176e-01                 
5.8000000000e-01	8.6050389397e-01	9.5871173082e-12                 	9.5871153555e-12                 	1.9526517772e-18                 	9.9999979633e-01                 	1.3419452400e-01                 
5.9000000000e-01	8.4591908221e-01	8.9854048231e-12                 	8.9854025575e-12                 	2.2655340426e-18                 	9.9999974787e-01                 	1.2957536553e-01                 
6.0000000000e-01	8.3182043084e-01	8.4280402947e-12                 	8.4280377163e-12                 	2.5783463640e-18                 	9.9999969408e-01                 	1.2519730211e-01                 
6.1000000000e-01	8.1818403034e-01	7.9113762916e-12                 	7.9113732547e-12                 	3.0369633204e-18                 	9.9999961613e-01                 	1.2104324532e-01                 
6.2000000000e-01	8.0498751372e-01	7.4320830826e-12                 	7.4320793765e-12                 	3.7060187839e-18                 	9.9999950135e-01                 	1.1709764286e-01                 
6.3000000000e-01	7.9220993414e-01	6.9871212326e-12                 	6.9871168289e-12                 	4.4036788277e-18                 	9.9999936974e-01                 	1.1334631270e-01                 
6.4000000000e-01	7.7983165391e-01	6.5779237105e-12                 	6.5779186446e-12                 	5.0659042817e-18                 	9.9999922986e-01                 	1.0978026684e-01                 
6.5000000000e-01	7.6783424385e-01	6.1932960871e-12                 	6.1932902620e-12                 	5.8251321156e-18                 	9.9999905945e-01                 	1.0637958790e-01                 
6.6000000000e-01	7.5620039167e-01	5.8391283602e-12                 	5.8391217244e-12                 	6.6358096973e-18                 	9.9999886356e-01                 	1.0314123385e-01                 
6.7000000000e-01	7.4491381866e-01	5.5091500980e-12                 	5.5091426813e-12                 	7.4166541855e-18                 	9.9999865376e-01                 	1.0005126430e-01                 
6.8000000000e-01	7.3395920368e-01	5.1981588337e-12                 	5.1981507799e-12                 	8.0537870506e-18                 	9.9999845065e-01                 	9.7096973004e-02                 
6.9000000000e-01	7.2332211378e-01	4.9112488921e-12                 	4.9112398075e-12                 	9.0845392911e-18                 	9.9999815026e-01                 	9.4277063272e-02                 
7.0000000000e-01	7.1298894072e-01	4.6433285027e-12                 	4.6433177167e-12                 	1.0785996767e-17                 	9.9999767710e-01                 	9.1580099000e-02                 
7.1000000000e-01	7.0294684297e-01	4.3929539852e-12                 	4.3929414098e-12                 	1.2575362877e-17                 	9.9999713738e-01                 	8.8998866304e-02                 
7.2000000000e-01	6.9318369237e-01	4.1588037482e-12                 	4.1587892641e-12                 	1.4484134882e-17                 	9.9999651724e-01                 	8.6526687306e-02                 
7.3000000000e-01	6.8368802535e-01	3.9371613997e-12                 	3.9371462008e-12                 	1.5198918838e-17                 	9.9999613963e-01                 	8.4154276543e-02                 
7.4000000000e-01	6.7444899798e-01	3.7320587034e-12                 	3.7320415963e-12                 	1.7107093297e-17                 	9.9999541618e-01                 	8.1882154693e-02                 
7.5000000000e-01	6.6545634467e-01	3.5420811289e-12                 	3.5420610463e-12                 	2.0082685084e-17                 	9.9999433026e-01                 	7.9704753662e-02                 
7.6000000000e-01	6.5670034014e-01	3.3616805098e-12                 	3.3616566695e-12                 	2.3840285330e-17                 	9.9999290822e-01                 	7.7611141875e-02                 
7.7000000000e-01	6.4817176429e-01	3.1923696645e-12                 	3.1923412219e-12                 	2.8442605828e-17                 	9.9999109044e-01                 	7.5599709050e-02                 
7.8000000000e-01	6.3986186988e-01	3.0333579126e-12                 	3.0333246165e-12                 	3.3296040864e-17                 	9.9998902337e-01                 	7.3666137188e-02                 
7.9000000000e-01	6.3176235254e-01	2.8839179216e-12                 	2.8838799824e-12                 	3.7939212841e-17                 	9.9998684456e-01                 	7.1806394381e-02                 
8.0000000000e-01	6.2386532313e-01	2.7433805835e-12                 	2.7433381386e-12                 	4.2444924535e-17                 	9.9998452824e-01                 	7.0016711837e-02                 
8.1000000000e-01	6.1616328211e-01	2.6111262861e-12                 	2.6110825881e-12                 	4.3698018496e-17                 	9.9998326469e-01                 	6.8293562987e-02                 
8.2000000000e-01	6.0864909574e-01	2.4881633216e-12                 	2.4881193304e-12                 	4.3991175595e-17                 	9.9998231982e-01                 	6.6636153599e-02                 
8.3000000000e-01	6.0131597410e-01	2.3707444709e-12                 	2.3707004966e-12                 	4.3974244653e-17                 	9.9998145129e-01                 	6.5036315354e-02                 
8.4000000000e-01	5.9415745060e-01	2.2600405810e-12                 	2.2599954267e-12                 	4.5154257995e-17                 	9.9998002060e-01                 	6.3493706711e-02                 
8.5000000000e-01	5.8716736295e-01	2.1556105242e-12                 	2.1555565542e-12                 	5.3969996176e-17                 	9.9997496301e-01                 	6.2005598043e-02                 
8.6000000000e-01	5.8033983547e-01	2.0583332247e-12                 	2.0582706799e-12                 	6.2544851555e-17                 	9.9996961384e-01                 	6.0571726781e-02                 
8.7000000000e-01	5.7366926265e-01	1.9651707685e-12                 	1.9650947100e-12                 	7.6058503201e-17                 	9.9996129675e-01                 	5.9185023634e-02                 
8.8000000000e-01	5.6715029376e-01	1.8771320730e-12                 	1.8770371925e-12                 	9.4880515613e-17                 	9.9994945453e-01                 	5.7845567415e-02                 
8.9000000000e-01	5.6077781855e-01	1.7938791369e-12                 	1.7937695577e-12                 	1.0957919177e-16                 	9.9993891495e-01                 	5.6551215122e-02                 
9.0000000000e-01	5.5454695389e-01	1.7161863670e-12                 	1.7160704722e-12                 	1.1589478777e-16                 	9.9993246958e-01                 	5.5302069418e-02                 
9.1000000000e-01	5.4845303132e-01	1.6415645016e-12                 	1.6414435365e-12                 	1.2096511193e-16                 	9.9992631108e-01                 	5.4091933650e-02                 
9.2000000000e-01	5.4249158533e-01	1.5708869298e-12                 	1.5707594059e-12                 	1.2752393843e-16                 	9.9991882042e-01                 	5.2921172745e-02                 
9.3000000000e-01	5.3665834248e-01	1.5048593025e-12                 	1.5047235253e-12                 	1.3577722742e-16                 	9.9990977414e-01                 	5.1790086083e-02                 
9.4000000000e-01	5.3094921118e-01	1.4413155603e-12                 	1.4411704129e-12                 	1.4514734935e-16                 	9.9989929523e-01                 	5.0693019488e-02                 
9.5000000000e-01	5.2536027211e-01	1.3810368264e-12                 	1.3808807178e-12                 	1.5610859837e-16                 	9.9988696275e-01                 	4.9630489951e-02                 
9.6000000000e-01	5.1988776928e-01	1.3246867650e-12                 	1.3244933125e-12                 	1.9345249123e-16                 	9.9985396360e-01                 	4.8602945027e-02                 
9.7000000000e-01	5.1452810155e-01	1.2703549068e-12                 	1.2701204211e-12                 	2.3448575090e-16                 	9.9981541713e-01                 	4.7605197722e-02                 
9.8000000000e-01	5.0927781480e-01	1.2195118605e-12                 	1.2192315440e-12                 	2.8031654945e-16                 	9.9977014037e-01                 	4.6639700144e-02                 
9.9000000000e-01	5.0413359445e-01	1.1704283426e-12                 	1.1700992743e-12                 	3.2906831407e-16                 	9.9971884796e-01                 	4.5701542268e-02                 
1.0000000000e+00	4.9909225851e-01	1.1237726045e-12                 	1.1233763138e-12                 	3.9629069339e-16                 	9.9964735687e-01                 	4.4791411474e-02                 
1.0100000000e+00	4.9415075100e-01	1.0800883337e-12                 	1.0796045675e-12                 	4.8376620720e-16                 	9.9955210496e-01                 	4.3909922790e-02                 
1.0200000000e+00	4.8930613579e-01	1.0378049265e-12                 	1.0372666944e-12                 	5.3823212049e-16                 	9.9948137448e-01                 	4.3052537185e-02                 
1.0300000000e+00	4.8455559078e-01	9.9750135506e-13                 	9.9695006361e-13                 	5.5129144928e-16                 	9.9944732762e-01                 	4.2220007690e-02                 
1.0400000000e+00	4.7989640241e-01	9.5969131509e-13                 	9.5914598774e-13                 	5.4532734375e-16                 	9.9943176797e-01                 	4.1413015679e-02                 
1.0500000000e+00	4.7532596048e-01	9.2301850394e-13                 	9.2251603555e-13                 	5.0246838924e-16                 	9.9945562479e-01                 	4.0627349304e-02                 
1.0600000000e+00	4.7084175331e-01	8.8803867345e-13                 	8.8758961205e-13                 	4.4906140176e-16                 	9.9949432225e-01                 	3.9863807952e-02                 
1.0700000000e+00	4.6644136309e-01	8.5468395734e-13                 	8.5427358252e-13                 	4.1037481888e-16                 	9.9951985197e-01                 	3.9121565876e-02                 
1.0800000000e+00	4.6212246158e-01	8.2339011557e-13                 	8.2299969178e-13                 	3.9042378416e-16                 	9.9952583377e-01                 	3.8401363678e-02                 
1.0900000000e+00	4.5788280597e-01	7.9301315491e-13                 	7.9262892978e-13                 	3.8422513067e-16                 	9.9951548707e-01                 	3.7699368347e-02                 
1.1000000000e+00	4.5372023500e-01	7.6399716795e-13                 	7.6362341054e-13                 	3.7375740258e-16                 	9.9951078693e-01                 	3.7016417083e-02                 
1.1100000000e+00	4.4963266532e-01	7.3675858058e-13                 	7.3637550579e-13                 	3.8307478781e-16                 	9.9948005385e-01                 	3.6353278943e-02                 
1.1200000000e+00	4.4561808795e-01	7.1026388741e-13                 	7.0987166043e-13                 	3.9222698232e-16                 	9.9944777288e-01                 	3.5706369239e-02                 
1.1300000000e+00	4.4167456505e-01	6.8496537964e-13                 	6.8453003118e-13                 	4.3534846153e-16                 	9.9936442268e-01                 	3.5076541042e-02                 
1.1400000000e+00	4.3780022676e-01	6.6076617609e-13                 	6.6029064951e-13                 	4.7552657577e-16                 	9.9928034062e-01                 	3.4463196662e-02                 
1.1500000000e+00	4.3399326827e-01	6.3797891343e-13                 	6.3749958008e-13                 	4.7933335037e-16                 	9.9924866898e-01                 	3.3867126432e-02                 
1.1600000000e+00	4.3025194699e-01	6.1591509271e-13                 	6.1528479220e-13                 	6.3030050546e-16                 	9.9897664384e-01                 	3.3285039110e-02                 
1.1700000000e+00	4.2657457992e-01	5.9480199217e-13                 	5.9401327877e-13                 	7.8871339926e-16                 	9.9867398998e-01                 	3.2717794531e-02                 
1.1800000000e+00	4.2295954111e-01	5.7460852530e-13                 	5.7363787794e-13                 	9.7064735964e-16                 	9.9831076756e-01                 	3.2164891563e-02                 
1.1900000000e+00	4.1940525925e-01	5.5527548310e-13                 	5.5411413862e-13                 	1.1613444786e-15                 	9.9790852556e-01                 	3.1625849972e-02                 
1.2000000000e+00	4.1591021542e-01	5.3674073139e-13                 	5.3540014081e-13                 	1.3405905808e-15                 	9.9750234983e-01                 	3.1100209513e-02                 
1.2100000000e+00	4.1247294091e-01	5.1949826221e-13                 	5.1778373108e-13                 	1.7145311344e-15                 	9.9669964029e-01                 	3.0588769752e-02                 
1.2200000000e+00	4.0909201517e-01	5.0256340421e-13                 	5.0056197837e-13                 	2.0014258475e-15                 	9.9601756548e-01                 	3.0088607961e-02                 
1.2300000000e+00	4.0576606383e-01	4.8623595853e-13                 	4.8403826568e-13                 	2.1976928503e-15                 	9.9548019267e-01                 	2.9600577247e-02                 
1.2400000000e+00	4.0249375686e-01	4.7053123739e-13                 	4.6817925393e-13                 	2.3519834623e-15                 	9.9500142971e-01                 	2.9124288293e-02                 
1.2500000000e+00	3.9927380680e-01	4.5541883090e-13                 	4.5295343879e-13                 	2.4653921109e-15                 	9.9458653893e-01                 	2.8659367121e-02                 
1.2600000000e+00	3.9610496707e-01	4.4083211417e-13                 	4.3833103524e-13                 	2.5010789254e-15                 	9.9432645934e-01                 	2.8205454415e-02                 
1.2700000000e+00	3.9298603032e-01	4.2682002953e-13                 	4.2428385541e-13                 	2.5361741223e-15                 	9.9405797773e-01                 	2.7762205425e-02                 
1.2800000000e+00	3.8991582696e-01	4.1326279421e-13                 	4.1078524203e-13                 	2.4775521807e-15                 	9.9400489902e-01                 	2.7329288183e-02                 
1.2900000000e+00	3.8689322365e-01	4.0024833358e-13                 	3.9780993677e-13                 	2.4383968171e-15                 	9.9390779021e-01                 	2.6906384329e-02                 
1.3000000000e+00	3.8391712193e-01	3.8775225274e-13                 	3.8533402900e-13                 	2.4182237323e-15                 	9.9376348244e-01                 	2.6493187285e-02                 
1.3100000000e+00	3.8098645687e-01	3.7571509276e-13                 	3.7333486687e-13                 	2.3802258896e-15                 	9.9366481162e-01                 	2.6089402019e-02                 
1.3200000000e+00	3.7810019584e-01	3.6416987494e-13                 	3.6179097156e-13                 	2.3789033811e-15                 	9.9346759975e-01                 	2.5694744955e-02                 
1.3300000000e+00	3.7525733722e-01	3.5304172432e-13                 	3.5068198564e-13                 	2.3597386804e-15                 	9.9331597792e-01                 	2.5308942781e-02                 
1.3400000000e+00	3.7245690933e-01	3.4236495081e-13                 	3.3998858958e-13                 	2.3763612227e-15                 	9.9305898219e-01                 	2.4931732703e-02                 
1.3500000000e+00	3.6969796926e-01	3.3213796769e-13                 	3.2969245353e-13                 	2.4455141552e-15                 	9.9263705329e-01                 	2.4562861504e-02                 
1.3600000000e+00	3.6697960184e-01	3.2225486758e-13                 	3.1977618459e-13                 	2.4786829943e-15                 	9.9230831480e-01                 	2.4202084928e-02                 
1.3700000000e+00	3.6430091862e-01	3.1258917928e-13                 	3.1002574497e-13                 	2.5634343047e-15                 	9.9179935047e-01                 	2.3848185664e-02                 
1.3800000000e+00	3.6166105689e-01	3.0354173902e-13                 	3.0082622231e-13                 	2.7155167110e-15                 	9.9105389354e-01                 	2.3502915461e-02                 
1.3900000000e+00	3.5905917878e-01	2.9474084801e-13                 	2.9177308436e-13                 	2.9677636523e-15                 	9.8993093875e-01                 	2.3164103938e-02                 
1.4000000000e+00	3.5649447036e-01	2.8658125288e-13                 	2.8322977847e-13                 	3.3514744098e-15                 	9.8830532571e-01                 	2.2833464957e-02                 
1.4100000000e+00	3.5396614078e-01	2.8077332366e-13                 	2.7499104233e-13                 	5.7822813305e-15                 	9.7940587355e-01                 	2.2509831166e-02                 
1.4200000000e+00	3.5147342148e-01	2.7680990473e-13                 	2.6687353256e-13                 	9.9363721655e-15                 	9.6410398618e-01                 	2.2192087353e-02                 
1.4300000000e+00	3.4901556539e-01	2.7606055884e-13                 	2.5904524850e-13                 	1.7015310339e-14                 	9.3836384882e-01                 	2.1880988983e-02                 
1.4400000000e+00	3.4659184618e-01	2.7656341154e-13                 	2.5165522186e-13                 	2.4908189682e-14                 	9.0993678613e-01                 	2.1577240671e-02                 
1.4490000000e+00	3.4443910180e-01	2.7832716536e-13                 	2.4519256807e-13                 	3.3134597293e-14                 	8.8095090449e-01                 	2.1309045094e-02                 
1.4600000000e+00	3.4184401267e-01	2.8512283323e-13                 	2.3748240649e-13                 	4.7640426739e-14                 	8.3291262156e-01                 	2.0987480166e-02                 
1.4710000000e+00	3.3928773522e-01	2.9412087368e-13                 	2.3006538446e-13                 	6.4055489216e-14                 	7.8221372589e-01                 	2.0673100186e-02                 
1.4810000000e+00	3.3699679845e-01	3.0262745065e-13                 	2.2381399527e-13                 	7.8813455375e-14                 	7.3956937744e-01                 	2.0394815456e-02                 
1.4930000000e+00	3.3428818386e-01	3.0396806841e-13                 	2.1647611812e-13                 	8.7491950288e-14                 	7.1216729854e-01                 	2.0067525112e-02                 
1.5040000000e+00	3.3184325698e-01	2.9430848701e-13                 	2.0998555894e-13                 	8.4322928072e-14                 	7.1348794957e-01                 	1.9774195611e-02                 
1.5150000000e+00	3.2943383400e-01	2.8382912936e-13                 	2.0373213961e-13                 	8.0096989755e-14                 	7.1779855741e-01                 	1.9487222236e-02                 
1.5270000000e+00	3.2684496300e-01	2.7299699302e-13                 	1.9719170757e-13                 	7.5805285448e-14                 	7.2232190322e-01                 	1.9181343759e-02                 
1.5380000000e+00	3.2450732022e-01	2.6170443483e-13                 	1.9127791945e-13                 	7.0426515389e-14                 	7.3089292341e-01                 	1.8906291131e-02                 
1.5630000000e+00	3.1931686405e-01	2.3687107206e-13                 	1.7871417586e-13                 	5.8156896200e-14                 	7.5447868879e-01                 	1.8303246496e-02                 
1.5870000000e+00	3.1448787555e-01	2.1363104981e-13                 	1.6756123239e-13                 	4.6069817416e-14                 	7.8434868219e-01                 	1.7750736870e-02                 
1.6130000000e+00	3.0941863516e-01	1.9516277378e-13                 	1.5636925398e-13                 	3.8793519803e-14                 	8.0122479789e-01                 	1.7179436202e-02                 
1.6500000000e+00	3.0248015667e-01	1.7551879135e-13                 	1.4186913670e-13                 	3.3649654650e-14                 	8.0828460366e-01                 	1.6411811969e-02                 
1.6800000000e+00	2.9707872530e-01	1.5991202268e-13                 	1.3128696396e-13                 	2.8625058720e-14                 	8.2099495560e-01                 	1.5826243196e-02                 
1.7000000000e+00	2.9358368147e-01	1.5059658382e-13                 	1.2467908278e-13                 	2.5917501033e-14                 	8.2790113576e-01                 	1.5452327709e-02                 
1.7300000000e+00	2.8849263497e-01	1.3794243159e-13                 	1.1553862900e-13                 	2.2403802593e-14                 	8.3758585132e-01                 	1.4915923144e-02                 
1.7600000000e+00	2.8357514688e-01	1.2750001762e-13                 	1.0719281752e-13                 	2.0307200099e-14                 	8.4072786437e-01                 	1.4406744242e-02                 
1.8000000000e+00	2.7727347695e-01	1.1546029858e-13                 	9.7057181899e-14                 	1.8403116682e-14                 	8.4061086877e-01                 	1.3766119081e-02                 
1.8300000000e+00	2.7272801011e-01	1.0685860634e-13                 	9.0157212708e-14                 	1.6701393629e-14                 	8.4370567611e-01                 	1.3312595237e-02                 
1.8400000000e+00	2.7124579267e-01	1.0464291862e-13                 	8.7929733436e-14                 	1.6713185185e-14                 	8.4028364838e-01                 	1.3165784477e-02                 
1.8500000000e+00	2.6977959919e-01	1.0281441266e-13                 	8.5823931980e-14                 	1.6990480683e-14                 	8.3474611931e-01                 	1.3021906150e-02                 
1.8550000000e+00	2.6905243046e-01	1.0221898211e-13                 	8.4793570235e-14                 	1.7425411874e-14                 	8.2952861088e-01                 	1.2950840405e-02                 
1.8600000000e+00	2.6832917124e-01	1.0179557597e-13                 	8.3722022300e-14                 	1.8073553672e-14                 	8.2245246417e-01                 	1.2879805253e-02                 
1.8700000000e+00	2.6689425589e-01	1.0216892496e-13                 	8.1680410841e-14                 	2.0488514116e-14                 	7.9946432710e-01                 	1.2739987669e-02                 
1.8900000000e+00	2.6406997805e-01	1.0969693737e-13                 	7.7822331437e-14                 	3.1874605933e-14                 	7.0943030227e-01                 	1.2467537962e-02                 
1.9050000000e+00	2.6199068688e-01	1.2530671275e-13                 	7.5006592324e-14                 	5.0300120424e-14                 	5.9858399186e-01                 	1.2268185776e-02                 
1.9230000000e+00	2.5953835596e-01	1.5802512881e-13                 	7.1812723180e-14                 	8.6212405630e-14                 	4.5443863087e-01                 	1.2035435448e-02                 
1.9420000000e+00	2.5699910325e-01	2.0262827503e-13                 	6.8636632206e-14                 	1.3399164283e-13                 	3.3873175990e-01                 	1.1797025271e-02                 
1.9610000000e+00	2.5450905584e-01	2.3844242694e-13                 	6.5758554998e-14                 	1.7268387194e-13                 	2.7578378497e-01                 	1.1566996262e-02                 
1.9800000000e+00	2.5206679722e-01	2.5444303561e-13                 	6.3023850472e-14                 	1.9141918514e-13                 	2.4769336021e-01                 	1.1343556822e-02                 
2.0000000000e+00	2.4954612925e-01	2.5285299935e-13                 	6.0303826437e-14                 	1.9254917292e-13                 	2.3849361720e-01                 	1.1115354313e-02                 
2.0200000000e+00	2.4707537550e-01	2.3969951615e-13                 	5.7644442410e-14                 	1.8205507374e-13                 	2.4048626937e-01                 	1.0892981771e-02                 
2.0410000000e+00	2.4453319868e-01	2.2278328615e-13                 	5.5015238222e-14                 	1.6776804793e-13                 	2.4694508809e-01                 	1.0666693436e-02                 
2.0620000000e+00	2.4204280238e-01	1.9678887175e-13                 	5.2454722926e-14                 	1.4433414882e-13                 	2.6655329878e-01                 	1.0446417539e-02                 
2.0830000000e+00	2.3960262050e-01	1.6539210229e-13                 	4.9998010935e-14                 	1.1539409136e-13                 	3.0229986947e-01                 	1.0232366272e-02                 
2.1050000000e+00	2.3709846010e-01	1.3222507725e-13                 	4.7517805255e-14                 	8.4707272000e-14                 	3.5937059930e-01                 	1.0014370653e-02                 
2.1300000000e+00	2.3431561432e-01	1.0282241560e-13                 	4.4799696242e-14                 	5.8022719354e-14                 	4.3569970596e-01                 	9.7739397409e-03                 
2.1500000000e+00	2.3213593419e-01	8.6789641484e-14                 	4.2739980295e-14                 	4.4049661189e-14                 	4.9245485480e-01                 	9.5874948257e-03                 
2.1700000000e+00	2.2999643249e-01	7.5854708488e-14                 	4.0757873631e-14                 	3.5096834857e-14                 	5.3731501239e-01                 	9.4058313674e-03                 
2.1900000000e+00	2.2789600845e-01	6.7994837344e-14                 	3.8878309442e-14                 	2.9116527901e-14                 	5.7178325533e-01                 	9.2291724257e-03                 
2.2200000000e+00	2.2481633266e-01	5.9861846759e-14                 	3.6199174330e-14                 	2.3662672429e-14                 	6.0471195410e-01                 	8.9726044537e-03                 
2.2400000000e+00	2.2280904398e-01	5.5934135877e-14                 	3.4477186726e-14                 	2.1456949150e-14                 	6.1638901157e-01                 	8.8065762388e-03                 
2.2450000000e+00	2.2231281002e-01	5.5370133758e-14                 	3.4073187599e-14                 	2.1296946159e-14                 	6.1537123512e-01                 	8.7659553231e-03                 
2.2500000000e+00	2.2181878156e-01	5.4998565008e-14                 	3.3649948106e-14                 	2.1348616901e-14                 	6.1183320149e-01                 	8.7252397233e-03                 
2.2600000000e+00	2.2083728252e-01	5.4555774377e-14                 	3.2844334912e-14                 	2.1711439465e-14                 	6.0203223741e-01                 	8.6449950827e-03                 
2.2700000000e+00	2.1986443106e-01	5.4651467168e-14                 	3.2059715606e-14                 	2.2591751562e-14                 	5.8662131626e-01                 	8.5658230489e-03                 
2.2900000000e+00	2.1794421769e-01	5.6730047582e-14                 	3.0528484444e-14                 	2.6201563138e-14                 	5.3813606273e-01                 	8.4102671491e-03                 
2.3100000000e+00	2.1605725476e-01	6.1197865270e-14                 	2.9054305369e-14                 	3.2143559901e-14                 	4.7476011199e-01                 	8.2584457217e-03                 
2.3300000000e+00	2.1420268605e-01	6.6851714029e-14                 	2.7635299091e-14                 	3.9216414937e-14                 	4.1338205748e-01                 	8.1102374113e-03                 
2.3500000000e+00	2.1237968447e-01	7.2586180382e-14                 	2.6269651692e-14                 	4.6316528690e-14                 	3.6190982297e-01                 	7.9655260239e-03                 
2.3700000000e+00	2.1058745085e-01	7.6898447006e-14                 	2.4955611104e-14                 	5.1942835901e-14                 	3.2452685426e-01                 	7.8242001127e-03                 
2.3900000000e+00	2.0882521276e-01	7.9412961955e-14                 	2.3691489330e-14                 	5.5721472624e-14                 	2.9833277524e-01                 	7.6861531983e-03                 
2.4100000000e+00	2.0709222345e-01	8.1250185394e-14                 	2.2458071020e-14                 	5.8792114373e-14                 	2.7640639725e-01                 	7.5509666645e-03                 
2.4300000000e+00	2.0538776070e-01	8.2626687956e-14                 	2.1272833276e-14                 	6.1353854680e-14                 	2.5745717034e-01                 	7.4188712815e-03                 
2.4600000000e+00	2.0288303191e-01	8.5722917522e-14                 	1.9540347798e-14                 	6.6182569724e-14                 	2.2794776896e-01                 	7.2255255506e-03                 
2.5000000000e+00	1.9963690340e-01	8.9483280394e-14                 	1.7342020541e-14                 	7.2141259853e-14                 	1.9380179699e-01                 	6.9767503082e-03                 
2.5200000000e+00	1.9805248353e-01	8.9451026398e-14                 	1.6270746879e-14                 	7.3180279519e-14                 	1.8189558615e-01                 	6.8556459928e-03                 
2.5500000000e+00	1.9572245432e-01	8.6888882865e-14                 	1.4699873869e-14                 	7.2189008996e-14                 	1.6918014577e-01                 	6.6778555274e-03                 
2.5650000000e+00	1.9457787856e-01	8.4188767086e-14                 	1.3935257087e-14                 	7.0253509999e-14                 	1.6552394779e-01                 	6.5907165065e-03                 
2.5800000000e+00	1.9344661182e-01	8.2377785066e-14                 	1.3157615345e-14                 	6.9220169720e-14                 	1.5972285896e-01                 	6.5040966216e-03                 
2.5900000000e+00	1.9269971371e-01	8.2115264215e-14                 	1.2651990009e-14                 	6.9463274206e-14                 	1.5407598246e-01                 	6.4470580065e-03                 
2.6000000000e+00	1.9195856096e-01	8.2421118077e-14                 	1.2139970122e-14                 	7.0281147955e-14                 	1.4729198542e-01                 	6.3901913288e-03                 
2.6200000000e+00	1.9049322844e-01	8.5863671571e-14                 	1.1123495753e-14                 	7.4740175818e-14                 	1.2954833575e-01                 	6.2775111858e-03                 
2.6750000000e+00	1.8657654524e-01	1.3374229811e-13                 	8.2897128909e-15                 	1.2545258522e-13                 	6.1982731029e-02                 	5.9713679928e-03                 
2.7250000000e+00	1.8315312239e-01	3.2575910835e-13                 	5.6113657920e-15                 	3.2014774255e-13                 	1.7225506972e-02                 	5.6922609841e-03                 
2.7780000000e+00	1.7965884035e-01	1.2310128036e-12                 	2.7714495823e-15                 	1.2282413540e-12                 	2.2513572354e-03                 	5.3863389264e-03                 
2.8170000000e+00	1.7717155077e-01	2.9727277550e-12                 	1.2014346555e-15                 	2.9715263204e-12                 	4.0415226502e-04                 	5.1528381452e-03                 
2.8330000000e+00	1.7617093488e-01	4.1962698231e-12                 	9.1309507168e-16                 	4.1953567281e-12                 	2.1759684438e-04                 	5.0551352970e-03                 
2.8490000000e+00	1.7518155792e-01	5.7827247967e-12                 	9.7984466185e-16                 	5.7817449520e-12                 	1.6944341920e-04                 	4.9569859361e-03                 
2.8650000000e+00	1.7420323159e-01	7.8823970487e-12                 	1.5665779800e-15                 	7.8808304707e-12                 	1.9874385550e-04                 	4.8570369221e-03                 
2.8820000000e+00	1.7317566222e-01	1.1080113755e-11                 	3.1739809969e-15                 	1.1076939774e-11                 	2.8645743782e-04                 	4.7498858165e-03                 
2.8990000000e+00	1.7216014436e-01	1.5668089499e-11                 	6.3799400549e-15                 	1.5661709559e-11                 	4.0719323535e-04                 	4.6499732246e-03                 
2.9150000000e+00	1.7121518302e-01	2.0492765501e-11                 	1.0556998802e-14                 	2.0482208503e-11                 	5.1515735155e-04                 	4.5742690255e-03                 
2.9330000000e+00	1.7016442499e-01	2.5500876654e-11                 	1.5743777208e-14                 	2.5485132877e-11                 	6.1738180305e-04                 	4.5121263505e-03                 
2.9500000000e+00	1.6918381644e-01	2.8612563323e-11                 	1.9485074622e-14                 	2.8593078248e-11                 	6.8099716905e-04                 	4.4693327278e-03                 
2.9670000000e+00	1.6821444506e-01	3.1612281033e-11                 	2.3619252286e-14                 	3.1588661781e-11                 	7.4715431834e-04                 	4.4191477566e-03                 
2.9850000000e+00	1.6720008660e-01	3.5116181962e-11                 	2.9067880806e-14                 	3.5087114081e-11                 	8.2776313316e-04                 	4.3602489718e-03                 
3.0030000000e+00	1.6619788828e-01	3.9307818849e-11                 	3.6613176875e-14                 	3.9271205673e-11                 	9.3144768515e-04                 	4.3006977574e-03                 
3.0210000000e+00	1.6520763274e-01	4.3556484063e-11                 	4.5945408173e-14                 	4.3510538655e-11                 	1.0548465782e-03                 	4.2534508145e-03                 
3.0400000000e+00	1.6417508503e-01	4.7441892770e-11                 	5.7549256712e-14                 	4.7384343513e-11                 	1.2130472321e-03                 	4.2297179160e-03                 
3.0580000000e+00	1.6320871763e-01	4.9441938333e-11                 	7.0033037629e-14                 	4.9371905295e-11                 	1.4164703082e-03                 	4.2667347831e-03                 
3.0770000000e+00	1.6220092899e-01	4.6124138385e-11                 	7.4607650894e-14                 	4.6049530734e-11                 	1.6175402621e-03                 	4.4258629839e-03                 
3.0960000000e+00	1.6120550985e-01	4.0224234138e-11                 	7.2183505981e-14                 	4.0152050632e-11                 	1.7945277897e-03                 	4.6309419388e-03                 
3.1150000000e+00	1.6022223387e-01	3.4450501144e-11                 	6.6980340583e-14                 	3.4383520803e-11                 	1.9442486570e-03                 	4.7970200046e-03                 
3.1350000000e+00	1.5920008246e-01	2.9944850763e-11                 	6.3412912123e-14                 	2.9881437850e-11                 	2.1176566424e-03                 	4.9133864458e-03                 
3.1550000000e+00	1.5819089018e-01	2.5607461087e-11                 	6.0306881550e-14                 	2.5547154206e-11                 	2.3550511839e-03                 	5.0180910362e-03                 
3.1750000000e+00	1.5719441213e-01	2.1073209429e-11                 	5.6264199507e-14                 	2.1016945229e-11                 	2.6699397496e-03                 	5.0953450196e-03                 
3.1950000000e+00	1.5621040955e-01	1.6760510107e-11                 	5.1127274438e-14                 	1.6709382832e-11                 	3.0504605237e-03                 	5.1101560857e-03                 
3.2150000000e+00	1.5523864961e-01	1.3320452614e-11                 	4.5792018728e-14                 	1.3274660596e-11                 	3.4377224298e-03                 	5.0576071628e-03                 
3.2360000000e+00	1.5423122945e-01	1.0877572872e-11                 	4.1208712607e-14                 	1.0836364159e-11                 	3.7884106218e-03                 	4.9701289084e-03                 
3.2570000000e+00	1.5323680028e-01	8.9514400685e-12                 	3.7668526400e-14                 	8.9137715421e-12                 	4.2080968103e-03                 	4.8829588605e-03                 
3.2790000000e+00	1.5220867902e-01	6.9223379742e-12                 	3.3863862999e-14                 	6.8884741112e-12                 	4.8919690321e-03                 	4.7786626766e-03                 
3.3000000000e+00	1.5124007833e-01	5.9418660076e-12                 	3.0977910663e-14                 	5.9108880969e-12                 	5.2134986928e-03                 	4.6778237885e-03                 
3.3220000000e+00	1.5023848841e-01	4.8497628659e-12                 	2.8536513871e-14                 	4.8212263520e-12                 	5.8841049882e-03                 	4.5845852918e-03                 
3.3450000000e+00	1.4920545845e-01	3.8983150785e-12                 	2.6220272487e-14                 	3.8720948060e-12                 	6.7260526557e-03                 	4.4884992454e-03                 
3.3670000000e+00	1.4823054901e-01	3.1179591907e-12                 	2.4196112510e-14                 	3.0937630782e-12                 	7.7602402821e-03                 	4.3986178741e-03                 
3.3900000000e+00	1.4722485502e-01	2.5294512373e-12                 	2.2307918942e-14                 	2.5071433184e-12                 	8.8192721856e-03                 	4.3080226663e-03                 
3.4130000000e+00	1.4623271565e-01	2.0877316529e-12                 	2.0683533387e-14                 	2.0670481195e-12                 	9.9071800528e-03                 	4.2231373096e-03                 
3.4360000000e+00	1.4525385870e-01	1.7164012568e-12                 	1.9263873833e-14                 	1.6971373830e-12                 	1.1223409302e-02                 	4.1432047523e-03                 
3.4600000000e+00	1.4424631749e-01	1.3993650518e-12                 	1.7940636300e-14                 	1.3814244155e-12                 	1.2820554777e-02                 	4.0637564676e-03                 
3.4840000000e+00	1.4325265744e-01	1.1479804429e-12                 	1.6765614710e-14                 	1.1312148282e-12                 	1.4604442797e-02                 	3.9882790134e-03                 
3.5090000000e+00	1.4223204859e-01	9.4951509004e-13                 	1.5663674397e-14                 	9.3385141565e-13                 	1.6496498646e-02                 	3.9130993438e-03                 
3.5340000000e+00	1.4122587960e-01	7.9477979085e-13                 	1.4687995576e-14                 	7.8009179528e-13                 	1.8480585119e-02                 	3.8417241620e-03                 
3.5590000000e+00	1.4023384617e-01	6.7766709630e-13                 	1.3810102467e-14                 	6.6385699383e-13                 	2.0378888900e-02                 	3.7734579553e-03                 
3.6240000000e+00	1.3771861438e-01	4.8768383410e-13                 	1.1907933904e-14                 	4.7577590019e-13                 	2.4417323420e-02                 	3.6089950317e-03                 
3.7320000000e+00	1.3373318824e-01	3.9359762369e-13                 	9.6038677674e-15                 	3.8399375592e-13                 	2.4400217861e-02                 	3.3688455029e-03                 
3.7750000000e+00	1.3220986980e-01	4.0712973364e-13                 	8.8681735898e-15                 	3.9826156005e-13                 	2.1782181101e-02                 	3.2814990007e-03                 
3.8470000000e+00	1.2973544541e-01	4.7356143437e-13                 	7.8461831893e-15                 	4.6571525118e-13                 	1.6568458958e-02                 	3.1455654405e-03                 
3.9690000000e+00	1.2574760859e-01	6.1999578305e-13                 	6.5129608095e-15                 	6.1348282224e-13                 	1.0504846948e-02                 	2.9383229561e-03                 
4.0990000000e+00	1.2175951659e-01	7.9598973980e-13                 	5.4565321272e-15                 	7.9053320767e-13                 	6.8550282175e-03                 	2.7429519564e-03                 
4.2390000000e+00	1.1773820677e-01	9.7946630308e-13                 	4.5848718229e-15                 	9.7488143126e-13                 	4.6809898498e-03                 	2.5557161245e-03                 
4.3480000000e+00	1.1478662799e-01	1.2344079697e-12                 	4.0620049710e-15                 	1.2303459647e-12                 	3.2906503124e-03                 	2.4246877357e-03                 
4.3870000000e+00	1.1376618612e-01	1.3475554904e-12                 	3.9134338728e-15                 	1.3436420565e-12                 	2.9040984959e-03                 	2.3812045838e-03                 
4.4440000000e+00	1.1230698886e-01	1.4956969350e-12                 	3.7444116726e-15                 	1.4919525233e-12                 	2.5034561382e-03                 	2.3216109366e-03                 
4.5050000000e+00	1.1078629490e-01	1.5649169940e-12                 	3.6093530013e-15                 	1.5613076410e-12                 	2.3064181775e-03                 	2.2624013359e-03                 
4.5470000000e+00	1.0976297746e-01	1.5041159924e-12                 	3.5289142277e-15                 	1.5005870782e-12                 	2.3461716021e-03                 	2.2237460524e-03                 
4.5600000000e+00	1.0945005669e-01	1.4587190244e-12                 	3.5035994295e-15                 	1.4552154250e-12                 	2.4018329582e-03                 	2.2120094248e-03                 
4.5800000000e+00	1.0897210884e-01	1.3916900141e-12                 	3.4566899843e-15                 	1.3882333241e-12                 	2.4838074207e-03                 	2.1936628305e-03                 
4.7190000000e+00	1.0576229254e-01	9.1066957891e-13                 	3.0225156489e-15                 	9.0764706326e-13                 	3.3190036418e-03                 	2.0646215717e-03                 
4.9040000000e+00	1.0177248338e-01	6.1233273757e-13                 	2.4660173254e-15                 	6.0986672025e-13                 	4.0272505030e-03                 	1.9041195188e-03                 
5.0000000000e+00	9.9818451701e-02	5.5471741477e-13                 	2.2157992414e-15                 	5.5250161553e-13                 	3.9944648976e-03                 	1.8273143339e-03                 
5.1000000000e+00	9.7861227158e-02	5.3681286073e-13                 	1.9836807847e-15                 	5.3482917994e-13                 	3.6952929592e-03                 	1.7519147386e-03                 
5.2000000000e+00	9.5979280482e-02	5.6353190605e-13                 	1.7789659134e-15                 	5.6175294013e-13                 	3.1568148925e-03                 	1.6809931464e-03                 
5.2630000000e+00	9.4830374027e-02	5.9125708546e-13                 	1.6611868994e-15                 	5.8959589856e-13                 	2.8095847648e-03                 	1.6383680361e-03                 
5.4000000000e+00	9.2424492316e-02	7.0554777556e-13                 	1.4354926141e-15                 	7.0411228294e-13                 	2.0345788958e-03                 	1.5510420731e-03                 
5.5560000000e+00	8.9829420177e-02	9.1367914278e-13                 	1.2188841267e-15                 	9.1246025865e-13                 	1.3340395656e-03                 	1.4594946784e-03                 
5.7140000000e+00	8.7345512514e-02	1.3016917723e-12                 	1.0441006917e-15                 	1.3006476716e-12                 	8.0211054103e-04                 	1.3749020896e-03                 
5.7470000000e+00	8.6843963547e-02	1.4079720666e-12                 	1.0125248371e-15                 	1.4069595418e-12                 	7.1913702063e-04                 	1.3581525075e-03                 
5.7800000000e+00	8.6348141610e-02	1.5369236989e-12                 	9.8582626837e-16                 	1.5359378726e-12                 	6.4142824336e-04                 	1.3419744284e-03                 
5.8140000000e+00	8.5843181717e-02	1.6805011818e-12                 	9.6418516623e-16                 	1.6795369966e-12                 	5.7374857969e-04                 	1.3260121432e-03                 
5.8480000000e+00	8.5344093452e-02	1.8163296789e-12                 	9.4685160945e-16                 	1.8153828273e-12                 	5.2129942073e-04                 	1.3106708606e-03                 
5.8820000000e+00	8.4850774992e-02	1.9607257868e-12                 	9.3571065145e-16                 	1.9597900761e-12                 	4.7722667686e-04                 	1.2960935386e-03                 
6.0610000000e+00	8.2344870237e-02	2.4128911758e-12                 	8.9697358296e-16                 	2.4119942022e-12                 	3.7174224513e-04                 	1.2257003524e-03                 
6.1350000000e+00	8.1351631378e-02	2.4179458621e-12                 	8.8994836880e-16                 	2.4170559137e-12                 	3.6805967526e-04                 	1.1998937607e-03                 
6.2500000000e+00	7.9854761361e-02	2.2907128179e-12                 	8.5662482333e-16                 	2.2898561931e-12                 	3.7395557253e-04                 	1.1597693059e-03                 
6.2890000000e+00	7.9359557721e-02	2.2402645149e-12                 	8.4156059588e-16                 	2.2394229543e-12                 	3.7565233493e-04                 	1.1462267161e-03                 
6.3290000000e+00	7.8857996288e-02	2.1907224100e-12                 	8.2454148007e-16                 	2.1898978685e-12                 	3.7637880377e-04                 	1.1323693909e-03                 
6.3690000000e+00	7.8362734889e-02	2.1512967703e-12                 	8.0736172935e-16                 	2.1504894086e-12                 	3.7529072720e-04                 	1.1186619235e-03                 
6.4100000000e+00	7.7861506787e-02	2.1119850131e-12                 	7.8929569414e-16                 	2.1111957174e-12                 	3.7372220410e-04                 	1.1047643460e-03                 
6.4520000000e+00	7.7354658789e-02	2.0739177466e-12                 	7.7131370155e-16                 	2.0731464329e-12                 	3.7191142359e-04                 	1.0907896641e-03                 
6.4940000000e+00	7.6854366878e-02	2.0371887377e-12                 	7.5347693691e-16                 	2.0364352608e-12                 	3.6986113411e-04                 	1.0770342706e-03                 
6.5790000000e+00	7.5861416401e-02	1.9692800315e-12                 	7.1708778901e-16                 	1.9685629437e-12                 	3.6413703360e-04                 	1.0497471740e-03                 
6.6670000000e+00	7.4860095771e-02	1.9156409840e-12                 	6.8124479453e-16                 	1.9149597392e-12                 	3.5562237404e-04                 	1.0224713599e-03                 
6.7570000000e+00	7.3862995191e-02	1.8821465443e-12                 	6.4907627502e-16                 	1.8814974680e-12                 	3.4485958439e-04                 	9.9587089537e-04                 
6.8970000000e+00	7.2363673844e-02	1.7604785464e-12                 	6.0062696975e-16                 	1.7598779194e-12                 	3.4117255845e-04                 	9.5646901315e-04                 
7.0420000000e+00	7.0873652159e-02	1.6390509669e-12                 	5.5179725131e-16                 	1.6384991697e-12                 	3.3665655459e-04                 	9.1762693158e-04                 
7.1430000000e+00	6.9871518760e-02	1.5473935826e-12                 	5.1786882880e-16                 	1.5468757138e-12                 	3.3467169220e-04                 	8.9158534531e-04                 
7.2460000000e+00	6.8878313346e-02	1.4951068883e-12                 	4.8671516993e-16                 	1.4946201732e-12                 	3.2553871146e-04                 	8.6616834792e-04                 
7.3530000000e+00	6.7876004149e-02	1.4012124196e-12                 	4.5522470007e-16                 	1.4007571949e-12                 	3.2487915016e-04                 	8.4077131373e-04                 
7.4630000000e+00	6.6875553866e-02	1.3340181283e-12                 	4.2410466517e-16                 	1.3335940236e-12                 	3.1791521882e-04                 	8.1554012082e-04                 
7.5760000000e+00	6.5878070024e-02	1.2710499476e-12                 	3.9506842950e-16                 	1.2706548792e-12                 	3.1082053874e-04                 	7.9081685296e-04                 
7.6920000000e+00	6.4884588989e-02	1.1810649433e-12                 	3.6579482951e-16                 	1.1806991485e-12                 	3.0971610121e-04                 	7.6632431829e-04                 
7.8120000000e+00	6.3887897914e-02	1.1279882716e-12                 	3.3665956835e-16                 	1.1276516120e-12                 	2.9846016739e-04                 	7.4182256258e-04                 
7.9370000000e+00	6.2881725905e-02	1.0866234629e-12                 	3.0901061241e-16                 	1.0863144523e-12                 	2.8437690052e-04                 	7.1747152964e-04                 
8.0650000000e+00	6.1883727031e-02	1.0554266738e-12                 	2.8314753674e-16                 	1.0551435263e-12                 	2.6827779112e-04                 	6.9368425743e-04                 
8.1970000000e+00	6.0887185373e-02	1.0310553140e-12                 	2.5901044600e-16                 	1.0307963036e-12                 	2.5120906946e-04                 	6.7033869423e-04                 
8.3330000000e+00	5.9893466759e-02	1.0103896811e-12                 	2.3622805873e-16                 	1.0101534530e-12                 	2.3379896208e-04                 	6.4740764143e-04                 
8.4750000000e+00	5.8889942007e-02	9.9016735620e-13                 	2.1444729567e-16                 	9.8995290890e-13                 	2.1657681838e-04                 	6.2460053548e-04                 
8.6960000000e+00	5.7393313996e-02	9.6383921276e-13                 	1.8367197525e-16                 	9.6365554078e-13                 	1.9056287897e-04                 	5.9112244143e-04                 
8.9290000000e+00	5.5895649961e-02	9.4705292790e-13                 	1.5480583037e-16                 	9.4689812207e-13                 	1.6346059001e-04                 	5.5822194381e-04                 
9.0910000000e+00	5.4899599440e-02	9.4543502551e-13                 	1.3653612307e-16                 	9.4529848939e-13                 	1.4441618872e-04                 	5.3662380942e-04                 
9.2590000000e+00	5.3903473216e-02	9.5447450411e-13                 	1.1892722006e-16                 	9.5435557689e-13                 	1.2459968239e-04                 	5.1521060625e-04                 
9.5240000000e+00	5.2403639070e-02	9.9622566586e-13                 	9.3717728204e-17                 	9.9613194813e-13                 	9.4072790349e-05                 	4.8327433647e-04                 
9.8040000000e+00	5.0907003112e-02	1.0844662002e-12                 	6.9545195967e-17                 	1.0843966550e-12                 	6.4128504839e-05                 	4.5145305909e-04                 
1.0000000000e+01	4.9909225851e-02	1.2118078377e-12                 	5.3329361289e-17                 	1.2117545083e-12                 	4.4008100649e-05                 	4.2977982258e-04                 
1.0200000000e+01	4.8930613579e-02	1.5553058379e-12                 	3.9956746979e-17                 	1.5552658811e-12                 	2.5690604385e-05                 	4.0838104897e-04                 
1.0310000000e+01	4.8408560476e-02	1.8012511355e-12                 	3.4266374684e-17                 	1.8012168691e-12                 	1.9023651954e-05                 	3.9700270364e-04                 
1.0420000000e+01	4.7897529607e-02	2.1106654384e-12                 	2.9709944485e-17                 	2.1106357285e-12                 	1.4076103178e-05                 	3.8568473234e-04                 
1.0530000000e+01	4.7397175547e-02	2.5882757420e-12                 	2.7991698753e-17                 	2.5882477503e-12                 	1.0814805509e-05                 	3.7452123289e-04                 
1.0640000000e+01	4.6907167153e-02	3.2061060448e-12                 	3.0214566837e-17                 	3.2060758303e-12                 	9.4240697015e-06                 	3.6391880765e-04                 
1.0750000000e+01	4.6427186838e-02	4.0040771679e-12                 	3.8164715864e-17                 	4.0040390032e-12                 	9.5314636216e-06                 	3.5425147246e-04                 
1.0870000000e+01	4.5914651196e-02	4.8261504707e-12                 	4.9927030481e-17                 	4.8261005437e-12                 	1.0345104402e-05                 	3.4499090093e-04                 
1.1000000000e+01	4.5372023500e-02	5.8008115771e-12                 	6.8356886666e-17                 	5.8007432202e-12                 	1.1784021211e-05                 	3.3610963065e-04                 
1.1110000000e+01	4.4922795545e-02	6.4560232488e-12                 	8.4150703612e-17                 	6.4559390981e-12                 	1.3034448664e-05                 	3.3005709416e-04                 
1.1360000000e+01	4.3934177685e-02	7.5524537974e-12                 	1.1767883787e-16                 	7.5523361186e-12                 	1.5581536945e-05                 	3.1843890454e-04                 
1.1630000000e+01	4.2914209674e-02	7.9529358885e-12                 	1.3989342607e-16                 	7.9527959950e-12                 	1.7590161424e-05                 	3.0908936833e-04                 
1.1900000000e+01	4.1940525925e-02	8.0924775825e-12                 	1.5741741667e-16                 	8.0923201651e-12                 	1.9452314209e-05                 	3.0113300866e-04                 
1.2200000000e+01	4.0909201517e-02	7.7826702699e-12                 	1.6540010017e-16                 	7.7825048698e-12                 	2.1252358693e-05                 	2.9446455671e-04                 
1.2500000000e+01	3.9927380680e-02	7.2510675074e-12                 	1.6668498971e-16                 	7.2509008225e-12                 	2.2987648306e-05                 	2.8892347673e-04                 
1.2820000000e+01	3.8930753394e-02	6.4567510839e-12                 	1.5919549547e-16                 	6.4565918884e-12                 	2.4655665583e-05                 	2.8345686074e-04                 
1.2990000000e+01	3.8421267013e-02	6.0253310341e-12                 	1.5372908570e-16                 	6.0251773051e-12                 	2.5513799130e-05                 	2.8034241429e-04                 
1.3160000000e+01	3.7924943655e-02	5.6124542523e-12                 	1.4805672030e-16                 	5.6123061956e-12                 	2.6380031559e-05                 	2.7703298559e-04                 
1.3330000000e+01	3.7441279708e-02	5.1646871711e-12                 	1.4067980550e-16                 	5.1645464913e-12                 	2.7238785398e-05                 	2.7346430024e-04                 
1.3510000000e+01	3.6942432162e-02	4.7620572776e-12                 	1.3316957826e-16                 	4.7619241081e-12                 	2.7964715772e-05                 	2.6907713620e-04                 
1.3700000000e+01	3.6430091862e-02	4.3638928096e-12                 	1.2572397946e-16                 	4.3637670856e-12                 	2.8810052158e-05                 	2.6432935323e-04                 
1.3890000000e+01	3.5931768071e-02	3.9764286733e-12                 	1.1848897485e-16                 	3.9763101844e-12                 	2.9797837352e-05                 	2.5949519693e-04                 
1.4080000000e+01	3.5446893360e-02	3.5885463374e-12                 	1.1099507058e-16                 	3.5884353423e-12                 	3.0930371283e-05                 	2.5443522097e-04                 
1.4290000000e+01	3.4925980301e-02	3.1931690207e-12                 	1.0282334922e-16                 	3.1930661973e-12                 	3.2201035573e-05                 	2.4847921205e-04                 
1.4710000000e+01	3.3928773522e-02	2.5019819877e-12                 	8.6166049582e-17                 	2.5018958216e-12                 	3.4439116671e-05                 	2.3522063259e-04                 
1.5150000000e+01	3.2943383400e-02	2.0329446887e-12                 	7.1585773443e-17                 	2.0328731029e-12                 	3.5212848555e-05                 	2.2088229546e-04                 
1.5380000000e+01	3.2450732022e-02	1.8675085538e-12                 	6.5245347646e-17                 	1.8674433084e-12                 	3.4937107792e-05                 	2.1365592123e-04                 
1.5630000000e+01	3.1931686405e-02	1.7272462040e-12                 	5.9315066353e-17                 	1.7271868889e-12                 	3.4340828897e-05                 	2.0620108393e-04                 
1.6130000000e+01	3.0941863516e-02	1.5236961803e-12                 	4.9793986397e-17                 	1.5236463863e-12                 	3.2679734346e-05                 	1.9254938616e-04                 
1.6390000000e+01	3.0451022484e-02	1.4700855778e-12                 	4.5895865336e-17                 	1.4700396820e-12                 	3.1219859598e-05                 	1.8605581733e-04                 
1.6670000000e+01	2.9939547601e-02	1.4231298468e-12                 	4.2713603572e-17                 	1.4230871332e-12                 	3.0013848467e-05                 	1.7980505440e-04                 
1.6950000000e+01	2.9444971003e-02	1.3188257212e-12                 	3.9868257624e-17                 	1.3187858529e-12                 	3.0230118342e-05                 	1.7406672262e-04                 
1.7240000000e+01	2.8949666967e-02	1.1963822942e-12                 	3.6957022506e-17                 	1.1963453371e-12                 	3.0890646482e-05                 	1.6829616469e-04                 
1.8180000000e+01	2.7452819500e-02	8.4806089335e-13                 	2.7887705457e-17                 	8.4803300564e-13                 	3.2884083767e-05                 	1.5030906492e-04                 
1.8320000000e+01	2.7243027211e-02	8.2811092161e-13                 	2.6702941027e-17                 	8.2808421867e-13                 	3.2245609048e-05                 	1.4776451711e-04                 
1.8610000000e+01	2.6818498576e-02	7.8756255561e-13                 	2.4542615080e-17                 	7.8753801299e-13                 	3.1162750064e-05                 	1.4278950330e-04                 
1.8870000000e+01	2.6448980313e-02	7.5356568966e-13                 	2.2721714607e-17                 	7.5354296795e-13                 	3.0152267969e-05                 	1.3848708150e-04                 
1.9230000000e+01	2.5953835596e-02	7.8301537260e-13                 	2.0818319508e-17                 	7.8299455428e-13                 	2.6587370104e-05                 	1.3306310280e-04                 
1.9610000000e+01	2.5450905584e-02	7.5637840659e-13                 	1.9393581156e-17                 	7.5635901300e-13                 	2.5640051311e-05                 	1.2810647118e-04                 
2.0000000000e+01	2.4954612925e-02	6.6140017384e-13                 	1.7978434530e-17                 	6.6138219541e-13                 	2.7182385552e-05                 	1.2331993028e-04                 
2.0410000000e+01	2.4453319868e-02	5.3323890453e-13                 	1.6312252283e-17                 	5.3322259228e-13                 	3.0590889269e-05                 	1.1827733001e-04                 
2.0830000000e+01	2.3960262050e-02	4.3000911759e-13                 	1.4573751235e-17                 	4.2999454384e-13                 	3.3891726102e-05                 	1.1314995321e-04                 
2.2220000000e+01	2.2461397773e-02	2.6560021856e-13                 	1.0040135870e-17                 	2.6559017843e-13                 	3.7801685272e-05                 	9.8046063958e-05                 
2.2600000000e+01	2.2083728252e-02	2.4922865926e-13                 	9.0659372816e-18                 	2.4921959332e-13                 	3.6375982234e-05                 	9.4382060818e-05                 
2.3050000000e+01	2.1652592560e-02	2.4158357150e-13                 	8.0698322872e-18                 	2.4157550167e-13                 	3.3403895129e-05                 	9.0325566124e-05                 
2.3600000000e+01	2.1147977055e-02	2.4042434060e-13                 	7.0333989249e-18                 	2.4041730720e-13                 	2.9254105084e-05                 	8.5730245936e-05                 
2.4600000000e+01	2.0288303191e-02	2.4730081316e-13                 	5.5304269423e-18                 	2.4729528273e-13                 	2.2363157127e-05                 	7.8242530887e-05                 
2.5000000000e+01	1.9963690340e-02	2.5388616527e-13                 	5.0284737395e-18                 	2.5388113679e-13                 	1.9806017134e-05                 	7.5505572178e-05                 
2.6000000000e+01	1.9195856096e-02	2.8007968515e-13                 	3.9804151788e-18                 	2.8007570474e-13                 	1.4211723983e-05                 	6.9241315220e-05                 
2.8570000000e+01	1.7469102503e-02	3.9590157830e-13                 	2.2177402766e-18                 	3.9589936056e-13                 	5.6017464899e-06                 	5.6163979411e-05                 
3.1000000000e+01	1.6099750274e-02	6.3150539320e-13                 	1.3231289354e-18                 	6.3150407007e-13                 	2.0951981560e-06                 	4.6739005942e-05                 
3.3330000000e+01	1.4974265182e-02	9.3881411428e-13                 	9.2955316569e-19                 	9.3881318473e-13                 	9.9013548215e-07                 	3.9765606157e-05                 
3.4480000000e+01	1.4474833483e-02	1.0952938845e-12                 	8.3829369374e-19                 	1.0952930462e-12                 	7.6535960405e-07                 	3.6917628694e-05                 
3.5640000000e+01	1.4003710957e-02	1.2506948776e-12                 	7.8557883359e-19                 	1.2506940920e-12                 	6.2811389705e-07                 	3.4356237049e-05                 
3.7000000000e+01	1.3488979960e-02	1.4235673121e-12                 	7.5353003577e-19                 	1.4235665586e-12                 	5.2932518847e-07                 	3.1684574525e-05                 
3.8240000000e+01	1.3051575798e-02	1.5703330199e-12                 	7.3894717319e-19                 	1.5703322809e-12                 	4.7056717514e-07                 	2.9505261065e-05                 
3.9600000000e+01	1.2603339861e-02	1.7213094027e-12                 	7.2599730965e-19                 	1.7213086767e-12                 	4.2177037349e-07                 	2.7324501695e-05                 
4.1140000000e+01	1.2131557086e-02	1.9071316635e-12                 	7.0833341997e-19                 	1.9071309552e-12                 	3.7141296195e-07                 	2.4984950369e-05                 
4.2760000000e+01	1.1671942435e-02	2.2870821273e-12                 	7.9209642517e-19                 	2.2870813352e-12                 	3.4633492856e-07                 	2.2569268341e-05                 
4.3580000000e+01	1.1452323509e-02	2.6138182692e-12                 	9.2501048604e-19                 	2.6138173442e-12                 	3.5389242509e-07                 	2.1316169937e-05                 
4.4580000000e+01	1.1195429756e-02	3.1640950609e-12                 	1.2557210030e-18                 	3.1640938052e-12                 	3.9686576377e-07                 	1.9856065290e-05                 
4.5500000000e+01	1.0969060626e-02	3.7263697334e-12                 	1.7590741642e-18                 	3.7263679744e-12                 	4.7206109163e-07                 	1.8686179716e-05                 
4.6150000000e+01	1.0814566815e-02	3.9315999409e-12                 	2.1301756057e-18                 	3.9315978108e-12                 	5.4180884059e-07                 	1.8210862095e-05                 
4.6710000000e+01	1.0684912406e-02	3.8275943643e-12                 	2.3161825103e-18                 	3.8275920481e-12                 	6.0512747430e-07                 	1.8268054922e-05                 
4.7360000000e+01	1.0538265593e-02	3.4448461548e-12                 	2.3052503611e-18                 	3.4448438496e-12                 	6.6918818940e-07                 	1.8883676384e-05                 
4.8000000000e+01	1.0397755386e-02	2.9708993954e-12                 	2.1311928306e-18                 	2.9708972642e-12                 	7.1735610902e-07                 	1.9800086833e-05                 
4.8780000000e+01	1.0231493614e-02	2.4697325404e-12                 	1.8574347782e-18                 	2.4697306829e-12                 	7.5207932350e-07                 	2.0672968671e-05                 
5.0030000000e+01	9.9758596543e-03	1.9330471744e-12                 	1.4802206557e-18                 	1.9330456941e-12                 	7.6574471400e-07                 	2.0972492799e-05                 
5.1280000000e+01	9.7326883484e-03	1.6273252938e-12                 	1.2197050418e-18                 	1.6273240741e-12                 	7.4951519923e-07                 	2.0440963067e-05                 
5.2750000000e+01	9.4614646162e-03	1.4187729223e-12                 	1.0175921264e-18                 	1.4187719047e-12                 	7.1723396353e-07                 	1.9520414162e-05                 
5.3500000000e+01	9.3288272618e-03	1.3460438975e-12                 	9.4346406532e-19                 	1.3460429540e-12                 	7.0091626811e-07                 	1.9047972522e-05                 
5.4240000000e+01	9.2015534385e-03	1.2800183890e-12                 	8.9099578260e-19                 	1.2800174980e-12                 	6.9608045498e-07                 	1.8669106094e-05                 
5.5000000000e+01	9.0744047001e-03	1.1769585686e-12                 	8.3646399691e-19                 	1.1769577321e-12                 	7.1069961105e-07                 	1.8375739691e-05                 
5.5740000000e+01	8.9539335936e-03	1.0581870260e-12                 	7.7436702331e-19                 	1.0581862516e-12                 	7.3178654084e-07                 	1.8062291978e-05                 
5.6400000000e+01	8.8491535196e-03	9.5376623621e-13                 	7.1315087987e-19                 	9.5376552306e-13                 	7.4772082802e-07                 	1.7703555172e-05                 
5.7000000000e+01	8.7560045352e-03	8.6882275925e-13                 	6.5480367931e-19                 	8.6882210445e-13                 	7.5366773296e-07                 	1.7299411049e-05                 
5.7460000000e+01	8.6859077359e-03	8.1396695242e-13                 	6.0950656048e-19                 	8.1396634292e-13                 	7.4880995925e-07                 	1.6941475934e-05                 
5.8400000000e+01	8.5461003169e-03	7.3921793872e-13                 	5.2050473488e-19                 	7.3921741822e-13                 	7.0412892818e-07                 	1.6120279484e-05                 
5.9290000000e+01	8.4178151207e-03	7.3189317043e-13                 	4.4582135590e-19                 	7.3189272461e-13                 	6.0913446650e-07                 	1.5276745505e-05                 
6.0000000000e+01	8.3182043084e-03	8.0394579772e-13                 	4.0931155566e-19                 	8.0394538840e-13                 	5.0912829798e-07                 	1.4651066924e-05                 
6.1000000000e+01	8.1818403034e-03	8.8589445229e-13                 	3.8259148356e-19                 	8.8589406970e-13                 	4.3187027820e-07                 	1.3998981337e-05                 
6.1250000000e+01	8.1484450368e-03	9.0375601836e-13                 	3.7812803339e-19                 	9.0375564024e-13                 	4.1839614421e-07                 	1.3858631097e-05                 
6.2500000000e+01	7.9854761361e-03	9.7756731848e-13                 	3.6256060033e-19                 	9.7756695592e-13                 	3.7088044320e-07                 	1.3245013714e-05                 
6.3780000000e+01	7.8252157182e-03	1.0245533956e-12                 	3.5317160232e-19                 	1.0245530424e-12                 	3.4470785402e-07                 	1.2738871071e-05                 
6.4670000000e+01	7.7175237128e-03	1.0402845294e-12                 	3.4817791934e-19                 	1.0402841812e-12                 	3.3469489307e-07                 	1.2444563644e-05                 
6.5580000000e+01	7.6104339510e-03	1.0434118184e-12                 	3.4292272537e-19                 	1.0434114755e-12                 	3.2865520529e-07                 	1.2179562802e-05                 
6.6550000000e+01	7.4995080166e-03	1.0343005673e-12                 	3.3656530313e-19                 	1.0343002307e-12                 	3.2540376926e-07                 	1.1928548310e-05                 
6.7600000000e+01	7.3830215755e-03	1.0118490554e-12                 	3.2837633563e-19                 	1.0118487270e-12                 	3.2453095043e-07                 	1.1685253230e-05                 
6.9000000000e+01	7.2332211378e-03	9.6687446691e-13                 	3.1514752888e-19                 	9.6687415176e-13                 	3.2594461811e-07                 	1.1390322557e-05                 
7.0530000000e+01	7.0763116192e-03	9.0466697707e-13                 	2.9837857142e-19                 	9.0466667869e-13                 	3.2982144698e-07                 	1.1091614638e-05                 
7.3000000000e+01	6.8368802535e-03	7.9298231257e-13                 	2.6710307155e-19                 	7.9298204546e-13                 	3.3683358042e-07                 	1.0607444013e-05                 
7.5000000000e+01	6.6545634467e-03	7.0164886740e-13                 	2.4090036975e-19                 	7.0164862650e-13                 	3.4333465205e-07                 	1.0204896012e-05                 
7.6290000000e+01	6.5420403527e-03	6.4658182861e-13                 	2.2375887963e-19                 	6.4658160485e-13                 	3.4606428719e-07                 	9.9271871627e-06                 
8.0000000000e+01	6.2386532313e-03	5.3976372622e-13                 	1.8232842732e-19                 	5.3976354389e-13                 	3.3779303511e-07                 	9.1146631557e-06                 
8.2970000000e+01	6.0153339581e-03	4.7226773394e-13                 	1.5587376249e-19                 	4.7226757806e-13                 	3.3005380485e-07                 	8.5154536345e-06                 
8.5000000000e+01	5.8716736295e-03	4.3314000441e-13                 	1.4044370072e-19                 	4.3313986397e-13                 	3.2424550790e-07                 	8.1315656479e-06                 
8.6800000000e+01	5.7499108123e-03	4.0232818480e-13                 	1.2834346995e-19                 	4.0232805646e-13                 	3.1900193623e-07                 	7.8095641801e-06                 
9.0800000000e+01	5.4966107765e-03	3.4479937981e-13                 	1.0564915627e-19                 	3.4479927416e-13                 	3.0640761690e-07                 	7.1483084137e-06                 
9.5170000000e+01	5.2442183304e-03	2.9476102798e-13                 	8.6297247290e-20                 	2.9476094168e-13                 	2.9277020738e-07                 	6.5101480885e-06                 
1.0000000000e+02	4.9909225851e-03	2.5091856139e-13                 	6.9819034923e-20                 	2.5091849157e-13                 	2.7825376702e-07                 	5.8948922657e-06                 
1.2000000000e+02	4.1591021542e-03	1.4311810324e-13                 	3.2152767745e-20                 	1.4311807109e-13                 	2.2465898455e-07                 	4.0711217908e-06                 
1.6000000000e+02	3.1193266157e-03	6.3583748149e-14                 	9.6609317418e-21                 	6.3583738488e-14                 	1.5194026812e-07                 	2.2663318371e-06                 
2.1000000000e+02	2.3766298024e-03	3.1437958464e-14                 	3.1554242646e-21                 	3.1437955308e-14                 	1.0036988465e-07                 	1.3059203999e-06                 
3.0000000000e+02	1.6636408617e-03	1.3236372866e-14                 	7.3920543106e-22                 	1.3236372126e-14                 	5.5846525220e-08                 	6.3599109064e-07                 
5.0000000000e+02	9.9818451701e-04	4.4067739844e-15                 	9.4303086411e-23                 	4.4067738901e-15                 	2.1399574098e-08                 	2.2803951377e-07                 
1.3000000000e+03	3.8391712193e-04	6.2609345874e-16                 	2.0476287369e-24                 	6.2609345669e-16                 	3.2704841559e-09                 	3.3666625410e-08                 
5.0000000000e+03	9.9818451701e-05	4.2096951981e-17                 	9.3444516348e-27                 	4.2096951972e-17                 	2.2197454198e-10                 	2.2750702514e-09                 
1.9000000000e+04	2.6268013606e-05	2.9613527480e-18                 	4.4814443648e-29                 	2.9613527479e-18                 	1.5133098777e-11                 	1.5755328821e-10                 
3.9000000000e+04	1.2797237398e-05	7.4234507058e-19                 	2.5244858085e-30                 	7.4234507057e-19                 	3.4006904720e-12                 	3.7394432693e-11                 
6.1000000000e+04	8.1818403034e-06	3.3395980916e-19                 	4.2180732791e-31                 	3.3395980916e-19                 	1.2630481763e-12                 	1.5285572309e-11                 
8.6000000000e+04	5.8033983547e-06	1.9367738077e-19                 	1.0676858787e-31                 	1.9367738077e-19                 	5.5127030034e-13                 	7.6901655880e-12                 
1.1000000000e+05	4.5372023500e-06	1.3846651191e-19                 	3.9889272454e-32                 	1.3846651191e-19                 	2.8807884234e-13                 	4.7006864873e-12                 
1.4000000000e+05	3.5649447036e-06	1.0525419987e-19                 	1.5202850602e-32                 	1.0525419987e-19                 	1.4443937268e-13                 	2.9019639139e-12                 
1.8000000000e+05	2.7727347695e-06	8.4078024066e-20                 	5.5636016495e-33                 	8.4078024066e-20                 	6.6171888687e-14                 	1.7552101242e-12                 
2.4000000000e+05	2.0795510771e-06	6.9924376162e-20                 	1.7602495357e-33                 	6.9924376162e-20                 	2.5173618019e-14                 	9.8727174483e-13                 
3.4000000000e+05	1.4679184074e-06	6.0737221340e-20                 	4.3685596481e-34                 	6.0737221340e-20                 	7.1925576307e-15                 	4.9208820992e-13                 
5.4000000000e+05	9.2424492316e-07	5.5233363232e-20                 	6.8651649925e-35                 	5.5233363232e-20                 	1.2429380705e-15                 	1.9501061847e-13                 
1.0000000000e+06	4.9909225851e-07	5.2655114994e-20                 	5.8285998811e-36                 	5.2655114994e-20                 	1.1069389710e-16                 	5.7006298199e-14                 
2.0000000000e+06	2.4954612925e-07	5.2001403443e-20                 	3.6615343468e-37                 	5.2001403443e-20                 	7.0412221678e-18                 	1.4264879036e-14                 
