#wavelengths (mu)	size parameter  	extinction cross section (cm^2)  	scattering cross section (cm^2)  	absorption cross section (cm^2)  	single scattering albedo         	asymmetry parameter              
4.4300000000e-02	1.4183262544e+00	1.7430836201e-12                 	3.0576167603e-13                 	1.4373219441e-12                 	1.7541423286e-01                 	3.4585473151e-01                 
4.5100000000e-02	1.3931674739e+00	1.7927325474e-12                 	3.0235775119e-13                 	1.4903747962e-12                 	1.6865747857e-01                 	3.3550468857e-01                 
4.5900000000e-02	1.3688856878e+00	1.8508425948e-12                 	3.0358452765e-13                 	1.5472580672e-12                 	1.6402503838e-01                 	3.2543274209e-01                 
4.6800000000e-02	1.3425609631e+00	1.9212133067e-12                 	3.0685959818e-13                 	1.6143537085e-12                 	1.5972177431e-01                 	3.1453227619e-01                 
4.7700000000e-02	1.3172296241e+00	1.9982445624e-12                 	3.1172642260e-13                 	1.6865181398e-12                 	1.5600013555e-01                 	3.0412430317e-01                 
4.8600000000e-02	1.2928364830e+00	2.0899029964e-12                 	3.1840786447e-13                 	1.7714951319e-12                 	1.5235533181e-01                 	2.9434546465e-01                 
4.9600000000e-02	1.2667712313e+00	2.1931188460e-12                 	3.2199920656e-13                 	1.8711196394e-12                 	1.4682250674e-01                 	2.8417974862e-01                 
5.0600000000e-02	1.2417362267e+00	2.2402324686e-12                 	3.1458020098e-13                 	1.9256522676e-12                 	1.4042301654e-01                 	2.7391816909e-01                 
5.1700000000e-02	1.2153163070e+00	2.2756309118e-12                 	3.0781766776e-13                 	1.9678132441e-12                 	1.3526695659e-01                 	2.6276747502e-01                 
5.2800000000e-02	1.1899972173e+00	2.3099079183e-12                 	3.0454107392e-13                 	2.0053668444e-12                 	1.3184121822e-01                 	2.5197191134e-01                 
5.3900000000e-02	1.1657115598e+00	2.3579606746e-12                 	3.0685893912e-13                 	2.0511017355e-12                 	1.3013742868e-01                 	2.4167688975e-01                 
5.5100000000e-02	1.1403240122e+00	2.4546225880e-12                 	3.1824204749e-13                 	2.1363805405e-12                 	1.2965009327e-01                 	2.3133713360e-01                 
5.6400000000e-02	1.1140399481e+00	2.5776425936e-12                 	3.3159385142e-13                 	2.2460487422e-12                 	1.2864229209e-01                 	2.2098322496e-01                 
5.7700000000e-02	1.0889402612e+00	2.6921936406e-12                 	3.4256693484e-13                 	2.3496267058e-12                 	1.2724453757e-01                 	2.1116866917e-01                 
5.9000000000e-02	1.0649466622e+00	2.8435803281e-12                 	3.5991821165e-13                 	2.4836621165e-12                 	1.2657219776e-01                 	2.0212674744e-01                 
6.0500000000e-02	1.0385430260e+00	2.9914349311e-12                 	3.7198553891e-13                 	2.6194493922e-12                 	1.2435020232e-01                 	1.9228150174e-01                 
6.2000000000e-02	1.0134169850e+00	3.1252977335e-12                 	3.8145005627e-13                 	2.7438476773e-12                 	1.2205238950e-01                 	1.8299642901e-01                 
6.3600000000e-02	9.8792221811e-01	3.2564956991e-12                 	3.9000629798e-13                 	2.8664894011e-12                 	1.1976257119e-01                 	1.7369023195e-01                 
6.5300000000e-02	9.6220295669e-01	3.3839011099e-12                 	3.9805105601e-13                 	2.9858500539e-12                 	1.1763081812e-01                 	1.6443602044e-01                 
6.7000000000e-02	9.3778885182e-01	3.5396583319e-12                 	4.1348851205e-13                 	3.1261698198e-12                 	1.1681593908e-01                 	1.5595870080e-01                 
6.8900000000e-02	9.1192820133e-01	3.6710675575e-12                 	4.2300853459e-13                 	3.2480590229e-12                 	1.1522766279e-01                 	1.4741676675e-01                 
7.0800000000e-02	8.8745555186e-01	3.7008636905e-12                 	4.1466989553e-13                 	3.2861937949e-12                 	1.1204678967e-01                 	1.3970635334e-01                 
7.2900000000e-02	8.6189098864e-01	3.6755566106e-12                 	3.9882208308e-13                 	3.2767345275e-12                 	1.0850658154e-01                 	1.3195038282e-01                 
7.3800000000e-02	8.5138012292e-01	3.6550130273e-12                 	3.9193065297e-13                 	3.2630823744e-12                 	1.0723098660e-01                 	1.2890723867e-01                 
7.5100000000e-02	8.3664251760e-01	3.5934087399e-12                 	3.7697663715e-13                 	3.2164321027e-12                 	1.0490780884e-01                 	1.2474594110e-01                 
7.7500000000e-02	8.1073358802e-01	3.4644649275e-12                 	3.5026216173e-13                 	3.1142027658e-12                 	1.0110137324e-01                 	1.1763120320e-01                 
8.0000000000e-02	7.8539816340e-01	3.2838765996e-12                 	3.1795271631e-13                 	2.9659238833e-12                 	9.6822370350e-02                 	1.1095544465e-01                 
8.2700000000e-02	7.5975638539e-01	3.1200203979e-12                 	2.9110971890e-13                 	2.8289106790e-12                 	9.3303787084e-02                 	1.0435111924e-01                 
8.5500000000e-02	7.3487547452e-01	3.0043965075e-12                 	2.8019217185e-13                 	2.7242043357e-12                 	9.3260716801e-02                 	9.8629951283e-02                 
8.8600000000e-02	7.0916312722e-01	2.7063134048e-12                 	2.5682653437e-13                 	2.4494868704e-12                 	9.4899036422e-02                 	9.3970547792e-02                 
9.1800000000e-02	6.8444284392e-01	2.1272182733e-12                 	1.9318802851e-13                 	1.9340302448e-12                 	9.0817209938e-02                 	8.8785325923e-02                 
9.3000000000e-02	6.7561132335e-01	1.9892747873e-12                 	1.7295704689e-13                 	1.8163177404e-12                 	8.6944774042e-02                 	8.6280101755e-02                 
9.5400000000e-02	6.5861481207e-01	1.8200901292e-12                 	1.4659354212e-13                 	1.6734965870e-12                 	8.0541913705e-02                 	8.1626072816e-02                 
9.9200000000e-02	6.3338561564e-01	1.6290577726e-12                 	1.2095360560e-13                 	1.5081041670e-12                 	7.4247585099e-02                 	7.5380819214e-02                 
1.0330000000e-01	6.0824639953e-01	1.4198944853e-12                 	9.9727179905e-14                 	1.3201673054e-12                 	7.0235627322e-02                 	6.9659478565e-02                 
1.0780000000e-01	5.8285577989e-01	1.1685733746e-12                 	7.5794497436e-14                 	1.0927788771e-12                 	6.4860708866e-02                 	6.3767108469e-02                 
1.1000000000e-01	5.7119866429e-01	1.1096791471e-12                 	6.6893526710e-14                 	1.0427856204e-12                 	6.0281863353e-02                 	6.0970066826e-02                 
1.1270000000e-01	5.5751422424e-01	1.0560518063e-12                 	5.8615194623e-14                 	9.9743661171e-13                 	5.5504090113e-02                 	5.7854071348e-02                 
1.1400000000e-01	5.5115660589e-01	1.0414175434e-12                 	5.5428772193e-14                 	9.8598877122e-13                 	5.3224350352e-02                 	5.6441728850e-02                 
1.1810000000e-01	5.3202246462e-01	1.0158672053e-12                 	4.9123141997e-14                 	9.6674406329e-13                 	4.8355869489e-02                 	5.2544857430e-02                 
1.2100000000e-01	5.1927151299e-01	9.9354444475e-13                 	4.7267359906e-14                 	9.4627708484e-13                 	4.7574479587e-02                 	5.0319267965e-02                 
1.2400000000e-01	5.0670849251e-01	8.7388677169e-13                 	4.2682204914e-14                 	8.3120456678e-13                 	4.8841802275e-02                 	4.8211427942e-02                 
1.2720000000e-01	4.9396110905e-01	7.4195743471e-13                 	3.5634330149e-14                 	7.0632310456e-13                 	4.8027458829e-02                 	4.5734359242e-02                 
1.2950000000e-01	4.8518805461e-01	6.5400165297e-13                 	2.9271862362e-14                 	6.2472979061e-13                 	4.4758086205e-02                 	4.3736870009e-02                 
1.3050000000e-01	4.8147013848e-01	6.4342493745e-13                 	2.6398959033e-14                 	6.1702597842e-13                 	4.1028809262e-02                 	4.2765380922e-02                 
1.3190000000e-01	4.7635976552e-01	6.6757732639e-13                 	2.3542211966e-14                 	6.4403511443e-13                 	3.5265146127e-02                 	4.1473468002e-02                 
1.3330000000e-01	4.7135673722e-01	7.1276665778e-13                 	2.1732420388e-14                 	6.9103423740e-13                 	3.0490231481e-02                 	4.0285169308e-02                 
1.3480000000e-01	4.6611166967e-01	7.7521611502e-13                 	2.0435524243e-14                 	7.5478059077e-13                 	2.6361067381e-02                 	3.9067199898e-02                 
1.3620000000e-01	4.6132050714e-01	8.7690104180e-13                 	2.0395638811e-14                 	8.5650540299e-13                 	2.3258769050e-02                 	3.7950386681e-02                 
1.3700000000e-01	4.5862666476e-01	9.7125931711e-13                 	2.1847520931e-14                 	9.4941179618e-13                 	2.2494014262e-02                 	3.7392511933e-02                 
1.3780000000e-01	4.5596410067e-01	1.0285257824e-12                 	2.2799279275e-14                 	1.0057265031e-12                 	2.2166949692e-02                 	3.6900219874e-02                 
1.3870000000e-01	4.5300542950e-01	1.1740993947e-12                 	2.6935231153e-14                 	1.1471641636e-12                 	2.2941184770e-02                 	3.6424351556e-02                 
1.3930000000e-01	4.5105422162e-01	1.1946698113e-12                 	2.8668492291e-14                 	1.1660013190e-12                 	2.3997000694e-02                 	3.6331436709e-02                 
1.4090000000e-01	4.4593224323e-01	1.2855244814e-12                 	3.3989616994e-14                 	1.2515348644e-12                 	2.6440272035e-02                 	3.5959832378e-02                 
1.4250000000e-01	4.4092528471e-01	1.2979135338e-12                 	3.8424028461e-14                 	1.2594895053e-12                 	2.9604459359e-02                 	3.5903146672e-02                 
1.4350000000e-01	4.3785263465e-01	1.2801089880e-12                 	4.0952292515e-14                 	1.2391566954e-12                 	3.1991254573e-02                 	3.5996960955e-02                 
1.4420000000e-01	4.3572713642e-01	1.2482852928e-12                 	4.2593836325e-14                 	1.2056914565e-12                 	3.4121876282e-02                 	3.6172818799e-02                 
1.4500000000e-01	4.3332312463e-01	1.1738716151e-12                 	4.2860413509e-14                 	1.1310112016e-12                 	3.6512011160e-02                 	3.6368156270e-02                 
1.4590000000e-01	4.3065012386e-01	1.1117934652e-12                 	4.3604926402e-14                 	1.0681885388e-12                 	3.9220347814e-02                 	3.6526872116e-02                 
1.4680000000e-01	4.2800989831e-01	1.0005420882e-12                 	4.2354774601e-14                 	9.5818731364e-13                 	4.2331827016e-02                 	3.6637530688e-02                 
1.4760000000e-01	4.2569006146e-01	9.4888821700e-13                 	4.2200460123e-14                 	9.0668775688e-13                 	4.4473584314e-02                 	3.6614002061e-02                 
1.4800000000e-01	4.2453954778e-01	8.9451043690e-13                 	4.1638532386e-14                 	8.5287190451e-13                 	4.6548962056e-02                 	3.6664640884e-02                 
1.4850000000e-01	4.2311012170e-01	8.4232198940e-13                 	4.0615879998e-14                 	8.0170610940e-13                 	4.8218947753e-02                 	3.6574826482e-02                 
1.4940000000e-01	4.2056126554e-01	7.6849167157e-13                 	3.9107691610e-14                 	7.2938397996e-13                 	5.0888894515e-02                 	3.6348032734e-02                 
1.5120000000e-01	4.1555458381e-01	6.3344789107e-13                 	3.5881256499e-14                 	5.9756663457e-13                 	5.6644369656e-02                 	3.5716597118e-02                 
1.5310000000e-01	4.1039747271e-01	5.4309805148e-13                 	3.3848900284e-14                 	5.0924915120e-13                 	6.2325578580e-02                 	3.5050601331e-02                 
1.5400000000e-01	4.0799904592e-01	4.7155343690e-13                 	3.2598925145e-14                 	4.3895451176e-13                 	6.9130924714e-02                 	3.4741995112e-02                 
1.5500000000e-01	4.0536679401e-01	4.2645013254e-13                 	3.1514892856e-14                 	3.9493523968e-13                 	7.3900534790e-02                 	3.4347669263e-02                 
1.5690000000e-01	4.0045795457e-01	3.0431694575e-13                 	2.9089292163e-14                 	2.7522765358e-13                 	9.5588801641e-02                 	3.3549216751e-02                 
1.5800000000e-01	3.9766995615e-01	2.3438752004e-13                 	2.7624563369e-14                 	2.0676295667e-13                 	1.1785850784e-01                 	3.3027525332e-02                 
1.5890000000e-01	3.9541757754e-01	1.7063451277e-13                 	2.6115559438e-14                 	1.4451895334e-13                 	1.5304969090e-01                 	3.2510444164e-02                 
1.6100000000e-01	3.9025995697e-01	7.7429606445e-14                 	2.2029638854e-14                 	5.5399967591e-14                 	2.8451182778e-01                 	3.1073491975e-02                 
1.6300000000e-01	3.8547149124e-01	4.0403183654e-14                 	1.8921682277e-14                 	2.1481501378e-14                 	4.6832156690e-01                 	2.9840458191e-02                 
1.6500000000e-01	3.8079910953e-01	2.4869399534e-14                 	1.6582351908e-14                 	8.2870476260e-15                 	6.6677733354e-01                 	2.8779017466e-02                 
1.6700000000e-01	3.7623864115e-01	1.7956322131e-14                 	1.4772157450e-14                 	3.1841646808e-15                 	8.2267166641e-01                 	2.7843369338e-02                 
1.6900000000e-01	3.7178611285e-01	1.4543484257e-14                 	1.3322256081e-14                 	1.2212281764e-15                 	9.1602918841e-01                 	2.6998489088e-02                 
1.7100000000e-01	3.6743773726e-01	1.2598729761e-14                 	1.2131302160e-14                 	4.6742760121e-16                 	9.6289883107e-01                 	2.6223315103e-02                 
1.7300000000e-01	3.6318990215e-01	1.1296245831e-14                 	1.1117573905e-14                 	1.7867192630e-16                 	9.8418307029e-01                 	2.5499782439e-02                 
1.7500000000e-01	3.5903916041e-01	1.0315233610e-14                 	1.0246991440e-14                 	6.8242170070e-17                 	9.9338433111e-01                 	2.4821004716e-02                 
1.7700000000e-01	3.5498222074e-01	9.5094801692e-15                 	9.4834242733e-15                 	2.6055895891e-17                 	9.9726000839e-01                 	2.4178692097e-02                 
1.7900000000e-01	3.5101593895e-01	8.8176564622e-15                 	8.8077166069e-15                 	9.9398553111e-18                 	9.9887273275e-01                 	2.3568587248e-02                 
1.8100000000e-01	3.4713730979e-01	8.2108060635e-15                 	8.2070145919e-15                 	3.7914715884e-18                 	9.9953823394e-01                 	2.2987858531e-02                 
1.8300000000e-01	3.4334345941e-01	7.6683101349e-15                 	7.6670166578e-15                 	1.2934770846e-18                 	9.9983132176e-01                 	2.2432914847e-02                 
1.8500000000e-01	3.3963163823e-01	7.1790740183e-15                 	7.1786400106e-15                 	4.3400766339e-19                 	9.9993954545e-01                 	2.1901453999e-02                 
1.8700000000e-01	3.3599921429e-01	6.7370861697e-15                 	6.7369399397e-15                 	1.4622997507e-19                 	9.9997829477e-01                 	2.1392307263e-02                 
1.8900000000e-01	3.3244366705e-01	6.3320023112e-15                 	6.3319530643e-15                 	4.9246843602e-20                 	9.9999222255e-01                 	2.0902523056e-02                 
1.9100000000e-01	3.2896258153e-01	5.9631207292e-15                 	5.9631041440e-15                 	1.6585193597e-20                 	9.9999721871e-01                 	2.0432110316e-02                 
1.9300000000e-01	3.2555364286e-01	5.6246189833e-15                 	5.6246133990e-15                 	5.5843076571e-21                 	9.9999900717e-01                 	1.9979275058e-02                 
1.9500000000e-01	3.2221463114e-01	5.3114822815e-15                 	5.3114804016e-15                 	1.8799075517e-21                 	9.9999964607e-01                 	1.9542356534e-02                 
1.9700000000e-01	3.1894341661e-01	5.0239415389e-15                 	5.0239409061e-15                 	6.3285665181e-22                 	9.9999987403e-01                 	1.9121506809e-02                 
1.9900000000e-01	3.1573795513e-01	4.7576442447e-15                 	4.7576440317e-15                 	2.1301168259e-22                 	9.9999995523e-01                 	1.8715186405e-02                 
2.0100000000e-01	3.1259628394e-01	4.5109033276e-15                 	4.5109032559e-15                 	7.1700116120e-23                 	9.9999998411e-01                 	1.8322775339e-02                 
2.0190000000e-01	3.1120283839e-01	4.4046052323e-15                 	4.4046051883e-15                 	4.3958185721e-23                 	9.9999999002e-01                 	1.8150087683e-02                 
2.1000000000e-01	2.9919930034e-01	3.5917832424e-15                 	3.5917832000e-15                 	4.2388659884e-23                 	9.9999998820e-01                 	1.6708648515e-02                 
2.5000000000e-01	2.5132741229e-01	1.5488374495e-15                 	1.5488374136e-15                 	3.5865519468e-23                 	9.9999997684e-01                 	1.1652483952e-02                 
3.0000000000e-01	2.0943951024e-01	6.8316261197e-16                 	6.8316258198e-16                 	2.9982882502e-23                 	9.9999995611e-01                 	8.0381780846e-03                 
3.5000000000e-01	1.7951958021e-01	3.5110674736e-16                 	3.5110672162e-16                 	2.5733740552e-23                 	9.9999992671e-01                 	5.8850101227e-03                 
3.9000000000e-01	1.6110731557e-01	2.2199622400e-16                 	2.2199620089e-16                 	2.3108574230e-23                 	9.9999989591e-01                 	4.7313137328e-03                 
4.0000000000e-01	1.5707963268e-01	1.9960616245e-16                 	1.9960613580e-16                 	2.6645525791e-23                 	9.9999986651e-01                 	4.4961477139e-03                 
4.1000000000e-01	1.5324842213e-01	1.7991963760e-16                 	1.7991960826e-16                 	2.9341238554e-23                 	9.9999983692e-01                 	4.2779996277e-03                 
4.2000000000e-01	1.4959965017e-01	1.6265142255e-16                 	1.6265138890e-16                 	3.3647193889e-23                 	9.9999979313e-01                 	4.0754488150e-03                 
4.3000000000e-01	1.4612058854e-01	1.4745699885e-16                 	1.4745695545e-16                 	4.3403447623e-23                 	9.9999970565e-01                 	3.8870533284e-03                 
4.4000000000e-01	1.4279966607e-01	1.3396958105e-16                 	1.3396951682e-16                 	6.4226090700e-23                 	9.9999952059e-01                 	3.7113694841e-03                 
4.5000000000e-01	1.3962634016e-01	1.2203668870e-16                 	1.2203659613e-16                 	9.2570670895e-23                 	9.9999924145e-01                 	3.5474372405e-03                 
4.6000000000e-01	1.3659098494e-01	1.1138524303e-16                 	1.1138511315e-16                 	1.2988345847e-22                 	9.9999883393e-01                 	3.3940891991e-03                 
4.7000000000e-01	1.3368479377e-01	1.0185473510e-16                 	1.0185454742e-16                 	1.8767660702e-22                 	9.9999815741e-01                 	3.2504344839e-03                 
4.8000000000e-01	1.3089969390e-01	9.3362039528e-17                 	9.3361770722e-17                 	2.6880626556e-22                 	9.9999712082e-01                 	3.1158118384e-03                 
4.9000000000e-01	1.2822827158e-01	8.5725506423e-17                 	8.5725122413e-17                 	3.8400926666e-22                 	9.9999552048e-01                 	2.9893537308e-03                 
5.0000000000e-01	1.2566370614e-01	7.8844261851e-17                 	7.8843730597e-17                 	5.3125402887e-22                 	9.9999326198e-01                 	2.8704137276e-03                 
5.1000000000e-01	1.2319971191e-01	7.2673609922e-17                 	7.2672899173e-17                 	7.1074889260e-22                 	9.9999021999e-01                 	2.7585302146e-03                 
5.2000000000e-01	1.2083048668e-01	6.7049265858e-17                 	6.7048332380e-17                 	9.3347797241e-22                 	9.9998607773e-01                 	2.6529261044e-03                 
5.3000000000e-01	1.1855066617e-01	6.1987861810e-17                 	6.1986662431e-17                 	1.1993795103e-21                 	9.9998065138e-01                 	2.5533626331e-03                 
5.4000000000e-01	1.1635528347e-01	5.7423789322e-17                 	5.7422274613e-17                 	1.5147087520e-21                 	9.9997362228e-01                 	2.4593923527e-03                 
5.5000000000e-01	1.1423973286e-01	5.3237266360e-17                 	5.3235388584e-17                 	1.8777752872e-21                 	9.9996472818e-01                 	2.3703983507e-03                 
5.6000000000e-01	1.1219973763e-01	4.9421116975e-17                 	4.9418829389e-17                 	2.2875856568e-21                 	9.9995371238e-01                 	2.2861334693e-03                 
5.7000000000e-01	1.1023132118e-01	4.5964113070e-17                 	4.5961373121e-17                 	2.7399490602e-21                 	9.9994038938e-01                 	2.2063665187e-03                 
5.8000000000e-01	1.0833078116e-01	4.2801548563e-17                 	4.2798312656e-17                 	3.2359061118e-21                 	9.9992439745e-01                 	2.1306922406e-03                 
5.9000000000e-01	1.0649466622e-01	3.9903980847e-17                 	3.9900209883e-17                 	3.7709640619e-21                 	9.9990549905e-01                 	2.0588355739e-03                 
6.0000000000e-01	1.0471975512e-01	3.7245305581e-17                 	3.7240995490e-17                 	4.3100906138e-21                 	9.9988427829e-01                 	1.9905441745e-03                 
6.1000000000e-01	1.0300303782e-01	3.4802634234e-17                 	3.4797536223e-17                 	5.0980114032e-21                 	9.9985351651e-01                 	1.9255862012e-03                 
6.2000000000e-01	1.0134169850e-01	3.2555510124e-17                 	3.2549263605e-17                 	6.2465189475e-21                 	9.9980812714e-01                 	1.8637483492e-03                 
6.3000000000e-01	9.9733100114e-02	3.0485306532e-17                 	3.0477854601e-17                 	7.4519304478e-21                 	9.9975555665e-01                 	1.8048341000e-03                 
6.4000000000e-01	9.8174770425e-02	2.8592574021e-17                 	2.8583968758e-17                 	8.6052632590e-21                 	9.9969903852e-01                 	1.7487396608e-03                 
6.5000000000e-01	9.6664389341e-02	2.6827857944e-17                 	2.6817925754e-17                 	9.9321906693e-21                 	9.9962978070e-01                 	1.6951401989e-03                 
6.6000000000e-01	9.5199777382e-02	2.5211134249e-17                 	2.5199778937e-17                 	1.1355311575e-20                 	9.9954959140e-01                 	1.6440336852e-03                 
6.7000000000e-01	9.3778885182e-02	2.3713714377e-17                 	2.3700978280e-17                 	1.2736097197e-20                 	9.9946292272e-01                 	1.5951995132e-03                 
6.8000000000e-01	9.2399783929e-02	2.2311711130e-17                 	2.2297833011e-17                 	1.3878119107e-20                 	9.9937798948e-01                 	1.5484363764e-03                 
6.9000000000e-01	9.1060656626e-02	2.1024114779e-17                 	2.1008408497e-17                 	1.5706281425e-20                 	9.9925293970e-01                 	1.5037604047e-03                 
7.0000000000e-01	8.9759790103e-02	1.9828859177e-17                 	1.9810151030e-17                 	1.8708147206e-20                 	9.9905651924e-01                 	1.4609864988e-03                 
7.1000000000e-01	8.8495567707e-02	1.8717343329e-17                 	1.8695463091e-17                 	2.1880237441e-20                 	9.9883101800e-01                 	1.4200082612e-03                 
7.2000000000e-01	8.7266462600e-02	1.7682752333e-17                 	1.7657474081e-17                 	2.5278251932e-20                 	9.9857045716e-01                 	1.3807266290e-03                 
7.3000000000e-01	8.6071031605e-02	1.6706565217e-17                 	1.6679959706e-17                 	2.6605511577e-20                 	9.9840748166e-01                 	1.3429897354e-03                 
7.4000000000e-01	8.4907909556e-02	1.5807848676e-17                 	1.5777816653e-17                 	3.0032023591e-20                 	9.9810018275e-01                 	1.3068321307e-03                 
7.5000000000e-01	8.3775804096e-02	1.4979671359e-17                 	1.4944318313e-17                 	3.5353045403e-20                 	9.9763993184e-01                 	1.2721685791e-03                 
7.6000000000e-01	8.2673490884e-02	1.4198486929e-17                 	1.4156404847e-17                 	4.2082081690e-20                 	9.9703615731e-01                 	1.2388096305e-03                 
7.7000000000e-01	8.1599809184e-02	1.3469642158e-17                 	1.3419303369e-17                 	5.0338788554e-20                 	9.9626279689e-01                 	1.2067428969e-03                 
7.8000000000e-01	8.0553657784e-02	1.2788228569e-17                 	1.2729148438e-17                 	5.9080130783e-20                 	9.9538011614e-01                 	1.1759025299e-03                 
7.9000000000e-01	7.9533991230e-02	1.2149899757e-17                 	1.2082412550e-17                 	6.7487207612e-20                 	9.9444545149e-01                 	1.1462268215e-03                 
8.0000000000e-01	7.8539816340e-02	1.1551558383e-17                 	1.1475872836e-17                 	7.5685546446e-20                 	9.9344802286e-01                 	1.1176578955e-03                 
8.1000000000e-01	7.7570188978e-02	1.0984685483e-17                 	1.0906581417e-17                 	7.8104065274e-20                 	9.9288973131e-01                 	1.0901414255e-03                 
8.2000000000e-01	7.6624211063e-02	1.0456901586e-17                 	1.0378095731e-17                 	7.8805855314e-20                 	9.9246374706e-01                 	1.0636735362e-03                 
8.3000000000e-01	7.5701027797e-02	9.9540802608e-18                 	9.8751287693e-18                 	7.8951491442e-20                 	9.9206842929e-01                 	1.0381107964e-03                 
8.4000000000e-01	7.4799825085e-02	9.4832294401e-18                 	9.4019832545e-18                 	8.1246185530e-20                 	9.9143264580e-01                 	1.0134563986e-03                 
8.5000000000e-01	7.3919827143e-02	9.0538856676e-18                 	8.9565721658e-18                 	9.7313501757e-20                 	9.8925174170e-01                 	9.8966783972e-04                 
8.6000000000e-01	7.3060294270e-02	8.6551420638e-18                 	8.5421391597e-18                 	1.1300290410e-19                 	9.8694384179e-01                 	9.6674793410e-04                 
8.7000000000e-01	7.2220520772e-02	8.2840502704e-18                 	8.1463568498e-18                 	1.3769342064e-19                 	9.8337849045e-01                 	9.4457221718e-04                 
8.8000000000e-01	7.1399833036e-02	7.9451117278e-18                 	7.7730095742e-18                 	1.7210215359e-19                 	9.7833861128e-01                 	9.2314894182e-04                 
8.9000000000e-01	7.0597587721e-02	7.6197358054e-18                 	7.4205958367e-18                 	1.9913996871e-19                 	9.7386523971e-01                 	9.0244447108e-04                 
9.0000000000e-01	6.9813170080e-02	7.3030256824e-18                 	7.0920267387e-18                 	2.1099894371e-19                 	9.7110801017e-01                 	8.8246614834e-04                 
9.1000000000e-01	6.9045992387e-02	6.9978650692e-18                 	6.7772402297e-18                 	2.2062483953e-19                 	9.6847255022e-01                 	8.6310482769e-04                 
9.2000000000e-01	6.8295492469e-02	6.7125405323e-18                 	6.4795473585e-18                 	2.3299317373e-19                 	9.6528986714e-01                 	8.4437210013e-04                 
9.3000000000e-01	6.7561132335e-02	6.4501029783e-18                 	6.2016161703e-18                 	2.4848680795e-19                 	9.6147552856e-01                 	8.2627769478e-04                 
9.4000000000e-01	6.6842396885e-02	6.2008182234e-18                 	5.9347435728e-18                 	2.6607465061e-19                 	9.5709039662e-01                 	8.0872209713e-04                 
9.5000000000e-01	6.6138792707e-02	5.9685495594e-18                 	5.6819203765e-18                 	2.8662918298e-19                 	9.5197674408e-01                 	7.9171859743e-04                 
9.6000000000e-01	6.5449846950e-02	5.8013280586e-18                 	5.4455842719e-18                 	3.5574378675e-19                 	9.3867890539e-01                 	7.7527866864e-04                 
9.7000000000e-01	6.4775106260e-02	5.6500257289e-18                 	5.2181656918e-18                 	4.3186003711e-19                 	9.2356494327e-01                 	7.5931115075e-04                 
9.8000000000e-01	6.4114135788e-02	5.5224360017e-18                 	5.0054120944e-18                 	5.1702390727e-19                 	9.0637756470e-01                 	7.4386349611e-04                 
9.9000000000e-01	6.3466518254e-02	5.4082302358e-18                 	4.8004059082e-18                 	6.0782432761e-19                 	8.8761123305e-01                 	7.2884951236e-04                 
1.0000000000e+00	6.2831853072e-02	5.3386973922e-18                 	4.6056703922e-18                 	7.3302699992e-19                 	8.6269553300e-01                 	7.1428425140e-04                 
1.0100000000e+00	6.2209755517e-02	5.3193396702e-18                 	4.4232951005e-18                 	8.9604456968e-19                 	8.3154966119e-01                 	7.0018105508e-04                 
1.0200000000e+00	6.1599855953e-02	5.2454817630e-18                 	4.2472132747e-18                 	9.9826848832e-19                 	8.0968983719e-01                 	6.8646041972e-04                 
1.0300000000e+00	6.1001799099e-02	5.1035352205e-18                 	4.0797047133e-18                 	1.0238305072e-18                 	7.9938798050e-01                 	6.7313799050e-04                 
1.0400000000e+00	6.0415243338e-02	4.9366984492e-18                 	3.9226727145e-18                 	1.0140257347e-18                 	7.9459435387e-01                 	6.6022777719e-04                 
1.0500000000e+00	5.9839860068e-02	4.7062684611e-18                 	3.7707727416e-18                 	9.3549571949e-19                 	8.0122346882e-01                 	6.4765617622e-04                 
1.0600000000e+00	5.9275333087e-02	4.4631461438e-18                 	3.6260663828e-18                 	8.3707976106e-19                 	8.1244625785e-01                 	6.3543917662e-04                 
1.0700000000e+00	5.8721358011e-02	4.2540245083e-18                 	3.4881511221e-18                 	7.6587338619e-19                 	8.1996498029e-01                 	6.2356357730e-04                 
1.0800000000e+00	5.8177641733e-02	4.0881748823e-18                 	3.3587075418e-18                 	7.2946734043e-19                 	8.2156650304e-01                 	6.1204390480e-04                 
1.0900000000e+00	5.7643901901e-02	3.9518907338e-18                 	3.2331933880e-18                 	7.1869734579e-19                 	8.1813835599e-01                 	6.0081340404e-04                 
1.1000000000e+00	5.7119866429e-02	3.8133031752e-18                 	3.1134144505e-18                 	6.9988872465e-19                 	8.1646129550e-01                 	5.8988823320e-04                 
1.1100000000e+00	5.6605273038e-02	3.7189965715e-18                 	3.0009024280e-18                 	7.1809414347e-19                 	8.0691185655e-01                 	5.7928309705e-04                 
1.1200000000e+00	5.6099868814e-02	3.6276422479e-18                 	2.8916184454e-18                 	7.3602380254e-19                 	7.9710683903e-01                 	5.6893573457e-04                 
1.1300000000e+00	5.5603409798e-02	3.6049814411e-18                 	2.7872000227e-18                 	8.1778141849e-19                 	7.7315239153e-01                 	5.5886227125e-04                 
1.1400000000e+00	5.5115660589e-02	3.5815412499e-18                 	2.6873911788e-18                 	8.9415007106e-19                 	7.5034489102e-01                 	5.4905313291e-04                 
1.1500000000e+00	5.4636393975e-02	3.4957207429e-18                 	2.5935469409e-18                 	9.0217380200e-19                 	7.4192051701e-01                 	5.3952305811e-04                 
1.1600000000e+00	5.4165390579e-02	3.6896465508e-18                 	2.5021952539e-18                 	1.1874512969e-18                 	6.7816665349e-01                 	5.3021507044e-04                 
1.1700000000e+00	5.3702438523e-02	3.9020587739e-18                 	2.4147764793e-18                 	1.4872822946e-18                 	6.1884677274e-01                 	5.2114509908e-04                 
1.1800000000e+00	5.3247333112e-02	4.1631199103e-18                 	2.3310905265e-18                 	1.8320293838e-18                 	5.5993835795e-01                 	5.1230510465e-04                 
1.1900000000e+00	5.2799876531e-02	4.4448639541e-18                 	2.2509490365e-18                 	2.1939149176e-18                 	5.0641573280e-01                 	5.0368738421e-04                 
1.2000000000e+00	5.2359877560e-02	4.7089174185e-18                 	2.1741746037e-18                 	2.5347428148e-18                 	4.6171431998e-01                 	4.9528455453e-04                 
1.2100000000e+00	5.1927151299e-02	5.3463856556e-18                 	2.1018983396e-18                 	3.2444873159e-18                 	3.9314379378e-01                 	4.8711110554e-04                 
1.2200000000e+00	5.1501518911e-02	5.8218766072e-18                 	2.0313234066e-18                 	3.7905532006e-18                 	3.4891213669e-01                 	4.7911675308e-04                 
1.2300000000e+00	5.1082807375e-02	6.1293097467e-18                 	1.9636438218e-18                 	4.1656659249e-18                 	3.2036948742e-01                 	4.7131691514e-04                 
1.2400000000e+00	5.0670849251e-02	6.3603974876e-18                 	1.8987192158e-18                 	4.4616782718e-18                 	2.9852210015e-01                 	4.6370533787e-04                 
1.2500000000e+00	5.0265482457e-02	6.5168814490e-18                 	1.8364170630e-18                 	4.6804643861e-18                 	2.8179384224e-01                 	4.5627601668e-04                 
1.2600000000e+00	4.9866550057e-02	6.5284533486e-18                 	1.7766121860e-18                 	4.7518411627e-18                 	2.7213370320e-01                 	4.4902318437e-04                 
1.2700000000e+00	4.9473900057e-02	6.5413060547e-18                 	1.7191862950e-18                 	4.8221197597e-18                 	2.6282003634e-01                 	4.4194129999e-04                 
1.2800000000e+00	4.9087385212e-02	6.3781315709e-18                 	1.6640275588e-18                 	4.7141040121e-18                 	2.6089577180e-01                 	4.3502503825e-04                 
1.2900000000e+00	4.8706862846e-02	6.2539521220e-18                 	1.6110302063e-18                 	4.6429219157e-18                 	2.5760194112e-01                 	4.2826927953e-04                 
1.3000000000e+00	4.8332194671e-02	6.1678295170e-18                 	1.5600941548e-18                 	4.6077353622e-18                 	2.5294054424e-01                 	4.2166910046e-04                 
1.3100000000e+00	4.7963246620e-02	6.0495673596e-18                 	1.5111246640e-18                 	4.5384426957e-18                 	2.4979053445e-01                 	4.1521976491e-04                 
1.3200000000e+00	4.7599888691e-02	6.0029974528e-18                 	1.4640320133e-18                 	4.5389654395e-18                 	2.4388349734e-01                 	4.0891671554e-04                 
1.3300000000e+00	4.7241994791e-02	5.9240890847e-18                 	1.4187312011e-18                 	4.5053578835e-18                 	2.3948512267e-01                 	4.0275556577e-04                 
1.3400000000e+00	4.6889442591e-02	5.9151561518e-18                 	1.3751416642e-18                 	4.5400144876e-18                 	2.3247766060e-01                 	3.9673209213e-04                 
1.3500000000e+00	4.6542113387e-02	6.0082622732e-18                 	1.3331870152e-18                 	4.6750752580e-18                 	2.2189228009e-01                 	3.9084222708e-04                 
1.3600000000e+00	4.6199891965e-02	6.0342040744e-18                 	1.2927947975e-18                 	4.7414092769e-18                 	2.1424446067e-01                 	3.8508205211e-04                 
1.3700000000e+00	4.5862666476e-02	6.1596736980e-18                 	1.2531125004e-18                 	4.9065611976e-18                 	2.0343813031e-01                 	3.7943100846e-04                 
1.3800000000e+00	4.5530328313e-02	6.4163997982e-18                 	1.2156652242e-18                 	5.2007345740e-18                 	1.8946220036e-01                 	3.7391926721e-04                 
1.3900000000e+00	4.5202771994e-02	6.8660561729e-18                 	1.1788448716e-18                 	5.6872113013e-18                 	1.7169170218e-01                 	3.6850998960e-04                 
1.4000000000e+00	4.4879895051e-02	7.5702708118e-18                 	1.1440912184e-18                 	6.4261795935e-18                 	1.5112949679e-01                 	3.6323261934e-04                 
1.4100000000e+00	4.4561597923e-02	1.2203825613e-17                 	1.1105876718e-18                 	1.1093237941e-17                 	9.1003240051e-02                 	3.5806735604e-04                 
1.4200000000e+00	4.4247783853e-02	2.0151089927e-17                 	1.0776040883e-18                 	1.9073485839e-17                 	5.3476218519e-02                 	3.5299544379e-04                 
1.4300000000e+00	4.3938358791e-02	3.3725698452e-17                 	1.0458053117e-18                 	3.2679893140e-17                 	3.1009152064e-02                 	3.4802989024e-04                 
1.4400000000e+00	4.3633231300e-02	4.8880041157e-17                 	1.0157805068e-18                 	4.7864260650e-17                 	2.0781089434e-02                 	3.4318291467e-04                 
1.4490000000e+00	4.3362217441e-02	6.4691647525e-17                 	9.8953377964e-19                 	6.3702113746e-17                 	1.5296159821e-02                 	3.3890333910e-04                 
1.4600000000e+00	4.3035515803e-02	9.2600192257e-17                 	9.5823762083e-19                 	9.1641954636e-17                 	1.0348116969e-02                 	3.3377189465e-04                 
1.4710000000e+00	4.2713700253e-02	1.2421491946e-16                 	9.2814025541e-19                 	1.2328677921e-16                 	7.4720513398e-03                 	3.2875546512e-04                 
1.4810000000e+00	4.2425289042e-02	1.5266601765e-16                 	9.0275822220e-19                 	1.5176325943e-16                 	5.9132886027e-03                 	3.2431676129e-04                 
1.4930000000e+00	4.2084295427e-02	1.6944285762e-16                 	8.7298223476e-19                 	1.6856987538e-16                 	5.1520745520e-03                 	3.1909644126e-04                 
1.5040000000e+00	4.1776498053e-02	1.6339321428e-16                 	8.4665266119e-19                 	1.6254656162e-16                 	5.1816880211e-03                 	3.1441838324e-04                 
1.5150000000e+00	4.1473170344e-02	1.5529832844e-16                 	8.2129201849e-19                 	1.5447703643e-16                 	5.2884794493e-03                 	3.0984205035e-04                 
1.5270000000e+00	4.1147251520e-02	1.4707194649e-16                 	7.9477310965e-19                 	1.4627717338e-16                 	5.4039749157e-03                 	3.0496471849e-04                 
1.5380000000e+00	4.0852960385e-02	1.3673500407e-16                 	7.7081333580e-19                 	1.3596419073e-16                 	5.6372787719e-03                 	3.0057844250e-04                 
1.5630000000e+00	4.0199522119e-02	1.1311572338e-16                 	7.1992382081e-19                 	1.1239579956e-16                 	6.3644893859e-03                 	2.9096335255e-04                 
1.5870000000e+00	3.9591589837e-02	8.9797616145e-17                 	6.7477458596e-19                 	8.9122841559e-17                 	7.5143930867e-03                 	2.8215522612e-04                 
1.6130000000e+00	3.8953411700e-02	7.5752491551e-17                 	6.2949460737e-19                 	7.5122996944e-17                 	8.3098865064e-03                 	2.7304850591e-04                 
1.6500000000e+00	3.8079910953e-02	6.5822665929e-17                 	5.7087241623e-19                 	6.5251793512e-17                 	8.6728850644e-03                 	2.6081400056e-04                 
1.6800000000e+00	3.7399912543e-02	5.6094935620e-17                 	5.2811522328e-19                 	5.5566820397e-17                 	9.4146684980e-03                 	2.5148299571e-04                 
1.7000000000e+00	3.6959913572e-02	5.0846642484e-17                 	5.0143233561e-19                 	5.0345210149e-17                 	9.8616606940e-03                 	2.4552505371e-04                 
1.7300000000e+00	3.6318990215e-02	4.4026751351e-17                 	4.6453412491e-19                 	4.3562217226e-17                 	1.0551178787e-02                 	2.3697949165e-04                 
1.7600000000e+00	3.5699916518e-02	3.9953004536e-17                 	4.3085826970e-19                 	3.9522146266e-17                 	1.0784126869e-02                 	2.2886901007e-04                 
1.8000000000e+00	3.4906585040e-02	3.6248614214e-17                 	3.8998566695e-19                 	3.5858628547e-17                 	1.0758636583e-02                 	2.1866604284e-04                 
1.8300000000e+00	3.4334345941e-02	3.2932332158e-17                 	3.6217545120e-19                 	3.2570156707e-17                 	1.0997564626e-02                 	2.1144404510e-04                 
1.8400000000e+00	3.4147746235e-02	3.2955446565e-17                 	3.5320278966e-19                 	3.2602243775e-17                 	1.0717584693e-02                 	2.0910608696e-04                 
1.8500000000e+00	3.3963163823e-02	3.3496718552e-17                 	3.4471823199e-19                 	3.3152000320e-17                 	1.0291104529e-02                 	2.0681529767e-04                 
1.8550000000e+00	3.3871618907e-02	3.4345689728e-17                 	3.4056711767e-19                 	3.4005122610e-17                 	9.9158619427e-03                 	2.0568384854e-04                 
1.8600000000e+00	3.3780566168e-02	3.5611085288e-17                 	3.3625317243e-19                 	3.5274832116e-17                 	9.4423736234e-03                 	2.0455257127e-04                 
1.8700000000e+00	3.3599921429e-02	4.0326870020e-17                 	3.2803179203e-19                 	3.9998838228e-17                 	8.1343231415e-03                 	2.0232630582e-04                 
1.8900000000e+00	3.3244366705e-02	6.2571811272e-17                 	3.1249554522e-19                 	6.2259315727e-17                 	4.9941904967e-03                 	1.9798876888e-04                 
1.9050000000e+00	3.2982600038e-02	9.8588000247e-17                 	3.0116200935e-19                 	9.8286838238e-17                 	3.0547532011e-03                 	1.9481475489e-04                 
1.9230000000e+00	3.2673870552e-02	1.6882321861e-16                 	2.8830735106e-19                 	1.6853491126e-16                 	1.7077470352e-03                 	1.9110933207e-04                 
1.9420000000e+00	3.2354198286e-02	2.6233230823e-16                 	2.7552545628e-19                 	2.6205678278e-16                 	1.0502917393e-03                 	1.8731420415e-04                 
1.9610000000e+00	3.2040720587e-02	3.3813563988e-16                 	2.6393849403e-19                 	3.3787170138e-16                 	7.8056987465e-04                 	1.8365377865e-04                 
1.9800000000e+00	3.1733259127e-02	3.7493399444e-16                 	2.5293023359e-19                 	3.7468106421e-16                 	6.7459936238e-04                 	1.8009871664e-04                 
2.0000000000e+00	3.1415926536e-02	3.7728971983e-16                 	2.4198206421e-19                 	3.7704773777e-16                 	6.4136935488e-04                 	1.7646843094e-04                 
2.0200000000e+00	3.1104877758e-02	3.5687601094e-16                 	2.3128325641e-19                 	3.5664472769e-16                 	6.4807734148e-04                 	1.7293077150e-04                 
2.0410000000e+00	3.0784837370e-02	3.2901375983e-16                 	2.2070698797e-19                 	3.2879305284e-16                 	6.7081385317e-04                 	1.6933123610e-04                 
2.0620000000e+00	3.0471315748e-02	2.8319476163e-16                 	2.1041165921e-19                 	2.8298434998e-16                 	7.4299276582e-04                 	1.6582723838e-04                 
2.0830000000e+00	3.0164115733e-02	2.2653662369e-16                 	2.0053649282e-19                 	2.2633608719e-16                 	8.8522769325e-04                 	1.6242236507e-04                 
2.1050000000e+00	2.9848861317e-02	1.6640715988e-16                 	1.9057019103e-19                 	1.6621658969e-16                 	1.1452042758e-03                 	1.5895473307e-04                 
2.1300000000e+00	2.9498522569e-02	1.1408895793e-16                 	1.7965212451e-19                 	1.1390930581e-16                 	1.5746670648e-03                 	1.5513007169e-04                 
2.1500000000e+00	2.9224117708e-02	8.6681235986e-17                 	1.7138016118e-19                 	8.6509855824e-17                 	1.9771310276e-03                 	1.5216434228e-04                 
2.1700000000e+00	2.8954771001e-02	6.9116061530e-17                 	1.6342167509e-19                 	6.8952639855e-17                 	2.3644529429e-03                 	1.4927468855e-04                 
2.1900000000e+00	2.8690343868e-02	5.7379850070e-17                 	1.5587559262e-19                 	5.7223974477e-17                 	2.7165562899e-03                 	1.4646485895e-04                 
2.2200000000e+00	2.8302636519e-02	4.6674896930e-17                 	1.4512174714e-19                 	4.6529775182e-17                 	3.1092033767e-03                 	1.4238418647e-04                 
2.2400000000e+00	2.8049934407e-02	4.2345455992e-17                 	1.3821195825e-19                 	4.2207244034e-17                 	3.2639147462e-03                 	1.3974346884e-04                 
2.2450000000e+00	2.7987462393e-02	4.2032585133e-17                 	1.3659054515e-19                 	4.1895994588e-17                 	3.2496346517e-03                 	1.3909749886e-04                 
2.2500000000e+00	2.7925268032e-02	4.2136230938e-17                 	1.3489266540e-19                 	4.2001338273e-17                 	3.2013462617e-03                 	1.3844987083e-04                 
2.2600000000e+00	2.7801704899e-02	4.2854030073e-17                 	1.3166023976e-19                 	4.2722369833e-17                 	3.0722954069e-03                 	1.3717369008e-04                 
2.2700000000e+00	2.7679230428e-02	4.4590507062e-17                 	1.2851214186e-19                 	4.4461994920e-17                 	2.8820515918e-03                 	1.3591461787e-04                 
2.2900000000e+00	2.7437490424e-02	5.1705794736e-17                 	1.2236932717e-19                 	5.1583425409e-17                 	2.3666462877e-03                 	1.3344080422e-04                 
2.3100000000e+00	2.7199936395e-02	6.3418712408e-17                 	1.1645625584e-19                 	6.3302256152e-17                 	1.8363074781e-03                 	1.3102642262e-04                 
2.3300000000e+00	2.6966460546e-02	7.7367016873e-17                 	1.1076524821e-19                 	7.7256251625e-17                 	1.4316856548e-03                 	1.2866955042e-04                 
2.3500000000e+00	2.6736958754e-02	9.1377916962e-17                 	1.0528890376e-19                 	9.1272628058e-17                 	1.1522357617e-03                 	1.2636834534e-04                 
2.3700000000e+00	2.6511330410e-02	1.0249231603e-16                 	1.0002008155e-19                 	1.0239229594e-16                 	9.7587883098e-04                 	1.2412104160e-04                 
2.3900000000e+00	2.6289478273e-02	1.0997012265e-16                 	9.4951919066e-20                 	1.0987517073e-16                 	8.6343378349e-04                 	1.2192594571e-04                 
2.4100000000e+00	2.6071308329e-02	1.1605630285e-16                 	9.0007684930e-20                 	1.1596629516e-16                 	7.7555188922e-04                 	1.1977626811e-04                 
2.4300000000e+00	2.5856729659e-02	1.2114189313e-16                 	8.5256944387e-20                 	1.2105663619e-16                 	7.0377754701e-04                 	1.1767580891e-04                 
2.4600000000e+00	2.5541403688e-02	1.3072353524e-16                 	7.8314069052e-20                 	1.3064522117e-16                 	5.9908163367e-04                 	1.1460120931e-04                 
2.5000000000e+00	2.5132741229e-02	1.4256632944e-16                 	6.9505866796e-20                 	1.4249682357e-16                 	4.8753353663e-04                 	1.1064502374e-04                 
2.5200000000e+00	2.4933275028e-02	1.4466053083e-16                 	6.5214297190e-20                 	1.4459531653e-16                 	4.5080919320e-04                 	1.0871894665e-04                 
2.5500000000e+00	2.4639942381e-02	1.4276526278e-16                 	5.8921990964e-20                 	1.4270634079e-16                 	4.1271938156e-04                 	1.0589106831e-04                 
2.5650000000e+00	2.4495849151e-02	1.3897034384e-16                 	5.5859393128e-20                 	1.3891448444e-16                 	4.0195189553e-04                 	1.0450498258e-04                 
2.5800000000e+00	2.4353431423e-02	1.3695937941e-16                 	5.2745024955e-20                 	1.3690663438e-16                 	3.8511436882e-04                 	1.0312687798e-04                 
2.5900000000e+00	2.4259402730e-02	1.3746185563e-16                 	5.0720001748e-20                 	1.3741113563e-16                 	3.6897509870e-04                 	1.0221940317e-04                 
2.6000000000e+00	2.4166097335e-02	1.3910248303e-16                 	4.8669503032e-20                 	1.3905381353e-16                 	3.4988234554e-04                 	1.0131452899e-04                 
2.6200000000e+00	2.3981623310e-02	1.4797480569e-16                 	4.4598831958e-20                 	1.4793020686e-16                 	3.0139476615e-04                 	9.9521330942e-05                 
2.6750000000e+00	2.3488543204e-02	2.4861469396e-16                 	3.3250242433e-20                 	2.4858144372e-16                 	1.3374206449e-04                 	9.4646844888e-05                 
2.7250000000e+00	2.3057560760e-02	6.3518714995e-16                 	2.2521019359e-20                 	6.3516462893e-16                 	3.5455722555e-05                 	9.0197820643e-05                 
2.7780000000e+00	2.2617657693e-02	2.4411653722e-15                 	1.1135198611e-20                 	2.4411542370e-15                 	4.5614273976e-06                 	8.5312177816e-05                 
2.8170000000e+00	2.2304527182e-02	5.9159899374e-15                 	4.8328221466e-21                 	5.9159851046e-15                 	8.1690844605e-07                 	8.1575680335e-05                 
2.8330000000e+00	2.2178557385e-02	8.3591656256e-15                 	3.6751098570e-21                 	8.3591619504e-15                 	4.3965032177e-07                 	8.0010226382e-05                 
2.8490000000e+00	2.2054002482e-02	1.1529722251e-14                 	3.9462605557e-21                 	1.1529718305e-14                 	3.4226848398e-07                 	7.8436736157e-05                 
2.8650000000e+00	2.1930838769e-02	1.5729933996e-14                 	6.3137017153e-21                 	1.5729927682e-14                 	4.0138132284e-07                 	7.6833199072e-05                 
2.8820000000e+00	2.1801475736e-02	2.2131419324e-14                 	1.2801933076e-20                 	2.2131406522e-14                 	5.7845061307e-07                 	7.5113246397e-05                 
2.8990000000e+00	2.1673629897e-02	3.1316434913e-14                 	2.5748103429e-20                 	3.1316409165e-14                 	8.2219139886e-07                 	7.3512001775e-05                 
2.9150000000e+00	2.1554666577e-02	4.0964608335e-14                 	4.2609186956e-20                 	4.0964565726e-14                 	1.0401463284e-06                 	7.2306578476e-05                 
2.9330000000e+00	2.1422384273e-02	5.0951345956e-14                 	6.3511853587e-20                 	5.0951282444e-14                 	1.2465196433e-06                 	7.1329205509e-05                 
2.9500000000e+00	2.1298933245e-02	5.7128203947e-14                 	7.8546899586e-20                 	5.7128125400e-14                 	1.3749233156e-06                 	7.0665269986e-05                 
2.9670000000e+00	2.1176896890e-02	6.3080640903e-14                 	9.5153457202e-20                 	6.3080545749e-14                 	1.5084415098e-06                 	6.9881258371e-05                 
2.9850000000e+00	2.1049197009e-02	7.0028685027e-14                 	1.1702749527e-19                 	7.0028568000e-14                 	1.6711365524e-06                 	6.8959018897e-05                 
3.0030000000e+00	2.0923027996e-02	7.8317760847e-14                 	1.4727488270e-19                 	7.8317613572e-14                 	1.8804787204e-06                 	6.8030247167e-05                 
3.0210000000e+00	2.0798362487e-02	8.6660186644e-14                 	1.8456526143e-19                 	8.6660002079e-14                 	2.1297584113e-06                 	6.7306001505e-05                 
3.0400000000e+00	2.0668372721e-02	9.4177458740e-14                 	2.3069915847e-19                 	9.4177228040e-14                 	2.4496218262e-06                 	6.6970702742e-05                 
3.0580000000e+00	2.0546714543e-02	9.7823065272e-14                 	2.7992667324e-19                 	9.7822785345e-14                 	2.8615610486e-06                 	6.7620826694e-05                 
3.0770000000e+00	2.0419841752e-02	9.0916432468e-14                 	2.9728328140e-19                 	9.0916135184e-14                 	3.2698520315e-06                 	7.0222487284e-05                 
3.0960000000e+00	2.0294526186e-02	7.9067594723e-14                 	2.8701499073e-19                 	7.9067307708e-14                 	3.6299952179e-06                 	7.3531031553e-05                 
3.1150000000e+00	2.0170739349e-02	6.7608910537e-14                 	2.6602375783e-19                 	6.7608644513e-14                 	3.9347440407e-06                 	7.6191376886e-05                 
3.1350000000e+00	2.0042058396e-02	5.8695954696e-14                 	2.5165442363e-19                 	5.8695703042e-14                 	4.2874236383e-06                 	7.8050838427e-05                 
3.1550000000e+00	1.9915008898e-02	5.0138877675e-14                 	2.3917128540e-19                 	5.0138638503e-14                 	4.7701762882e-06                 	7.9718888455e-05                 
3.1750000000e+00	1.9789560023e-02	4.1226960734e-14                 	2.2305128035e-19                 	4.1226737683e-14                 	5.4103255827e-06                 	8.0943394592e-05                 
3.1950000000e+00	1.9665681713e-02	3.2778150860e-14                 	2.0268047246e-19                 	3.2777948180e-14                 	6.1834016606e-06                 	8.1171178912e-05                 
3.2150000000e+00	1.9543344657e-02	2.6052834346e-14                 	1.8157677118e-19                 	2.6052652769e-14                 	6.9695591954e-06                 	8.0328693980e-05                 
3.2360000000e+00	1.9416518255e-02	2.1280793964e-14                 	1.6345900851e-19                 	2.1280630505e-14                 	7.6810578020e-06                 	7.8932953234e-05                 
3.2570000000e+00	1.9291327317e-02	1.7514708024e-14                 	1.4945904455e-19                 	1.7514558565e-14                 	8.5333449094e-06                 	7.7543955209e-05                 
3.2790000000e+00	1.9161894807e-02	1.3544352891e-14                 	1.3441320650e-19                 	1.3544218478e-14                 	9.9239297422e-06                 	7.5882664517e-05                 
3.3000000000e+00	1.9039955476e-02	1.1629432272e-14                 	1.2300087195e-19                 	1.1629309271e-14                 	1.0576687587e-05                 	7.4276520363e-05                 
3.3220000000e+00	1.8913863056e-02	9.4905751858e-15                 	1.1333842824e-19                 	9.4904618473e-15                 	1.1942208562e-05                 	7.2792092431e-05                 
3.3450000000e+00	1.8783812578e-02	7.6263352205e-15                 	1.0416880748e-19                 	7.6262310517e-15                 	1.3659091092e-05                 	7.1262326955e-05                 
3.3670000000e+00	1.8661079023e-02	6.0964335347e-15                 	9.6152930718e-20                 	6.0963373818e-15                 	1.5771996885e-05                 	6.9831327637e-05                 
3.3900000000e+00	1.8534469933e-02	4.9429517891e-15                 	8.8673212789e-20                 	4.9428631159e-15                 	1.7939323823e-05                 	6.8388862173e-05                 
3.4130000000e+00	1.8409567264e-02	4.0771354059e-15                 	8.2235798755e-20                 	4.0770531701e-15                 	2.0169994510e-05                 	6.7037411392e-05                 
3.4360000000e+00	1.8286336750e-02	3.3488899832e-15                 	7.6607379360e-20                 	3.3488133759e-15                 	2.2875454178e-05                 	6.5764974611e-05                 
3.4600000000e+00	1.8159495107e-02	2.7269992557e-15                 	7.1359391548e-20                 	2.7269278964e-15                 	2.6167734149e-05                 	6.4500357723e-05                 
3.4840000000e+00	1.8034400996e-02	2.2338992376e-15                 	6.6697614142e-20                 	2.2338325400e-15                 	2.9857037873e-05                 	6.3299078374e-05                 
3.5090000000e+00	1.7905914241e-02	1.8448143172e-15                 	6.2324437541e-20                 	1.8447519927e-15                 	3.3783582966e-05                 	6.2102645229e-05                 
3.5340000000e+00	1.7779245351e-02	1.5415721613e-15                 	5.8451058080e-20                 	1.5415137103e-15                 	3.7916524148e-05                 	6.0966928295e-05                 
3.5590000000e+00	1.7654356019e-02	1.3122777946e-15                 	5.4964886912e-20                 	1.3122228297e-15                 	4.1885100196e-05                 	5.9880818178e-05                 
3.6240000000e+00	1.7337707801e-02	9.4114512003e-16                 	4.7407774989e-20                 	9.4109771225e-16                 	5.0372438831e-05                 	5.7264867120e-05                 
3.7320000000e+00	1.6835973492e-02	7.6027934410e-16                 	3.8247312974e-20                 	7.6024109679e-16                 	5.0306921096e-05                 	5.3446720872e-05                 
3.7750000000e+00	1.6644199489e-02	7.8877063946e-16                 	3.5320984192e-20                 	7.8873531847e-16                 	4.4779790759e-05                 	5.2058385919e-05                 
3.8470000000e+00	1.6332688607e-02	9.2277509022e-16                 	3.1254470149e-20                 	9.2274383575e-16                 	3.3870084358e-05                 	4.9898323763e-05                 
3.9690000000e+00	1.5830650812e-02	1.2163253470e-15                 	2.5947310508e-20                 	1.2162993997e-15                 	2.1332541143e-05                 	4.6606212618e-05                 
4.0990000000e+00	1.5328580891e-02	1.5682093994e-15                 	2.1740318240e-20                 	1.5681876591e-15                 	1.3863147516e-05                 	4.3503717905e-05                 
4.2390000000e+00	1.4822329104e-02	1.9348585678e-15                 	1.8268204987e-20                 	1.9348402996e-15                 	9.4416229127e-06                 	4.0531181577e-05                 
4.3480000000e+00	1.4450748177e-02	2.4426665306e-15                 	1.6185004934e-20                 	2.4426503456e-15                 	6.6259576293e-06                 	3.8451410935e-05                 
4.3870000000e+00	1.4322282442e-02	2.6678545668e-15                 	1.5592900434e-20                 	2.6678389739e-15                 	5.8447340527e-06                 	3.7761348582e-05                 
4.4440000000e+00	1.4138580799e-02	2.9626582744e-15                 	1.4918960806e-20                 	2.9626433554e-15                 	5.0356671017e-06                 	3.6815831005e-05                 
4.5050000000e+00	1.3947137197e-02	3.1006475712e-15                 	1.4380036756e-20                 	3.1006331911e-15                 	4.6377527357e-06                 	3.5876650489e-05                 
4.5470000000e+00	1.3818309451e-02	2.9802013745e-15                 	1.4058913325e-20                 	2.9801873155e-15                 	4.7174373671e-06                 	3.5263607219e-05                 
4.5600000000e+00	1.3778915147e-02	2.8901328179e-15                 	1.3957860788e-20                 	2.8901188600e-15                 	4.8294876630e-06                 	3.5077482189e-05                 
4.5800000000e+00	1.3718745212e-02	2.7571792468e-15                 	1.3770749617e-20                 	2.7571654761e-15                 	4.9945064809e-06                 	3.4786486739e-05                 
4.7190000000e+00	1.3314654179e-02	1.8031975242e-15                 	1.2040747926e-20                 	1.8031854835e-15                 	6.6774425788e-06                 	3.2739118255e-05                 
4.9040000000e+00	1.2812368082e-02	1.2121100131e-15                 	9.8241059726e-21                 	1.2121001890e-15                 	8.1049623110e-06                 	3.0192275924e-05                 
5.0000000000e+00	1.2566370614e-02	1.0983217677e-15                 	8.8274617369e-21                 	1.0983129403e-15                 	8.0372273373e-06                 	2.8973572979e-05                 
5.1000000000e+00	1.2319971191e-02	1.0634043182e-15                 	7.9028878324e-21                 	1.0633964153e-15                 	7.4316867980e-06                 	2.7777230208e-05                 
5.2000000000e+00	1.2083048668e-02	1.1171465855e-15                 	7.0874395803e-21                 	1.1171394981e-15                 	6.3442342052e-06                 	2.6651999500e-05                 
5.2630000000e+00	1.1938410236e-02	1.1726498849e-15                 	6.6182784422e-21                 	1.1726432667e-15                 	5.6438656817e-06                 	2.5975741456e-05                 
5.4000000000e+00	1.1635528347e-02	1.4007335005e-15                 	5.7192158655e-21                 	1.4007277813e-15                 	4.0830149800e-06                 	2.4590367122e-05                 
5.5560000000e+00	1.1308828847e-02	1.8156494866e-15                 	4.8563198110e-21                 	1.8156446302e-15                 	2.6747011728e-06                 	2.3138115168e-05                 
5.7140000000e+00	1.0996124094e-02	2.5886416145e-15                 	4.1600019891e-21                 	2.5886374545e-15                 	1.6070212137e-06                 	2.1796296796e-05                 
5.7470000000e+00	1.0932982960e-02	2.8003499993e-15                 	4.0342041950e-21                 	2.8003459651e-15                 	1.4406071370e-06                 	2.1530624071e-05                 
5.7800000000e+00	1.0870562815e-02	3.0571782236e-15                 	3.9278253653e-21                 	3.0571742958e-15                 	1.2847878265e-06                 	2.1274035108e-05                 
5.8140000000e+00	1.0806992272e-02	3.3431104735e-15                 	3.8415782221e-21                 	3.3431066320e-15                 	1.1491029843e-06                 	2.1020896772e-05                 
5.8480000000e+00	1.0744160922e-02	3.6136081100e-15                 	3.7724793081e-21                 	3.6136043375e-15                 	1.0439647004e-06                 	2.0777631286e-05                 
5.8820000000e+00	1.0682055946e-02	3.9011333121e-15                 	3.7280329928e-21                 	3.9011295840e-15                 	9.5562819688e-07                 	2.0546512578e-05                 
6.0610000000e+00	1.0366581929e-02	4.8015914339e-15                 	3.5733207511e-21                 	4.8015878606e-15                 	7.4419508621e-07                 	1.9430623397e-05                 
6.1350000000e+00	1.0241540843e-02	4.8116928370e-15                 	3.5451311839e-21                 	4.8116892919e-15                 	7.3677420899e-07                 	1.9021624527e-05                 
6.2500000000e+00	1.0053096491e-02	4.5586275130e-15                 	3.4121700066e-21                 	4.5586241009e-15                 	7.4850818516e-07                 	1.8385586343e-05                 
6.2890000000e+00	9.9907541854e-03	4.4583012301e-15                 	3.3521121944e-21                 	4.4582978779e-15                 	7.5188104648e-07                 	1.8170888712e-05                 
6.3290000000e+00	9.9276114824e-03	4.3597932955e-15                 	3.2842775702e-21                 	4.3597900112e-15                 	7.5331038597e-07                 	1.7951189425e-05                 
6.3690000000e+00	9.8652619048e-03	4.2814271347e-15                 	3.2158095475e-21                 	4.2814239189e-15                 	7.5110691981e-07                 	1.7733860576e-05                 
6.4100000000e+00	9.8021611656e-03	4.2032930131e-15                 	3.1438167384e-21                 	4.2032898693e-15                 	7.4794137087e-07                 	1.7513512494e-05                 
6.4520000000e+00	9.7383529250e-03	4.1276340177e-15                 	3.0721604683e-21                 	4.1276309455e-15                 	7.4429090737e-07                 	1.7291942051e-05                 
6.4940000000e+00	9.6753700449e-03	4.0546367179e-15                 	3.0010864723e-21                 	4.0546337168e-15                 	7.4016161770e-07                 	1.7073846750e-05                 
6.5790000000e+00	9.5503652640e-03	3.9196926516e-15                 	2.8561012543e-21                 	3.9196897955e-15                 	7.2865438906e-07                 	1.6641193513e-05                 
6.6670000000e+00	9.4243067454e-03	3.8131534128e-15                 	2.7132997446e-21                 	3.8131506995e-15                 	7.1156322627e-07                 	1.6208717551e-05                 
6.7570000000e+00	9.2987794986e-03	3.7466973409e-15                 	2.5851322123e-21                 	3.7466947557e-15                 	6.8997625831e-07                 	1.5786962188e-05                 
6.8970000000e+00	9.1100265437e-03	3.5047593026e-15                 	2.3921100780e-21                 	3.5047569105e-15                 	6.8253191488e-07                 	1.5162242733e-05                 
7.0420000000e+00	8.9224443442e-03	3.2632815803e-15                 	2.1975954690e-21                 	3.2632793827e-15                 	6.7343115051e-07                 	1.4546387624e-05                 
7.1430000000e+00	8.7962835044e-03	3.0809701983e-15                 	2.0624545909e-21                 	3.0809681359e-15                 	6.6941724787e-07                 	1.4133480309e-05                 
7.2460000000e+00	8.6712466287e-03	2.9770484720e-15                 	1.9383662154e-21                 	2.9770465336e-15                 	6.5110334403e-07                 	1.3730481600e-05                 
7.3530000000e+00	8.5450636573e-03	2.7902398023e-15                 	1.8129411206e-21                 	2.7902379893e-15                 	6.4974383890e-07                 	1.3327800923e-05                 
7.4630000000e+00	8.4191147088e-03	2.6566047482e-15                 	1.6889978313e-21                 	2.6566030592e-15                 	6.3577309812e-07                 	1.2927745567e-05                 
7.5760000000e+00	8.2935392122e-03	2.5313649674e-15                 	1.5733533943e-21                 	2.5313633940e-15                 	6.2154348132e-07                 	1.2535751028e-05                 
7.6920000000e+00	8.1684676380e-03	2.3522919624e-15                 	1.4567687816e-21                 	2.3522905056e-15                 	6.1929760628e-07                 	1.2147412688e-05                 
7.8120000000e+00	8.0429919447e-03	2.2467419077e-15                 	1.3407401098e-21                 	2.2467405670e-15                 	5.9674860971e-07                 	1.1758923390e-05                 
7.9370000000e+00	7.9163226750e-03	2.1645116426e-15                 	1.2306304025e-21                 	2.1645104120e-15                 	5.6854875634e-07                 	1.1372829666e-05                 
8.0650000000e+00	7.7906823400e-03	2.1025267527e-15                 	1.1276328878e-21                 	2.1025256251e-15                 	5.3632272995e-07                 	1.0995679734e-05                 
8.1970000000e+00	7.6652254571e-03	2.0541298299e-15                 	1.0315085146e-21                 	2.0541287984e-15                 	5.0216325161e-07                 	1.0625539477e-05                 
8.3330000000e+00	7.5401239736e-03	2.0131084149e-15                 	9.4077935762e-22                 	2.0131074741e-15                 	4.6732672252e-07                 	1.0261975741e-05                 
8.4750000000e+00	7.4137879731e-03	1.9729641246e-15                 	8.5403925813e-22                 	1.9729632706e-15                 	4.3287115435e-07                 	9.9003815756e-06                 
8.6960000000e+00	7.2253740883e-03	1.9207193458e-15                 	7.3148017326e-22                 	1.9207186143e-15                 	3.8083657295e-07                 	9.3696095897e-06                 
8.9290000000e+00	7.0368297762e-03	1.8874852353e-15                 	6.1652514793e-22                 	1.8874846188e-15                 	3.2663839504e-07                 	8.8479997191e-06                 
9.0910000000e+00	6.9114347236e-03	1.8844102111e-15                 	5.4376928077e-22                 	1.8844096673e-15                 	2.8856205383e-07                 	8.5055807592e-06                 
9.2590000000e+00	6.7860301406e-03	1.9025836860e-15                 	4.7364515628e-22                 	1.9025832123e-15                 	2.4894839569e-07                 	8.1660939433e-06                 
9.5240000000e+00	6.5972126283e-03	1.9860640993e-15                 	3.7325289108e-22                 	1.9860637261e-15                 	1.8793597407e-07                 	7.6597730291e-06                 
9.8040000000e+00	6.4087977429e-03	2.1622808407e-15                 	2.7698937942e-22                 	2.1622805638e-15                 	1.2810055669e-07                 	7.1552675913e-06                 
1.0000000000e+01	6.2831853072e-03	2.4164420243e-15                 	2.1241142385e-22                 	2.4164418119e-15                 	8.7902553305e-08                 	6.8116377306e-06                 
1.0200000000e+01	6.1599855953e-03	3.1017501204e-15                 	1.5915497768e-22                 	3.1017499612e-15                 	5.1311347304e-08                 	6.4723537203e-06                 
1.0310000000e+01	6.0942631495e-03	3.5924480180e-15                 	1.3649258853e-22                 	3.5924478815e-15                 	3.7994311358e-08                 	6.2919467856e-06                 
1.0420000000e+01	6.0299283178e-03	4.2098003091e-15                 	1.1834641863e-22                 	4.2098001907e-15                 	2.8112121703e-08                 	6.1124931597e-06                 
1.0530000000e+01	5.9669376137e-03	5.1627111418e-15                 	1.1150523419e-22                 	5.1627110303e-15                 	2.1598193494e-08                 	5.9354890152e-06                 
1.0640000000e+01	5.9052493489e-03	6.3953758059e-15                 	1.2036280056e-22                 	6.3953756855e-15                 	1.8820285814e-08                 	5.7673919567e-06                 
1.0750000000e+01	5.8448235416e-03	7.9873576683e-15                 	1.5203414730e-22                 	7.9873575163e-15                 	1.9034348230e-08                 	5.6141445293e-06                 
1.0870000000e+01	5.7802992706e-03	9.6273216231e-15                 	1.9888871809e-22                 	9.6273214242e-15                 	2.0658779864e-08                 	5.4673763356e-06                 
1.1000000000e+01	5.7119866429e-03	1.1571425008e-14                 	2.7229664998e-22                 	1.1571424736e-14                 	2.3531816503e-08                 	5.3266561670e-06                 
1.1110000000e+01	5.6554323197e-03	1.2877985549e-14                 	3.3519475932e-22                 	1.2877985213e-14                 	2.6028508733e-08                 	5.2307959497e-06                 
1.1360000000e+01	5.5309729817e-03	1.5063542500e-14                 	4.6868810327e-22                 	1.5063542031e-14                 	3.1114069170e-08                 	5.0468349181e-06                 
1.1630000000e+01	5.4025669021e-03	1.5860481028e-14                 	5.5708852567e-22                 	1.5860480471e-14                 	3.5124314621e-08                 	4.8988432738e-06                 
1.1900000000e+01	5.2799876531e-03	1.6137049186e-14                 	6.2679641695e-22                 	1.6137048559e-14                 	3.8842071418e-08                 	4.7729054469e-06                 
1.2200000000e+01	5.1501518911e-03	1.5517683834e-14                 	6.5850520528e-22                 	1.5517683175e-14                 	4.2435792115e-08                 	4.6673605076e-06                 
1.2500000000e+01	5.0265482457e-03	1.4456564586e-14                 	6.6355957405e-22                 	1.4456563922e-14                 	4.5900225473e-08                 	4.5796390036e-06                 
1.2820000000e+01	4.9010805828e-03	1.2872215145e-14                 	6.3370177773e-22                 	1.2872214511e-14                 	4.9230204017e-08                 	4.4930485140e-06                 
1.2990000000e+01	4.8369401903e-03	1.2011914284e-14                 	6.1192626155e-22                 	1.2011913672e-14                 	5.0943275743e-08                 	4.4436961898e-06                 
1.3160000000e+01	4.7744569203e-03	1.1188673099e-14                 	5.8933504052e-22                 	1.1188672510e-14                 	5.2672469316e-08                 	4.3912453255e-06                 
1.3330000000e+01	4.7135673722e-03	1.0295983569e-14                 	5.5996398621e-22                 	1.0295983009e-14                 	5.4386643343e-08                 	4.3346746051e-06                 
1.3510000000e+01	4.6507663266e-03	9.4933456163e-15                 	5.3006542124e-22                 	9.4933450862e-15                 	5.5835470725e-08                 	4.2651253513e-06                 
1.3700000000e+01	4.5862666476e-03	8.6996292006e-15                 	5.0042557467e-22                 	8.6996287001e-15                 	5.7522632647e-08                 	4.1898576800e-06                 
1.3890000000e+01	4.5235315386e-03	7.9272570223e-15                 	4.7162551859e-22                 	7.9272565507e-15                 	5.9494162642e-08                 	4.1132192478e-06                 
1.4080000000e+01	4.4624895648e-03	7.1540693594e-15                 	4.4179677737e-22                 	7.1540689176e-15                 	6.1754611980e-08                 	4.0329991013e-06                 
1.4290000000e+01	4.3969106418e-03	6.3659577957e-15                 	4.0927154925e-22                 	6.3659573865e-15                 	6.4290647594e-08                 	3.9385737719e-06                 
1.4710000000e+01	4.2713700253e-03	4.9882416418e-15                 	3.4297554367e-22                 	4.9882412988e-15                 	6.8756802156e-08                 	3.7283778348e-06                 
1.5150000000e+01	4.1473170344e-03	4.0533508399e-15                 	2.8494641891e-22                 	4.0533505550e-15                 	7.0298977357e-08                 	3.5010735033e-06                 
1.5380000000e+01	4.0852960385e-03	3.7236094846e-15                 	2.5971126247e-22                 	3.7236092248e-15                 	6.9747180403e-08                 	3.3865174002e-06                 
1.5630000000e+01	4.0199522119e-03	3.4440447670e-15                 	2.3610805569e-22                 	3.4440445309e-15                 	6.8555454899e-08                 	3.2683414252e-06                 
1.6130000000e+01	3.8953411700e-03	3.0383361353e-15                 	1.9821201895e-22                 	3.0383359371e-15                 	6.5237027809e-08                 	3.0519354829e-06                 
1.6390000000e+01	3.8335480825e-03	2.9315047642e-15                 	1.8269622190e-22                 	2.9315045815e-15                 	6.2321652734e-08                 	2.9490017694e-06                 
1.6670000000e+01	3.7691573528e-03	2.8379270788e-15                 	1.7002929410e-22                 	2.8379269088e-15                 	5.9913200509e-08                 	2.8499188643e-06                 
1.6950000000e+01	3.7068939865e-03	2.6299719436e-15                 	1.5870323041e-22                 	2.6299717849e-15                 	6.0344077358e-08                 	2.7589592953e-06                 
1.7240000000e+01	3.6445390413e-03	2.3858382464e-15                 	1.4711497982e-22                 	2.3858380993e-15                 	6.1661757685e-08                 	2.6674889140e-06                 
1.8180000000e+01	3.4560975287e-03	1.6913147895e-15                 	1.1101471513e-22                 	1.6913146784e-15                 	6.5638115284e-08                 	2.3823720151e-06                 
1.8320000000e+01	3.4296863030e-03	1.6515444916e-15                 	1.0629876097e-22                 	1.6515443853e-15                 	6.4363243930e-08                 	2.3420382087e-06                 
1.8610000000e+01	3.3762414332e-03	1.5707060361e-15                 	9.7699473473e-23                 	1.5707059384e-15                 	6.2200991929e-08                 	2.2631794909e-06                 
1.8870000000e+01	3.3297219434e-03	1.5029277950e-15                 	9.0451251349e-23                 	1.5029277046e-15                 	6.0183364530e-08                 	2.1949822080e-06                 
1.9230000000e+01	3.2673870552e-03	1.5616953204e-15                 	8.2874490142e-23                 	1.5616952375e-15                 	5.3067002930e-08                 	2.1090084786e-06                 
1.9610000000e+01	3.2040720587e-03	1.5085891082e-15                 	7.7202863560e-23                 	1.5085890310e-15                 	5.1175540868e-08                 	2.0304438827e-06                 
2.0000000000e+01	3.1415926536e-03	1.3191701898e-15                 	7.1569429300e-23                 	1.3191701182e-15                 	5.4253370683e-08                 	1.9545754008e-06                 
2.0410000000e+01	3.0784837370e-03	1.0635640806e-15                 	6.4936819655e-23                 	1.0635640157e-15                 	6.1055860046e-08                 	1.8746477849e-06                 
2.0830000000e+01	3.0164115733e-03	8.5768107920e-16                 	5.8016390393e-23                 	8.5768102118e-16                 	6.7643313814e-08                 	1.7933762573e-06                 
2.2220000000e+01	2.8277161598e-03	5.2978315178e-16                 	3.9969255122e-23                 	5.2978311181e-16                 	7.5444556868e-08                 	1.5539740700e-06                 
2.2600000000e+01	2.7801704899e-03	4.9713461600e-16                 	3.6091170160e-23                 	4.9713457991e-16                 	7.2598384821e-08                 	1.4958987631e-06                 
2.3050000000e+01	2.7258938426e-03	4.8189325451e-16                 	3.2125847156e-23                 	4.8189322238e-16                 	6.6665899253e-08                 	1.4316027101e-06                 
2.3600000000e+01	2.6623666556e-03	4.7959039034e-16                 	2.7999949408e-23                 	4.7959036234e-16                 	5.8383049310e-08                 	1.3587665890e-06                 
2.4600000000e+01	2.5541403688e-03	4.9332297963e-16                 	2.2016764946e-23                 	4.9332295762e-16                 	4.4629514243e-08                 	1.2400866634e-06                 
2.5000000000e+01	2.5132741229e-03	5.0646549589e-16                 	2.0018524185e-23                 	5.0646547588e-16                 	3.9525938780e-08                 	1.1967062159e-06                 
2.6000000000e+01	2.4166097335e-03	5.5873223549e-16                 	1.5846249829e-23                 	5.5873221964e-16                 	2.8361080357e-08                 	1.0974190091e-06                 
2.8570000000e+01	2.1992248188e-03	7.8982576728e-16                 	8.8290355354e-24                 	7.8982575845e-16                 	1.1178459733e-08                 	8.9014787999e-07                 
3.1000000000e+01	2.0268339701e-03	1.2598983066e-15                 	5.2675387623e-24                 	1.2598983013e-15                 	4.1809237576e-09                 	7.4076707568e-07                 
3.3330000000e+01	1.8851441066e-03	1.8730392890e-15                 	3.7006749843e-24                 	1.8730392853e-15                 	1.9757594013e-09                 	6.3024367329e-07                 
3.4480000000e+01	1.8222695206e-03	2.1852489088e-15                 	3.3373583739e-24                 	2.1852489054e-15                 	1.5272211602e-09                 	5.8510563700e-07                 
3.5640000000e+01	1.7629588404e-03	2.4953069604e-15                 	3.1274910963e-24                 	2.4953069573e-15                 	1.2533492455e-09                 	5.4450990825e-07                 
3.7000000000e+01	1.6981581911e-03	2.8402252626e-15                 	2.9998964554e-24                 	2.8402252596e-15                 	1.0562177919e-09                 	5.0216662399e-07                 
3.8240000000e+01	1.6430923920e-03	3.1330559610e-15                 	2.9418359077e-24                 	3.1330559580e-15                 	9.3896692059e-10                 	4.6762667629e-07                 
3.9600000000e+01	1.5866629564e-03	3.4342902275e-15                 	2.8902770997e-24                 	3.4342902246e-15                 	8.4159372338e-10                 	4.3306381532e-07                 
4.1140000000e+01	1.5272691559e-03	3.8050564909e-15                 	2.8199550888e-24                 	3.8050564881e-15                 	7.4110728593e-10                 	3.9598411840e-07                 
4.2760000000e+01	1.4694072281e-03	4.5631500350e-15                 	3.1534265118e-24                 	4.5631500318e-15                 	6.9106351701e-10                 	3.5769780737e-07                 
4.3580000000e+01	1.4417589048e-03	5.2150611704e-15                 	3.6825717307e-24                 	5.2150611667e-15                 	7.0614161758e-10                 	3.3783741504e-07                 
4.4580000000e+01	1.4094179693e-03	6.3129557111e-15                 	4.9991452882e-24                 	6.3129557061e-15                 	7.9188664027e-10                 	3.1469658354e-07                 
4.5500000000e+01	1.3809198477e-03	7.4347200769e-15                 	7.0029584544e-24                 	7.4347200699e-15                 	9.4192631086e-10                 	2.9615616468e-07                 
4.6150000000e+01	1.3614702724e-03	7.8440770434e-15                 	8.4802120287e-24                 	7.8440770349e-15                 	1.0810974933e-09                 	2.8862431002e-07                 
4.6710000000e+01	1.3451477857e-03	7.6364627078e-15                 	9.2205844796e-24                 	7.6364626986e-15                 	1.2074418265e-09                 	2.8953236246e-07                 
4.7360000000e+01	1.3266860868e-03	6.8727462569e-15                 	9.1769640001e-24                 	6.8727462477e-15                 	1.3352688514e-09                 	2.9929099431e-07                 
4.8000000000e+01	1.3089969390e-03	5.9271375154e-15                 	8.4840141700e-24                 	5.9271375069e-15                 	1.4313847364e-09                 	3.1381601626e-07                 
4.8780000000e+01	1.2880658686e-03	4.9272625983e-15                 	7.3942084096e-24                 	4.9272625909e-15                 	1.5006726883e-09                 	3.2765017566e-07                 
5.0030000000e+01	1.2558835313e-03	3.8565557557e-15                 	5.8925826725e-24                 	3.8565557498e-15                 	1.5279391887e-09                 	3.3239616976e-07                 
5.1280000000e+01	1.2252701457e-03	3.2466390557e-15                 	4.8555167969e-24                 	3.2466390509e-15                 	1.4955517732e-09                 	3.2397099468e-07                 
5.2750000000e+01	1.1911251767e-03	2.8305781140e-15                 	4.0509386269e-24                 	2.8305781099e-15                 	1.4311347236e-09                 	3.0938051579e-07                 
5.3500000000e+01	1.1744271602e-03	2.6854838996e-15                 	3.7558457872e-24                 	2.6854838958e-15                 	1.3985731911e-09                 	3.0189254839e-07                 
5.4240000000e+01	1.1584043708e-03	2.5537606017e-15                 	3.5469759023e-24                 	2.5537605981e-15                 	1.3889226343e-09                 	2.9588772182e-07                 
5.5000000000e+01	1.1423973286e-03	2.3481491407e-15                 	3.3298909745e-24                 	2.3481491374e-15                 	1.4180917714e-09                 	2.9123795191e-07                 
5.5740000000e+01	1.1272309485e-03	2.1111919017e-15                 	3.0826907709e-24                 	2.1111918987e-15                 	1.4601660646e-09                 	2.8626988565e-07                 
5.6400000000e+01	1.1140399481e-03	1.9028660935e-15                 	2.8389976529e-24                 	1.9028660907e-15                 	1.4919587156e-09                 	2.8058405914e-07                 
5.7000000000e+01	1.1023132118e-03	1.7333993844e-15                 	2.6067256122e-24                 	1.7333993818e-15                 	1.5038228556e-09                 	2.7417860912e-07                 
5.7460000000e+01	1.0934885672e-03	1.6239597373e-15                 	2.4264040975e-24                 	1.6239597348e-15                 	1.4941282359e-09                 	2.6850558162e-07                 
5.8400000000e+01	1.0758878951e-03	1.4748346504e-15                 	2.0720997756e-24                 	1.4748346483e-15                 	1.4049709065e-09                 	2.5549025078e-07                 
5.9290000000e+01	1.0597377816e-03	1.4602287185e-15                 	1.7747945801e-24                 	1.4602287168e-15                 	1.2154223223e-09                 	2.4212094940e-07                 
6.0000000000e+01	1.0471975512e-03	1.6039892087e-15                 	1.6294534212e-24                 	1.6039892071e-15                 	1.0158755510e-09                 	2.3220452342e-07                 
6.1000000000e+01	1.0300303782e-03	1.7674935423e-15                 	1.5230834272e-24                 	1.7674935408e-15                 	8.6171937305e-10                 	2.2186959156e-07                 
6.1250000000e+01	1.0258261726e-03	1.8031309389e-15                 	1.5053147902e-24                 	1.8031309374e-15                 	8.3483387578e-10                 	2.1964517765e-07                 
6.2500000000e+01	1.0053096491e-03	1.9503990591e-15                 	1.4433417284e-24                 	1.9503990576e-15                 	7.4002380268e-10                 	2.0991995482e-07                 
6.3780000000e+01	9.8513410272e-04	2.0441454294e-15                 	1.4059640996e-24                 	2.0441454280e-15                 	6.8780042721e-10                 	2.0189811116e-07                 
6.4670000000e+01	9.7157651263e-04	2.0755321279e-15                 	1.3860839517e-24                 	2.0755321265e-15                 	6.6782100505e-10                 	1.9723364162e-07                 
6.5580000000e+01	9.5809474034e-04	2.0817719015e-15                 	1.3651626788e-24                 	2.0817719002e-15                 	6.5576957676e-10                 	1.9303364921e-07                 
6.6550000000e+01	9.4413002362e-04	2.0635937201e-15                 	1.3398534632e-24                 	2.0635937187e-15                 	6.4928161494e-10                 	1.8905532089e-07                 
6.7600000000e+01	9.2946528213e-04	2.0187995920e-15                 	1.3072529818e-24                 	2.0187995907e-15                 	6.4753974936e-10                 	1.8519932948e-07                 
6.9000000000e+01	9.1060656626e-04	1.9290685800e-15                 	1.2545891485e-24                 	1.9290685787e-15                 	6.5036005539e-10                 	1.8052494918e-07                 
7.0530000000e+01	8.9085287214e-04	1.8049554889e-15                 	1.1878323615e-24                 	1.8049554877e-15                 	6.5809509921e-10                 	1.7579068648e-07                 
7.3000000000e+01	8.6071031605e-04	1.5821287448e-15                 	1.0633260802e-24                 	1.5821287437e-15                 	6.7208568436e-10                 	1.6811698255e-07                 
7.5000000000e+01	8.3775804096e-04	1.3999057047e-15                 	9.5901463953e-25                 	1.3999057038e-15                 	6.8505659795e-10                 	1.6173693173e-07                 
7.6290000000e+01	8.2359225419e-04	1.2900393643e-15                 	8.9077544482e-25                 	1.2900393634e-15                 	6.9050252997e-10                 	1.5733548607e-07                 
8.0000000000e+01	7.8539816340e-04	1.0769230416e-15                 	7.2584334703e-25                 	1.0769230409e-15                 	6.7399741579e-10                 	1.4445773154e-07                 
8.2970000000e+01	7.5728399508e-04	9.4225913175e-16                 	6.2052879888e-25                 	9.4225913113e-16                 	6.5855429570e-10                 	1.3496083500e-07                 
8.5000000000e+01	7.3919827143e-04	8.6419367812e-16                 	5.5910251971e-25                 	8.6419367756e-16                 	6.4696437137e-10                 	1.2887658607e-07                 
8.6800000000e+01	7.2386927502e-04	8.0271954693e-16                 	5.1093209100e-25                 	8.0271954642e-16                 	6.3650136957e-10                 	1.2377318196e-07                 
9.0800000000e+01	6.9198076070e-04	6.8794080868e-16                 	4.2058703952e-25                 	6.8794080826e-16                 	6.1137097002e-10                 	1.1329294382e-07                 
9.5170000000e+01	6.6020650490e-04	5.8810629089e-16                 	3.4354784143e-25                 	5.8810629055e-16                 	5.8415943980e-10                 	1.0317875602e-07                 
1.0000000000e+02	6.2831853072e-04	5.0063322208e-16                 	2.7794862454e-25                 	5.0063322180e-16                 	5.5519412673e-10                 	9.3427590371e-08                 
1.2000000000e+02	5.2359877560e-04	2.8555167359e-16                 	1.2800007457e-25                 	2.8555167346e-16                 	4.4825538214e-10                 	6.4522765878e-08                 
1.6000000000e+02	3.9269908170e-04	1.2686429471e-16                 	3.8460238094e-26                 	1.2686429467e-16                 	3.0316046120e-10                 	3.5918816465e-08                 
2.1000000000e+02	2.9919930034e-04	6.2726239975e-17                 	1.2561782273e-26                 	6.2726239962e-17                 	2.0026359428e-10                 	2.0697363880e-08                 
3.0000000000e+02	2.0943951024e-04	2.6409795918e-17                 	2.9427883808e-27                 	2.6409795915e-17                 	1.1142791069e-10                 	1.0079737482e-08                 
5.0000000000e+02	1.2566370614e-04	8.7926039473e-18                 	3.7542225329e-28                 	8.7926039469e-18                 	4.2697505260e-11                 	3.6141671011e-09                 
1.3000000000e+03	4.8332194671e-05	1.2492121205e-18                 	8.1516468305e-30                 	1.2492121205e-18                 	6.5254304666e-12                 	5.3357771031e-10                 
5.0000000000e+03	1.2566370614e-05	8.3993824291e-20                 	3.7200367794e-32                 	8.3993824291e-20                 	4.4289408309e-13                 	3.6057364160e-11                 
1.9000000000e+04	3.3069396354e-06	5.9085480604e-21                 	1.7840181554e-34                 	5.9085480604e-21                 	3.0193850286e-14                 	2.4972264149e-12                 
3.9000000000e+04	1.6110731557e-06	1.4810754348e-21                 	1.0048833102e-35                 	1.4810754348e-21                 	6.7848219383e-15                 	5.9269507785e-13                 
6.1000000000e+04	1.0300303782e-06	6.6624007353e-22                 	1.6787545965e-36                 	6.6624007353e-22                 	2.5197442531e-15                 	2.4219124247e-13                 
8.6000000000e+04	7.3060294270e-07	3.8650872289e-22                 	4.2521080492e-37                 	3.8650872289e-22                 	1.1001324931e-15                 	1.2184801515e-13                 
1.1000000000e+05	5.7119866429e-07	2.7640939988e-22                 	1.5895428033e-37                 	2.7640939988e-22                 	5.7506828785e-16                 	7.4366642752e-14                 
1.4000000000e+05	4.4879895051e-07	2.0993872419e-22                 	6.0482713438e-38                 	2.0993872419e-22                 	2.8809698483e-16                 	4.6003070581e-14                 
1.8000000000e+05	3.4906585040e-07	1.6787542056e-22                 	2.2180189953e-38                 	1.6787542056e-22                 	1.3212291519e-16                 	2.7802759781e-14                 
2.4000000000e+05	2.6179938780e-07	1.4077738914e-22                 	7.1348171987e-39                 	1.4077738914e-22                 	5.0681556481e-17                 	1.5552871035e-14                 
3.4000000000e+05	1.8479956786e-07	1.2048615121e-22                 	1.7191061500e-39                 	1.2048615121e-22                 	1.4268080877e-17                 	7.8673992855e-15                 
5.4000000000e+05	1.1635528347e-07	1.1113352763e-22                 	2.7793177546e-40                 	1.1113352763e-22                 	2.5008814297e-18                 	2.9450838793e-15                 
1.0000000000e+06	6.2831853072e-08	1.0100085996e-22                 	2.1445355755e-41                 	1.0100085996e-22                 	2.1232844713e-19                 	8.8024932338e-16                 
2.0000000000e+06	3.1415926536e-08	6.6328320718e-23                 	5.9570464566e-43                 	6.6328320718e-23                 	8.9811507242e-21                 	3.1619502057e-16                 
