#wavelengths (mu)	size parameter  	extinction cross section (cm^2)  	scattering cross section (cm^2)  	absorption cross section (cm^2)  	single scattering albedo         	asymmetry parameter              
4.4300000000e-02	2.8299296424e+01	2.5511343704e-09                 	1.4589893318e-09                 	1.0921450386e-09                 	5.7189826956e-01                 	9.4680285733e-01                 
4.5100000000e-02	2.7797313339e+01	2.5539576020e-09                 	1.4537439053e-09                 	1.1002136966e-09                 	5.6921223132e-01                 	9.4678307681e-01                 
4.5900000000e-02	2.7312828575e+01	2.5580611323e-09                 	1.4518082677e-09                 	1.1062528646e-09                 	5.6754244431e-01                 	9.4605574165e-01                 
4.6800000000e-02	2.6787581872e+01	2.5632968680e-09                 	1.4509021595e-09                 	1.1123947085e-09                 	5.6602970091e-01                 	9.4497284718e-01                 
4.7700000000e-02	2.6282155799e+01	2.5691270749e-09                 	1.4507358754e-09                 	1.1183911994e-09                 	5.6468046661e-01                 	9.4372016286e-01                 
4.8600000000e-02	2.5795449210e+01	2.5758166556e-09                 	1.4502869085e-09                 	1.1255297470e-09                 	5.6303965012e-01                 	9.4245702854e-01                 
4.9600000000e-02	2.5275379669e+01	2.5827739315e-09                 	1.4459752322e-09                 	1.1367986992e-09                 	5.5985358015e-01                 	9.4193895088e-01                 
5.0600000000e-02	2.4775866237e+01	2.5862390562e-09                 	1.4392896033e-09                 	1.1469494529e-09                 	5.5651839293e-01                 	9.4238478272e-01                 
5.1700000000e-02	2.4248720147e+01	2.5898230590e-09                 	1.4357157663e-09                 	1.1541072927e-09                 	5.5436828447e-01                 	9.4219331993e-01                 
5.2800000000e-02	2.3743538477e+01	2.5939963620e-09                 	1.4359707057e-09                 	1.1580256563e-09                 	5.5357467987e-01                 	9.4119885356e-01                 
5.3900000000e-02	2.3258976468e+01	2.5996427624e-09                 	1.4403098908e-09                 	1.1593328716e-09                 	5.5404146740e-01                 	9.3923699703e-01                 
5.5100000000e-02	2.2752428886e+01	2.6089602160e-09                 	1.4480402854e-09                 	1.1609199305e-09                 	5.5502582085e-01                 	9.3617030030e-01                 
5.6400000000e-02	2.2227993468e+01	2.6199543696e-09                 	1.4547866150e-09                 	1.1651677546e-09                 	5.5527173751e-01                 	9.3312341346e-01                 
5.7700000000e-02	2.1727189456e+01	2.6303168450e-09                 	1.4604522967e-09                 	1.1698645482e-09                 	5.5523816439e-01                 	9.3039676315e-01                 
5.9000000000e-02	2.1248454773e+01	2.6430456574e-09                 	1.4672167548e-09                 	1.1758289026e-09                 	5.5512349956e-01                 	9.2727202165e-01                 
6.0500000000e-02	2.0721633580e+01	2.6560413432e-09                 	1.4705713995e-09                 	1.1854699436e-09                 	5.5367037238e-01                 	9.2498732408e-01                 
6.2000000000e-02	2.0220303735e+01	2.6685396782e-09                 	1.4732016588e-09                 	1.1953380193e-09                 	5.5206286452e-01                 	9.2304242557e-01                 
6.3600000000e-02	1.9711616849e+01	2.6816491190e-09                 	1.4759122506e-09                 	1.2057368683e-09                 	5.5037485710e-01                 	9.2112964343e-01                 
6.5300000000e-02	1.9198450714e+01	2.6953906810e-09                 	1.4791988229e-09                 	1.2161918581e-09                 	5.4878828266e-01                 	9.1911299071e-01                 
6.7000000000e-02	1.8711325845e+01	2.7115694205e-09                 	1.4847403839e-09                 	1.2268290366e-09                 	5.4755757778e-01                 	9.1650600220e-01                 
6.8900000000e-02	1.8195338630e+01	2.7291278124e-09                 	1.4866544984e-09                 	1.2424733140e-09                 	5.4473612105e-01                 	9.1504908001e-01                 
7.0800000000e-02	1.7707045644e+01	2.7431899942e-09                 	1.4829949737e-09                 	1.2601950204e-09                 	5.4060964676e-01                 	9.1552764248e-01                 
7.2900000000e-02	1.7196966140e+01	2.7568339696e-09                 	1.4789863533e-09                 	1.2778476163e-09                 	5.3648002367e-01                 	9.1622616247e-01                 
7.3800000000e-02	1.6987247041e+01	2.7627538212e-09                 	1.4775712238e-09                 	1.2851825974e-09                 	5.3481827169e-01                 	9.1648714588e-01                 
7.5100000000e-02	1.6693193497e+01	2.7700553780e-09                 	1.4741941724e-09                 	1.2958612056e-09                 	5.3218942267e-01                 	9.1732749142e-01                 
7.7500000000e-02	1.6176242988e+01	2.7828976509e-09                 	1.4697930167e-09                 	1.3131046342e-09                 	5.2815202033e-01                 	9.1838149651e-01                 
8.0000000000e-02	1.5670735395e+01	2.7943844036e-09                 	1.4643707039e-09                 	1.3300136997e-09                 	5.2404053716e-01                 	9.1984999269e-01                 
8.2700000000e-02	1.5159115255e+01	2.8071269970e-09                 	1.4626142449e-09                 	1.3445127520e-09                 	5.2103600817e-01                 	9.2013193020e-01                 
8.5500000000e-02	1.4662676393e+01	2.8253020173e-09                 	1.4682525704e-09                 	1.3570494468e-09                 	5.1967986483e-01                 	9.1818418793e-01                 
8.8600000000e-02	1.4149648212e+01	2.8464425805e-09                 	1.4689730177e-09                 	1.3774695627e-09                 	5.1607330069e-01                 	9.1850052705e-01                 
9.1800000000e-02	1.3656414288e+01	2.8597295747e-09                 	1.4501554074e-09                 	1.4095741673e-09                 	5.0709529328e-01                 	9.2637213888e-01                 
9.3000000000e-02	1.3480202490e+01	2.8617336152e-09                 	1.4436123359e-09                 	1.4181212794e-09                 	5.0445377872e-01                 	9.2872299955e-01                 
9.5400000000e-02	1.3141077899e+01	2.8664080060e-09                 	1.4363782316e-09                 	1.4300297744e-09                 	5.0110738898e-01                 	9.3099906177e-01                 
9.9200000000e-02	1.2637689835e+01	2.8776869053e-09                 	1.4322351845e-09                 	1.4454517208e-09                 	4.9770361808e-01                 	9.3214156142e-01                 
1.0330000000e-01	1.2136097111e+01	2.8937651216e-09                 	1.4301855073e-09                 	1.4635796143e-09                 	4.9422999007e-01                 	9.3307186279e-01                 
1.0780000000e-01	1.1629488234e+01	2.9105180375e-09                 	1.4228451033e-09                 	1.4876729343e-09                 	4.8886318000e-01                 	9.3580962560e-01                 
1.1000000000e-01	1.1396898469e+01	2.9136696348e-09                 	1.4182985705e-09                 	1.4953710643e-09                 	4.8677398204e-01                 	9.3645579942e-01                 
1.1270000000e-01	1.1123858311e+01	2.9177319501e-09                 	1.4144441423e-09                 	1.5032878078e-09                 	4.8477521804e-01                 	9.3660765765e-01                 
1.1400000000e-01	1.0997007295e+01	2.9191637227e-09                 	1.4130960844e-09                 	1.5060676383e-09                 	4.8407565269e-01                 	9.3646838015e-01                 
1.1810000000e-01	1.0615231428e+01	2.9267981357e-09                 	1.4135665587e-09                 	1.5132315770e-09                 	4.8297371160e-01                 	9.3480937838e-01                 
1.2100000000e-01	1.0360816790e+01	2.9373426318e-09                 	1.4180972550e-09                 	1.5192453768e-09                 	4.8278237604e-01                 	9.3258293744e-01                 
1.2400000000e-01	1.0110151868e+01	2.9534413406e-09                 	1.4189054846e-09                 	1.5345358560e-09                 	4.8042446791e-01                 	9.3163065118e-01                 
1.2720000000e-01	9.8558084245e+00	2.9632019498e-09                 	1.4124281340e-09                 	1.5507738159e-09                 	4.7665604905e-01                 	9.3105344985e-01                 
1.2950000000e-01	9.6807631784e+00	2.9704426213e-09                 	1.4116243243e-09                 	1.5588182970e-09                 	4.7522356236e-01                 	9.3065821572e-01                 
1.3050000000e-01	9.6065810851e+00	2.9785410440e-09                 	1.4205906883e-09                 	1.5579503557e-09                 	4.7694178705e-01                 	9.3167229122e-01                 
1.3190000000e-01	9.5046158575e+00	2.9862609030e-09                 	1.4334090166e-09                 	1.5528518865e-09                 	4.8000126684e-01                 	9.3416374085e-01                 
1.3330000000e-01	9.4047924351e+00	2.9814327509e-09                 	1.4352582842e-09                 	1.5461744666e-09                 	4.8139884551e-01                 	9.3628119707e-01                 
1.3480000000e-01	9.3001397003e+00	2.9628664014e-09                 	1.4251813345e-09                 	1.5376850669e-09                 	4.8101437643e-01                 	9.3768835163e-01                 
1.3620000000e-01	9.2045435507e+00	2.9289997635e-09                 	1.4022696168e-09                 	1.5267301467e-09                 	4.7875374874e-01                 	9.3739346121e-01                 
1.3700000000e-01	9.1507943912e+00	2.9098697572e-09                 	1.3898916777e-09                 	1.5199780796e-09                 	4.7764738412e-01                 	9.3519160739e-01                 
1.3780000000e-01	9.0976693150e+00	2.9025839999e-09                 	1.3861158471e-09                 	1.5164681528e-09                 	4.7754547229e-01                 	9.3331453703e-01                 
1.3870000000e-01	9.0386361327e+00	2.8996181074e-09                 	1.3906147338e-09                 	1.5090033736e-09                 	4.7958547723e-01                 	9.2759554657e-01                 
1.3930000000e-01	8.9997044623e+00	2.9111944673e-09                 	1.3996126710e-09                 	1.5115817963e-09                 	4.8076921233e-01                 	9.2516599394e-01                 
1.4090000000e-01	8.8975076764e+00	2.9332543551e-09                 	1.4218158536e-09                 	1.5114385016e-09                 	4.8472300095e-01                 	9.1780319363e-01                 
1.4250000000e-01	8.7976058358e+00	2.9596562064e-09                 	1.4441803072e-09                 	1.5154758992e-09                 	4.8795542674e-01                 	9.1163048712e-01                 
1.4350000000e-01	8.7362984781e+00	2.9758580805e-09                 	1.4575282731e-09                 	1.5183298074e-09                 	4.8978420129e-01                 	9.0804389985e-01                 
1.4420000000e-01	8.6938892621e+00	2.9877932004e-09                 	1.4668166036e-09                 	1.5209765967e-09                 	4.9093645553e-01                 	9.0569609744e-01                 
1.4500000000e-01	8.6459229766e+00	2.9999653095e-09                 	1.4730773480e-09                 	1.5268879615e-09                 	4.9103146071e-01                 	9.0466587339e-01                 
1.4590000000e-01	8.5925896614e+00	3.0116303787e-09                 	1.4808143133e-09                 	1.5308160654e-09                 	4.9169855762e-01                 	9.0294785367e-01                 
1.4680000000e-01	8.5399102970e+00	3.0235538254e-09                 	1.4838509003e-09                 	1.5397029251e-09                 	4.9076384480e-01                 	9.0345430779e-01                 
1.4760000000e-01	8.4936235203e+00	3.0313873426e-09                 	1.4882658024e-09                 	1.5431215402e-09                 	4.9095204083e-01                 	9.0274708851e-01                 
1.4800000000e-01	8.4706677811e+00	3.0375341156e-09                 	1.4903013014e-09                 	1.5472328142e-09                 	4.9062866281e-01                 	9.0309401673e-01                 
1.4850000000e-01	8.4421470141e+00	3.0433066351e-09                 	1.4912582347e-09                 	1.5520484004e-09                 	4.9001248100e-01                 	9.0380392828e-01                 
1.4940000000e-01	8.3912907068e+00	3.0528159815e-09                 	1.4937356092e-09                 	1.5590803722e-09                 	4.8929762498e-01                 	9.0470638270e-01                 
1.5120000000e-01	8.2913943889e+00	3.0736222001e-09                 	1.5004540907e-09                 	1.5731681094e-09                 	4.8817128230e-01                 	9.0695949204e-01                 
1.5310000000e-01	8.1884966140e+00	3.0949094031e-09                 	1.5137572488e-09                 	1.5811521543e-09                 	4.8911197442e-01                 	9.0755264662e-01                 
1.5400000000e-01	8.1406417636e+00	3.1156462803e-09                 	1.5315392509e-09                 	1.5841070294e-09                 	4.9156390459e-01                 	9.0812875008e-01                 
1.5500000000e-01	8.0881214942e+00	3.1322973428e-09                 	1.5477487776e-09                 	1.5845485652e-09                 	4.9412575124e-01                 	9.0778398153e-01                 
1.5690000000e-01	7.9901773843e+00	3.1935707307e-09                 	1.6354319568e-09                 	1.5581387739e-09                 	5.1210137326e-01                 	9.0136700602e-01                 
1.5800000000e-01	7.9345495671e+00	3.2408015275e-09                 	1.7413658653e-09                 	1.4994356621e-09                 	5.3732567409e-01                 	8.8727921533e-01                 
1.5890000000e-01	7.8896087577e+00	3.2741633440e-09                 	1.9002900206e-09                 	1.3738733233e-09                 	5.8038949832e-01                 	8.5723275023e-01                 
1.6100000000e-01	7.7867008174e+00	2.9823147891e-09                 	2.0888922288e-09                 	8.9342256030e-10                 	7.0042647289e-01                 	7.3253368201e-01                 
1.6300000000e-01	7.6911584761e+00	2.4052915047e-09                 	2.0299880319e-09                 	3.7530347272e-10                 	8.4396757233e-01                 	5.9564351327e-01                 
1.6500000000e-01	7.5979323127e+00	2.3164127762e-09                 	2.1619539304e-09                 	1.5445884583e-10                 	9.3331980923e-01                 	5.1838759148e-01                 
1.6700000000e-01	7.5069391114e+00	2.3517682059e-09                 	2.2865504650e-09                 	6.5217740977e-11                 	9.7226863565e-01                 	4.8528965364e-01                 
1.6900000000e-01	7.4180995953e+00	2.5804600495e-09                 	2.5522730788e-09                 	2.8186970713e-11                 	9.8907676532e-01                 	4.6462339342e-01                 
1.7100000000e-01	7.3313381965e+00	2.4211958579e-09                 	2.4116743889e-09                 	9.5214689728e-12                 	9.9606745198e-01                 	4.7521833994e-01                 
1.7300000000e-01	7.2465828416e+00	2.4526488351e-09                 	2.4494553459e-09                 	3.1934892002e-12                 	9.9869794275e-01                 	5.5021408619e-01                 
1.7500000000e-01	7.1637647520e+00	2.7130895173e-09                 	2.7119005668e-09                 	1.1889504717e-12                 	9.9956177249e-01                 	6.0862740067e-01                 
1.7700000000e-01	7.0828182576e+00	3.0449929809e-09                 	3.0445277024e-09                 	4.6527849879e-13                 	9.9984719883e-01                 	6.4525089938e-01                 
1.7900000000e-01	7.0036806235e+00	3.3825720438e-09                 	3.3823862083e-09                 	1.8583559475e-13                 	9.9994506086e-01                 	6.6561922352e-01                 
1.8100000000e-01	6.9262918873e+00	3.6585665681e-09                 	3.6584926135e-09                 	7.3954629665e-14                 	9.9997978590e-01                 	6.7277289428e-01                 
1.8300000000e-01	6.8505947082e+00	3.7817209046e-09                 	3.7816956868e-09                 	2.5217829324e-14                 	9.9999333165e-01                 	6.7556693533e-01                 
1.8500000000e-01	6.7765342249e+00	3.7859703541e-09                 	3.7859623290e-09                 	8.0250525818e-15                 	9.9999788032e-01                 	6.8707656702e-01                 
1.8700000000e-01	6.7040579230e+00	3.8128872078e-09                 	3.8128846679e-09                 	2.5399208744e-15                 	9.9999933386e-01                 	7.0832312618e-01                 
1.8900000000e-01	6.6331155111e+00	3.9175218018e-09                 	3.9175209801e-09                 	8.2174481944e-16                 	9.9999979024e-01                 	7.3191201675e-01                 
1.9100000000e-01	6.5636588042e+00	4.0790808569e-09                 	4.0790805837e-09                 	2.7317541129e-16                 	9.9999993303e-01                 	7.5234386529e-01                 
1.9300000000e-01	6.4956416145e+00	4.2692570861e-09                 	4.2692569935e-09                 	9.2651366094e-17                 	9.9999997830e-01                 	7.6820980616e-01                 
1.9500000000e-01	6.4290196492e+00	4.4639788965e-09                 	4.4639788647e-09                 	3.1803691265e-17                 	9.9999999288e-01                 	7.7951369093e-01                 
1.9700000000e-01	6.3637504142e+00	4.6371437347e-09                 	4.6371437237e-09                 	1.0962627050e-17                 	9.9999999764e-01                 	7.8644497068e-01                 
1.9900000000e-01	6.2997931236e+00	4.7664439621e-09                 	4.7664439583e-09                 	3.7610443821e-18                 	9.9999999921e-01                 	7.8987408341e-01                 
2.0100000000e-01	6.2371086149e+00	4.8354568781e-09                 	4.8354568769e-09                 	1.2740930316e-18                 	9.9999999974e-01                 	7.9105117140e-01                 
2.0190000000e-01	6.2093057533e+00	4.8471977254e-09                 	4.8471977246e-09                 	7.7898774659e-19                 	9.9999999984e-01                 	7.9133683627e-01                 
2.1000000000e-01	5.9698039600e+00	4.8076905248e-09                 	4.8076905241e-09                 	6.7892383883e-19                 	9.9999999986e-01                 	8.0190502887e-01                 
2.5000000000e-01	5.0146353264e+00	4.7094870551e-09                 	4.7094870545e-09                 	5.4131819232e-19                 	9.9999999989e-01                 	8.3472695753e-01                 
3.0000000000e-01	4.1788627720e+00	3.7709681977e-09                 	3.7709681972e-09                 	4.3860605680e-19                 	9.9999999988e-01                 	8.3260683913e-01                 
3.5000000000e-01	3.5818823760e+00	2.8724132488e-09                 	2.8724132484e-09                 	3.6590142986e-19                 	9.9999999987e-01                 	8.0915652634e-01                 
3.9000000000e-01	3.2145098246e+00	2.3773332352e-09                 	2.3773332349e-09                 	3.2609831122e-19                 	9.9999999986e-01                 	7.9863728197e-01                 
4.0000000000e-01	3.1341470790e+00	2.2557911740e-09                 	2.2557911736e-09                 	3.7584478082e-19                 	9.9999999983e-01                 	7.9502349361e-01                 
4.1000000000e-01	3.0577044673e+00	2.1331743780e-09                 	2.1331743776e-09                 	4.1211989134e-19                 	9.9999999981e-01                 	7.8980781235e-01                 
4.2000000000e-01	2.9849019800e+00	2.0147777058e-09                 	2.0147777053e-09                 	4.6883767609e-19                 	9.9999999977e-01                 	7.8269120118e-01                 
4.3000000000e-01	2.9154856549e+00	1.9043485474e-09                 	1.9043485469e-09                 	5.9827758342e-19                 	9.9999999969e-01                 	7.7375307503e-01                 
4.4000000000e-01	2.8492246173e+00	1.8031817170e-09                 	1.8031817161e-09                 	8.7446418851e-19                 	9.9999999952e-01                 	7.6341072696e-01                 
4.5000000000e-01	2.7859085147e+00	1.7132374104e-09                 	1.7132374092e-09                 	1.2453071625e-18                 	9.9999999927e-01                 	7.5230195428e-01                 
4.6000000000e-01	2.7253452861e+00	1.6328755069e-09                 	1.6328755052e-09                 	1.7286759331e-18                 	9.9999999894e-01                 	7.4113421186e-01                 
4.7000000000e-01	2.6673592162e+00	1.5607378935e-09                 	1.5607378910e-09                 	2.4766455901e-18                 	9.9999999841e-01                 	7.3054487748e-01                 
4.8000000000e-01	2.6117892325e+00	1.4959845825e-09                 	1.4959845790e-09                 	3.5264671114e-18                 	9.9999999764e-01                 	7.2100724700e-01                 
4.9000000000e-01	2.5584874114e+00	1.4359093580e-09                 	1.4359093530e-09                 	5.0202830666e-18                 	9.9999999650e-01                 	7.1281779224e-01                 
5.0000000000e-01	2.5073176632e+00	1.3789992789e-09                 	1.3789992719e-09                 	6.9351836195e-18                 	9.9999999497e-01                 	7.0609795133e-01                 
5.1000000000e-01	2.4581545718e+00	1.3248962593e-09                 	1.3248962500e-09                 	9.2802284528e-18                 	9.9999999300e-01                 	7.0080269085e-01                 
5.2000000000e-01	2.4108823685e+00	1.2710839897e-09                 	1.2710839775e-09                 	1.2199980365e-17                 	9.9999999040e-01                 	6.9684186399e-01                 
5.3000000000e-01	2.3653940219e+00	1.2187169962e-09                 	1.2187169805e-09                 	1.5697305863e-17                 	9.9999998712e-01                 	6.9396148307e-01                 
5.4000000000e-01	2.3215904289e+00	1.1675428046e-09                 	1.1675427848e-09                 	1.9851275206e-17                 	9.9999998300e-01                 	6.9190161682e-01                 
5.5000000000e-01	2.2793796938e+00	1.1160110645e-09                 	1.1160110398e-09                 	2.4623591567e-17                 	9.9999997794e-01                 	6.9044155912e-01                 
5.6000000000e-01	2.2386764850e+00	1.0651171931e-09                 	1.0651171632e-09                 	2.9986262073e-17                 	9.9999997185e-01                 	6.8926658701e-01                 
5.7000000000e-01	2.1994014589e+00	1.0158726573e-09                 	1.0158726215e-09                 	3.5867798043e-17                 	9.9999996469e-01                 	6.8807050927e-01                 
5.8000000000e-01	2.1614807441e+00	9.6784916979e-10                 	9.6784912754e-10                 	4.2251749417e-17                 	9.9999995634e-01                 	6.8662451482e-01                 
5.9000000000e-01	2.1248454773e+00	9.2137442965e-10                 	9.2137438060e-10                 	4.9051957983e-17                 	9.9999994676e-01                 	6.8469873986e-01                 
6.0000000000e-01	2.0894313860e+00	8.7673699070e-10                 	8.7673693491e-10                 	5.5788440792e-17                 	9.9999993637e-01                 	6.8209891546e-01                 
6.1000000000e-01	2.0551784125e+00	8.3416485770e-10                 	8.3416479211e-10                 	6.5593889928e-17                 	9.9999992137e-01                 	6.7867140777e-01                 
6.2000000000e-01	2.0220303735e+00	7.9381565837e-10                 	7.9381557855e-10                 	7.9821997718e-17                 	9.9999989945e-01                 	6.7430583815e-01                 
6.3000000000e-01	1.9899346533e+00	7.5577606114e-10                 	7.5577596664e-10                 	9.4507407452e-17                 	9.9999987495e-01                 	6.6893530134e-01                 
6.4000000000e-01	1.9588419244e+00	7.2058414972e-10                 	7.2058404145e-10                 	1.0827394783e-16                 	9.9999984974e-01                 	6.6253849877e-01                 
6.5000000000e-01	1.9287058948e+00	6.8714718935e-10                 	6.8714706544e-10                 	1.2391372653e-16                 	9.9999981967e-01                 	6.5512397060e-01                 
6.6000000000e-01	1.8994830782e+00	6.5639766885e-10                 	6.5639752838e-10                 	1.4046697135e-16                 	9.9999978600e-01                 	6.4674838657e-01                 
6.7000000000e-01	1.8711325845e+00	6.2771475055e-10                 	6.2771459436e-10                 	1.5619658137e-16                 	9.9999975117e-01                 	6.3747683775e-01                 
6.8000000000e-01	1.8436159288e+00	6.0055243392e-10                 	6.0055226520e-10                 	1.6871534166e-16                 	9.9999971907e-01                 	6.2737740055e-01                 
6.9000000000e-01	1.8168968574e+00	5.7563430405e-10                 	5.7563411472e-10                 	1.8932926876e-16                 	9.9999967109e-01                 	6.1658975528e-01                 
7.0000000000e-01	1.7909411880e+00	5.5237581115e-10                 	5.5237558750e-10                 	2.2365493326e-16                 	9.9999959510e-01                 	6.0520577965e-01                 
7.1000000000e-01	1.7657166642e+00	5.3063531466e-10                 	5.3063505517e-10                 	2.5948437810e-16                 	9.9999951099e-01                 	5.9333664522e-01                 
7.2000000000e-01	1.7411928217e+00	5.1027601618e-10                 	5.1027571871e-10                 	2.9747077022e-16                 	9.9999941704e-01                 	5.8109162941e-01                 
7.3000000000e-01	1.7173408652e+00	4.9083476606e-10                 	4.9083445533e-10                 	3.1072455271e-16                 	9.9999936695e-01                 	5.6854448124e-01                 
7.4000000000e-01	1.6941335562e+00	4.7287321563e-10                 	4.7287286737e-10                 	3.4826841412e-16                 	9.9999926351e-01                 	5.5585214332e-01                 
7.5000000000e-01	1.6715451088e+00	4.5624093825e-10                 	4.5624053097e-10                 	4.0728471164e-16                 	9.9999910730e-01                 	5.4310460331e-01                 
7.6000000000e-01	1.6495510942e+00	4.4021172308e-10                 	4.4021124136e-10                 	4.8171618178e-16                 	9.9999890572e-01                 	5.3031706295e-01                 
7.7000000000e-01	1.6281283527e+00	4.2501712712e-10                 	4.2501655437e-10                 	5.7275133206e-16                 	9.9999865240e-01                 	5.1758885564e-01                 
7.8000000000e-01	1.6072549123e+00	4.1057823112e-10                 	4.1057756275e-10                 	6.6836820316e-16                 	9.9999837213e-01                 	5.0497837403e-01                 
7.9000000000e-01	1.5869099134e+00	3.9682533174e-10                 	3.9682457239e-10                 	7.5935000947e-16                 	9.9999808644e-01                 	4.9253467165e-01                 
8.0000000000e-01	1.5670735395e+00	3.8369717954e-10                 	3.8369633230e-10                 	8.4724196868e-16                 	9.9999779190e-01                 	4.8029813341e-01                 
8.1000000000e-01	1.5477269526e+00	3.7114009727e-10                 	3.7113922719e-10                 	8.7008512773e-16                 	9.9999765564e-01                 	4.6830126167e-01                 
8.2000000000e-01	1.5288522337e+00	3.5934685374e-10                 	3.5934597975e-10                 	8.7399107406e-16                 	9.9999756783e-01                 	4.5659786517e-01                 
8.3000000000e-01	1.5104323272e+00	3.4778985929e-10                 	3.4778898750e-10                 	8.7179610620e-16                 	9.9999749333e-01                 	4.4514968627e-01                 
8.4000000000e-01	1.4924509900e+00	3.3668124159e-10                 	3.3668034816e-10                 	8.9342437028e-16                 	9.9999734638e-01                 	4.3399982392e-01                 
8.5000000000e-01	1.4748927431e+00	3.2599014533e-10                 	3.2598907943e-10                 	1.0658940265e-15                 	9.9999673029e-01                 	4.2315763277e-01                 
8.6000000000e-01	1.4577428274e+00	3.1590014319e-10                 	3.1589890996e-10                 	1.2332349406e-15                 	9.9999609612e-01                 	4.1265329921e-01                 
8.7000000000e-01	1.4409871628e+00	3.0595981088e-10                 	3.0595831360e-10                 	1.4972801097e-15                 	9.9999510629e-01                 	4.0243867496e-01                 
8.8000000000e-01	1.4246123086e+00	2.9636592436e-10                 	2.9636405939e-10                 	1.8649764721e-15                 	9.9999370718e-01                 	3.9253896303e-01                 
8.9000000000e-01	1.4086054288e+00	2.8710009171e-10                 	2.8709794091e-10                 	2.1507983945e-15                 	9.9999250854e-01                 	3.8295152428e-01                 
9.0000000000e-01	1.3929542573e+00	2.7833232113e-10                 	2.7833004931e-10                 	2.2718231333e-15                 	9.9999183773e-01                 	3.7369314485e-01                 
9.1000000000e-01	1.3776470677e+00	2.6967036487e-10                 	2.6966799678e-10                 	2.3680924373e-15                 	9.9999121857e-01                 	3.6471489307e-01                 
9.2000000000e-01	1.3626726430e+00	2.6129342808e-10                 	2.6129093476e-10                 	2.4933197930e-15                 	9.9999045778e-01                 	3.5603197232e-01                 
9.3000000000e-01	1.3480202490e+00	2.5335986153e-10                 	2.5335720992e-10                 	2.6516139954e-15                 	9.9998953420e-01                 	3.4765552554e-01                 
9.4000000000e-01	1.3336796081e+00	2.4551409783e-10                 	2.4551126664e-10                 	2.8311854500e-15                 	9.9998846834e-01                 	3.3953904969e-01                 
9.5000000000e-01	1.3196408754e+00	2.3792167989e-10                 	2.3791863850e-10                 	3.0413849373e-15                 	9.9998721687e-01                 	3.3169347785e-01                 
9.6000000000e-01	1.3058946163e+00	2.3072930842e-10                 	2.3072554360e-10                 	3.7648124320e-15                 	9.9998368299e-01                 	3.2412663900e-01                 
9.7000000000e-01	1.2924317852e+00	2.2361322936e-10                 	2.2360867128e-10                 	4.5580793199e-15                 	9.9997961624e-01                 	3.1679555822e-01                 
9.8000000000e-01	1.2792437057e+00	2.1687173178e-10                 	2.1686628870e-10                 	5.4430809251e-15                 	9.9997490184e-01                 	3.0972399650e-01                 
9.9000000000e-01	1.2663220521e+00	2.1020085185e-10                 	2.1019446948e-10                 	6.3823663197e-15                 	9.9996963682e-01                 	3.0287157860e-01                 
1.0000000000e+00	1.2536588316e+00	2.0374447422e-10                 	2.0373679692e-10                 	7.6773018900e-15                 	9.9996231897e-01                 	2.9624552125e-01                 
1.0100000000e+00	1.2412463679e+00	1.9762938585e-10                 	1.9762002407e-10                 	9.3617799562e-15                 	9.9995262962e-01                 	2.8985095064e-01                 
1.0200000000e+00	1.2290772859e+00	1.9157734720e-10                 	1.9156694352e-10                 	1.0403681222e-14                 	9.9994569462e-01                 	2.8365132332e-01                 
1.0300000000e+00	1.2171444967e+00	1.8571957142e-10                 	1.8570892779e-10                 	1.0643632285e-14                 	9.9994268976e-01                 	2.7765272345e-01                 
1.0400000000e+00	1.2054411842e+00	1.8017238253e-10                 	1.8016186574e-10                 	1.0516787315e-14                 	9.9994162930e-01                 	2.7185958993e-01                 
1.0500000000e+00	1.1939607920e+00	1.7468227898e-10                 	1.7467260028e-10                 	9.6787015756e-15                 	9.9994459254e-01                 	2.6623903839e-01                 
1.0600000000e+00	1.1826970109e+00	1.6936976128e-10                 	1.6936112171e-10                 	8.6395643127e-15                 	9.9994898992e-01                 	2.6079649660e-01                 
1.0700000000e+00	1.1716437679e+00	1.6422983885e-10                 	1.6422195316e-10                 	7.8856872528e-15                 	9.9995198383e-01                 	2.5552484584e-01                 
1.0800000000e+00	1.1607952144e+00	1.5936530622e-10                 	1.5935781259e-10                 	7.4936219040e-15                 	9.9995297834e-01                 	2.5042806798e-01                 
1.0900000000e+00	1.1501457171e+00	1.5455162778e-10                 	1.5454426226e-10                 	7.3655210169e-15                 	9.9995234265e-01                 	2.4547758228e-01                 
1.1000000000e+00	1.1396898469e+00	1.4989476844e-10                 	1.4988761254e-10                 	7.1559058744e-15                 	9.9995226047e-01                 	2.4067826953e-01                 
1.1100000000e+00	1.1294223708e+00	1.4548898143e-10                 	1.4548165591e-10                 	7.3255274564e-15                 	9.9994964892e-01                 	2.3603398186e-01                 
1.1200000000e+00	1.1193382425e+00	1.4112872206e-10                 	1.4112123106e-10                 	7.4910010228e-15                 	9.9994692079e-01                 	2.3151891204e-01                 
1.1300000000e+00	1.1094325943e+00	1.3691168408e-10                 	1.3690338018e-10                 	8.3038940192e-15                 	9.9993934854e-01                 	2.2713773636e-01                 
1.1400000000e+00	1.0997007295e+00	1.3283262429e-10                 	1.3282356576e-10                 	9.0585273897e-15                 	9.9993180495e-01                 	2.2288516656e-01                 
1.1500000000e+00	1.0901381144e+00	1.2897409538e-10                 	1.2896497565e-10                 	9.1197301082e-15                 	9.9992929022e-01                 	2.1876495165e-01                 
1.1600000000e+00	1.0807403721e+00	1.2515735032e-10                 	1.2514537404e-10                 	1.1976274145e-14                 	9.9990431026e-01                 	2.1475453851e-01                 
1.1700000000e+00	1.0715032749e+00	1.2146586151e-10                 	1.2145089503e-10                 	1.4966474680e-14                 	9.9987678452e-01                 	2.1085831761e-01                 
1.1800000000e+00	1.0624227386e+00	1.1789581822e-10                 	1.1787742386e-10                 	1.8394364331e-14                 	9.9984397781e-01                 	2.0707191522e-01                 
1.1900000000e+00	1.0534948165e+00	1.1444295285e-10                 	1.1442097402e-10                 	2.1978827234e-14                 	9.9980794949e-01                 	2.0339114344e-01                 
1.2000000000e+00	1.0447156930e+00	1.1110300834e-10                 	1.1107767122e-10                 	2.5337121278e-14                 	9.9977194928e-01                 	1.9981200305e-01                 
1.2100000000e+00	1.0360816790e+00	1.0794940166e-10                 	1.0791703871e-10                 	3.2362941232e-14                 	9.9970020268e-01                 	1.9633830481e-01                 
1.2200000000e+00	1.0275892062e+00	1.0482437112e-10                 	1.0478664384e-10                 	3.7727271036e-14                 	9.9964009065e-01                 	1.9295104279e-01                 
1.2300000000e+00	1.0192348224e+00	1.0179987144e-10                 	1.0175850056e-10                 	4.1370881930e-14                 	9.9959360575e-01                 	1.8965447106e-01                 
1.2400000000e+00	1.0110151868e+00	9.8873345869e-11                 	9.8829130544e-11                 	4.4215324851e-14                 	9.9955280845e-01                 	1.8644529378e-01                 
1.2500000000e+00	1.0029270653e+00	9.6041465979e-11                 	9.5995181591e-11                 	4.6284388110e-14                 	9.9951807912e-01                 	1.8332034540e-01                 
1.2600000000e+00	9.9496732667e-01	9.3300308965e-11                 	9.3253418402e-11                 	4.6890562937e-14                 	9.9949742328e-01                 	1.8027658895e-01                 
1.2700000000e+00	9.8713293827e-01	9.0648149258e-11                 	9.0600665356e-11                 	4.7483902248e-14                 	9.9947617351e-01                 	1.7731116094e-01                 
1.2800000000e+00	9.7942096219e-01	8.8080230862e-11                 	8.8033907550e-11                 	4.6323312456e-14                 	9.9947407821e-01                 	1.7442126822e-01                 
1.2900000000e+00	9.7182855163e-01	8.5595685942e-11                 	8.5550156644e-11                 	4.5529298352e-14                 	9.9946808887e-01                 	1.7160430687e-01                 
1.3000000000e+00	9.6435294738e-01	8.3191652142e-11                 	8.3146560772e-11                 	4.5091369453e-14                 	9.9945798204e-01                 	1.6885774991e-01                 
1.3100000000e+00	9.5699147450e-01	8.0864694764e-11                 	8.0820372044e-11                 	4.4322719365e-14                 	9.9945189035e-01                 	1.6617916940e-01                 
1.3200000000e+00	9.4974153909e-01	7.8613144462e-11                 	7.8568906267e-11                 	4.4238194786e-14                 	9.9943726720e-01                 	1.6356626913e-01                 
1.3300000000e+00	9.4260062526e-01	7.6433422991e-11                 	7.6389600377e-11                 	4.3822613732e-14                 	9.9942665640e-01                 	1.6101681969e-01                 
1.3400000000e+00	9.3556629224e-01	7.4324019537e-11                 	7.4279947598e-11                 	4.4071939610e-14                 	9.9940702965e-01                 	1.5852871700e-01                 
1.3500000000e+00	9.2863617156e-01	7.2282830880e-11                 	7.2237537263e-11                 	4.5293616812e-14                 	9.9937338347e-01                 	1.5609993510e-01                 
1.3600000000e+00	9.2180796441e-01	7.0305913452e-11                 	7.0260066866e-11                 	4.5846586674e-14                 	9.9934789857e-01                 	1.5372850539e-01                 
1.3700000000e+00	9.1507943912e-01	6.8346081674e-11                 	6.8298733138e-11                 	4.7348535403e-14                 	9.9930722385e-01                 	1.5140714679e-01                 
1.3800000000e+00	9.0844842870e-01	6.6495792565e-11                 	6.6445701442e-11                 	5.0091122892e-14                 	9.9924670237e-01                 	1.4914504854e-01                 
1.3900000000e+00	9.0191282849e-01	6.4661666431e-11                 	6.4606997401e-11                 	5.4669030207e-14                 	9.9915453725e-01                 	1.4692971037e-01                 
1.4000000000e+00	8.9547059400e-01	6.2931518182e-11                 	6.2869861918e-11                 	6.1656264612e-14                 	9.9902026415e-01                 	1.4477009481e-01                 
1.4100000000e+00	8.8911973872e-01	6.1292953158e-11                 	6.1186717474e-11                 	1.0623568439e-13                 	9.9826675533e-01                 	1.4265971148e-01                 
1.4200000000e+00	8.8285833211e-01	5.9697517924e-11                 	5.9515208923e-11                 	1.8230900040e-13                 	9.9694612093e-01                 	1.4059193333e-01                 
1.4300000000e+00	8.7668449762e-01	5.8207865172e-11                 	5.7896098496e-11                 	3.1176667684e-13                 	9.9464390807e-01                 	1.3857070070e-01                 
1.4400000000e+00	8.7059641083e-01	5.6822200071e-11                 	5.6366408560e-11                 	4.5579151134e-13                 	9.9197863668e-01                 	1.3659896865e-01                 
1.4490000000e+00	8.6518897971e-01	5.5628103743e-11                 	5.5022492142e-11                 	6.0561160109e-13                 	9.8911320789e-01                 	1.3486046625e-01                 
1.4600000000e+00	8.5867043260e-01	5.4279244139e-11                 	5.3409782228e-11                 	8.6946191071e-13                 	9.8398168721e-01                 	1.3277983283e-01                 
1.4710000000e+00	8.5224937566e-01	5.3019257569e-11                 	5.1851919045e-11                 	1.1673385244e-12                 	9.7798274480e-01                 	1.3074857682e-01                 
1.4810000000e+00	8.4649482215e-01	5.1975878388e-11                 	5.0541363876e-11                 	1.4345145126e-12                 	9.7240037962e-01                 	1.2895100407e-01                 
1.4930000000e+00	8.3969111293e-01	5.0585014616e-11                 	4.8994904333e-11                 	1.5901102834e-12                 	9.6856558616e-01                 	1.2683847464e-01                 
1.5040000000e+00	8.3354975505e-01	4.9152890568e-11                 	4.7622416538e-11                 	1.5304740302e-12                 	9.6886299030e-01                 	1.2494567399e-01                 
1.5150000000e+00	8.2749757861e-01	4.7747219221e-11                 	4.6295363829e-11                 	1.4518553918e-12                 	9.6959288068e-01                 	1.2309577926e-01                 
1.5270000000e+00	8.2099465069e-01	4.6274998079e-11                 	4.4902884057e-11                 	1.3721140219e-12                 	9.7034869630e-01                 	1.2112612348e-01                 
1.5380000000e+00	8.1512277737e-01	4.4908421599e-11                 	4.3635372940e-11                 	1.2730486594e-12                 	9.7165234016e-01                 	1.1935765006e-01                 
1.5630000000e+00	8.0208498503e-01	4.1979240514e-11                 	4.0931091246e-11                 	1.0481492678e-12                 	9.7503172389e-01                 	1.1548582407e-01                 
1.5870000000e+00	7.8995515539e-01	3.9341406656e-11                 	3.8513418435e-11                 	8.2798822053e-13                 	9.7895377184e-01                 	1.1194581906e-01                 
1.6130000000e+00	7.7722184228e-01	3.6764915072e-11                 	3.6069785666e-11                 	6.9512940600e-13                 	9.8109258774e-01                 	1.0829349982e-01                 
1.6500000000e+00	7.5979323127e-01	3.3478005631e-11                 	3.2877571379e-11                 	6.0043425142e-13                 	9.8206481419e-01                 	1.0339793062e-01                 
1.6800000000e+00	7.4622549500e-01	3.1039956448e-11                 	3.0530859248e-11                 	5.0909720063e-13                 	9.8359864965e-01                 	9.9670963249e-02                 
1.7000000000e+00	7.3744637153e-01	2.9516203498e-11                 	2.9056265444e-11                 	4.5993805375e-13                 	9.8441743858e-01                 	9.7295089131e-02                 
1.7300000000e+00	7.2465828416e-01	2.7404319422e-11                 	2.7007996025e-11                 	3.9632339703e-13                 	9.8553792229e-01                 	9.3890648636e-02                 
1.7600000000e+00	7.1230615432e-01	2.5486187077e-11                 	2.5128056954e-11                 	3.5813012292e-13                 	9.8594806976e-01                 	9.0663444876e-02                 
1.8000000000e+00	6.9647712867e-01	2.3153413115e-11                 	2.2830164520e-11                 	3.2324859517e-13                 	9.8603883611e-01                 	8.6609716833e-02                 
1.8300000000e+00	6.8505947082e-01	2.1549596440e-11                 	2.1257096441e-11                 	2.9249999890e-13                 	9.8642666002e-01                 	8.3743762301e-02                 
1.8400000000e+00	6.8133632152e-01	2.1039235787e-11                 	2.0746819356e-11                 	2.9241643105e-13                 	9.8610137583e-01                 	8.2817176296e-02                 
1.8500000000e+00	6.7765342249e-01	2.0561802317e-11                 	2.0264815351e-11                 	2.9698696656e-13                 	9.8555637478e-01                 	8.1908845696e-02                 
1.8550000000e+00	6.7582686340e-01	2.0333185932e-11                 	2.0028739533e-11                 	3.0444639932e-13                 	9.8502711772e-01                 	8.1460310196e-02                 
1.8600000000e+00	6.7401012452e-01	2.0097693832e-11                 	1.9782081974e-11                 	3.1561185837e-13                 	9.8429611571e-01                 	8.1012563700e-02                 
1.8700000000e+00	6.7040579230e-01	1.9670044712e-11                 	1.9312605624e-11                 	3.5743908724e-13                 	9.8182825243e-01                 	8.0131006191e-02                 
1.8900000000e+00	6.6331155111e-01	1.8979640290e-11                 	1.8424600307e-11                 	5.5503998255e-13                 	9.7075603257e-01                 	7.8413776650e-02                 
1.9050000000e+00	6.5808862551e-01	1.8648545215e-11                 	1.7773911014e-11                 	8.7463420086e-13                 	9.5309906533e-01                 	7.7159040902e-02                 
1.9230000000e+00	6.5192866958e-01	1.8531251578e-11                 	1.7034691133e-11                 	1.4965604445e-12                 	9.1924126451e-01                 	7.5695170969e-02                 
1.9420000000e+00	6.4555037673e-01	1.8620295128e-11                 	1.6298384300e-11                 	2.3219108278e-12                 	8.7530214683e-01                 	7.4196541668e-02                 
1.9610000000e+00	6.3929568159e-01	1.8619890830e-11                 	1.5632261508e-11                 	2.9876293223e-12                 	8.3954635666e-01                 	7.2749104149e-02                 
1.9800000000e+00	6.3316102606e-01	1.8305327331e-11                 	1.4998628727e-11                 	3.3066986038e-12                 	8.1935867389e-01                 	7.1342349884e-02                 
2.0000000000e+00	6.2682941580e-01	1.7688922750e-11                 	1.4367832870e-11                 	3.3210898805e-12                 	8.1225030335e-01                 	6.9904857108e-02                 
2.0200000000e+00	6.2062318396e-01	1.6884167089e-11                 	1.3748956606e-11                 	3.1352104835e-12                 	8.1431062208e-01                 	6.8504719841e-02                 
2.0410000000e+00	6.1423754611e-01	1.6020895702e-11                 	1.3136283802e-11                 	2.8846119002e-12                 	8.1994690223e-01                 	6.7080035777e-02                 
2.0620000000e+00	6.0798197459e-01	1.5015414288e-11                 	1.2537667420e-11                 	2.4777468680e-12                 	8.3498644656e-01                 	6.5693923805e-02                 
2.0830000000e+00	6.0185253557e-01	1.3939808222e-11                 	1.1961984088e-11                 	1.9778241342e-12                 	8.5811683327e-01                 	6.4347451915e-02                 
2.1050000000e+00	5.9556239031e-01	1.2828690783e-11                 	1.1379226477e-11                 	1.4494643062e-12                 	8.8701385584e-01                 	6.2977029195e-02                 
2.1300000000e+00	5.8857222141e-01	1.1729511098e-11                 	1.0738542831e-11                 	9.9096826701e-13                 	9.1551495550e-01                 	6.1467056653e-02                 
2.1500000000e+00	5.8309713098e-01	1.1003328594e-11                 	1.0252134477e-11                 	7.5119411706e-13                 	9.3173028410e-01                 	6.0296785444e-02                 
2.1700000000e+00	5.7772296387e-01	1.0380743372e-11                 	9.7831222555e-12                 	5.9762111688e-13                 	9.4242983422e-01                 	5.9157194794e-02                 
2.1900000000e+00	5.7244695507e-01	9.8329337595e-12                 	9.3378720929e-12                 	4.9506166651e-13                 	9.4965269993e-01                 	5.8049217812e-02                 
2.2200000000e+00	5.6471118541e-01	9.1034190938e-12                 	8.7019661751e-12                 	4.0145291866e-13                 	9.5590086378e-01                 	5.6440786081e-02                 
2.2400000000e+00	5.5966912125e-01	8.6557451612e-12                 	8.2922477186e-12                 	3.6349744262e-13                 	9.5800506648e-01                 	5.5400638427e-02                 
2.2450000000e+00	5.5842264214e-01	8.5568524375e-12                 	8.1961915741e-12                 	3.6066086341e-13                 	9.5785122321e-01                 	5.5146027073e-02                 
2.2500000000e+00	5.5718170293e-01	8.4566919012e-12                 	8.0952908037e-12                 	3.6140109748e-13                 	9.5726448336e-01                 	5.4891115656e-02                 
2.2600000000e+00	5.5471629717e-01	8.2706839716e-12                 	7.9034032881e-12                 	3.6728068348e-13                 	9.5559246554e-01                 	5.4388450525e-02                 
2.2700000000e+00	5.5227261304e-01	8.0983425053e-12                 	7.7164400353e-12                 	3.8190247002e-13                 	9.5284189700e-01                 	5.3892521775e-02                 
2.2900000000e+00	5.4744927144e-01	7.7934381147e-12                 	7.3511401045e-12                 	4.4229801020e-13                 	9.4324738277e-01                 	5.2918451217e-02                 
2.3100000000e+00	5.4270945091e-01	7.5408343368e-12                 	6.9989962450e-12                 	5.4183809180e-13                 	9.2814613508e-01                 	5.1968073611e-02                 
2.3300000000e+00	5.3805100069e-01	7.3197699458e-12                 	6.6596323289e-12                 	6.6013761696e-13                 	9.0981443108e-01                 	5.1040557235e-02                 
2.3500000000e+00	5.3347184323e-01	7.1112482097e-12                 	6.3326785209e-12                 	7.7856968880e-13                 	8.9051574831e-01                 	5.0135113734e-02                 
2.3700000000e+00	5.2896997114e-01	6.8897149373e-12                 	6.0177748344e-12                 	8.7194010285e-13                 	8.7344322504e-01                 	4.9250980114e-02                 
2.3900000000e+00	5.2454344418e-01	6.6486503750e-12                 	5.7145621616e-12                 	9.3408821336e-13                 	8.5950709382e-01                 	4.8387463523e-02                 
2.4100000000e+00	5.2019038656e-01	6.4025318817e-12                 	5.4183322161e-12                 	9.8419966563e-13                 	8.4627961503e-01                 	4.7542186631e-02                 
2.4300000000e+00	5.1590898420e-01	6.1591319582e-12                 	5.1334579149e-12                 	1.0256740433e-12                 	8.3347100690e-01                 	4.6716345966e-02                 
2.4600000000e+00	5.0961741122e-01	5.8204899146e-12                 	4.7164135402e-12                 	1.1040763744e-12                 	8.1031212311e-01                 	4.5508350772e-02                 
2.5000000000e+00	5.0146353264e-01	5.3865053249e-12                 	4.1864309701e-12                 	1.2000743549e-12                 	7.7720724617e-01                 	4.3954993492e-02                 
2.5200000000e+00	4.9748366333e-01	5.1433694762e-12                 	3.9277869926e-12                 	1.2155824836e-12                 	7.6366028355e-01                 	4.3199429226e-02                 
2.5500000000e+00	4.9163091435e-01	4.7445839349e-12                 	3.5481579569e-12                 	1.1964259780e-12                 	7.4783332018e-01                 	4.2090957677e-02                 
2.5650000000e+00	4.8875587977e-01	4.5262812976e-12                 	3.3632632101e-12                 	1.1630180875e-12                 	7.4305218544e-01                 	4.1547945428e-02                 
2.5800000000e+00	4.8591427581e-01	4.3195749926e-12                 	3.1750418313e-12                 	1.1445331612e-12                 	7.3503570069e-01                 	4.1008783775e-02                 
2.5900000000e+00	4.8403815892e-01	4.2002818171e-12                 	3.0526526726e-12                 	1.1476291445e-12                 	7.2677329893e-01                 	4.0653818471e-02                 
2.6000000000e+00	4.8217647369e-01	4.0888243720e-12                 	2.9286520371e-12                 	1.1601723349e-12                 	7.1625772365e-01                 	4.0300219652e-02                 
2.6200000000e+00	4.7849573725e-01	3.9140752863e-12                 	2.6824165051e-12                 	1.2316587812e-12                 	6.8532573057e-01                 	3.9600112220e-02                 
2.6750000000e+00	4.6865750714e-01	4.0519204739e-12                 	1.9955901277e-12                 	2.0563303461e-12                 	4.9250476178e-01                 	3.7703856828e-02                 
2.7250000000e+00	4.6005828683e-01	6.5622943062e-12                 	1.3468861415e-12                 	5.2154081647e-12                 	2.0524622619e-01                 	3.5986896780e-02                 
2.7780000000e+00	4.5128107689e-01	2.0488545461e-11                 	6.6144697059e-13                 	1.9827098490e-11                 	3.2283744684e-02                 	3.4129303864e-02                 
2.8170000000e+00	4.4503330905e-01	4.7819102676e-11                 	2.8485493768e-13                 	4.7534247739e-11                 	5.9569277074e-03                 	3.2733832933e-02                 
2.8330000000e+00	4.4251988408e-01	6.7028415244e-11                 	2.1574393391e-13                 	6.6812671310e-11                 	3.2186936410e-03                 	3.2157124387e-02                 
2.8490000000e+00	4.4003468993e-01	9.1862730015e-11                 	2.3062473540e-13                 	9.1632105279e-11                 	2.5105364859e-03                 	3.1581587020e-02                 
2.8650000000e+00	4.3757725361e-01	1.2459553767e-10                 	3.6709718659e-13                 	1.2422844048e-10                 	2.9463108668e-03                 	3.1000516645e-02                 
2.8820000000e+00	4.3499612477e-01	1.7425024328e-10                 	7.3980856413e-13                 	1.7351043472e-10                 	4.2456673241e-03                 	3.0384756365e-02                 
2.8990000000e+00	4.3244526789e-01	2.4535731472e-10                 	1.4795921625e-12                 	2.4387772256e-10                 	6.0303568458e-03                 	2.9815343235e-02                 
2.9150000000e+00	4.3007164034e-01	3.2033137064e-10                 	2.4419128803e-12                 	3.1788945776e-10                 	7.6230837941e-03                 	2.9376772418e-02                 
2.9330000000e+00	4.2743226444e-01	3.9899430197e-10                 	3.6422193272e-12                 	3.9535208264e-10                 	9.1284996033e-03                 	2.8999804288e-02                 
2.9500000000e+00	4.2496909546e-01	4.4885030976e-10                 	4.5178670676e-12                 	4.4433244269e-10                 	1.0065420407e-02                 	2.8720163605e-02                 
2.9670000000e+00	4.2253415288e-01	4.9695307179e-10                 	5.4859833115e-12                 	4.9146708848e-10                 	1.1039238155e-02                 	2.8397582279e-02                 
2.9850000000e+00	4.1998620824e-01	5.5325718797e-10                 	6.7629339216e-12                 	5.4649425405e-10                 	1.2223851888e-02                 	2.8022261778e-02                 
3.0030000000e+00	4.1746880839e-01	6.2139018959e-10                 	8.5395365087e-12                 	6.1285065308e-10                 	1.3742631686e-02                 	2.7639636953e-02                 
3.0210000000e+00	4.1498140735e-01	6.9273425038e-10                 	1.0766816318e-11                 	6.8196743406e-10                 	1.5542491672e-02                 	2.7318433918e-02                 
3.0400000000e+00	4.1238777355e-01	7.6261702344e-10                 	1.3601718201e-11                 	7.4901530524e-10                 	1.7835581665e-02                 	2.7116509915e-02                 
3.0580000000e+00	4.0996037659e-01	8.0853578935e-10                 	1.6780547834e-11                 	7.9175524152e-10                 	2.0754242490e-02                 	2.7253173543e-02                 
3.0770000000e+00	4.0742893455e-01	7.7123553636e-10                 	1.8195770886e-11                 	7.5303976548e-10                 	2.3593014103e-02                 	2.8108109894e-02                 
3.0960000000e+00	4.0492856318e-01	6.8522692761e-10                 	1.7855560656e-11                 	6.6737136696e-10                 	2.6057879422e-02                 	2.9273648774e-02                 
3.1150000000e+00	4.0245869393e-01	5.9430268299e-10                 	1.6719723239e-11                 	5.7758295975e-10                 	2.8133346386e-02                 	3.0240485394e-02                 
3.1350000000e+00	3.9989117435e-01	5.2178308036e-10                 	1.5934930347e-11                 	5.0584815002e-10                 	3.0539377275e-02                 	3.0920878239e-02                 
3.1550000000e+00	3.9735620653e-01	4.5064635878e-10                 	1.5242291144e-11                 	4.3540406763e-10                 	3.3823176083e-02                 	3.1539108627e-02                 
3.1750000000e+00	3.9485317531e-01	3.7425939244e-10                 	1.4283539923e-11                 	3.5997585251e-10                 	3.8164813528e-02                 	3.1994818909e-02                 
3.1950000000e+00	3.9238148094e-01	2.9977944707e-10                 	1.3009808197e-11                 	2.8676963887e-10                 	4.3397932460e-02                 	3.2065901272e-02                 
3.2150000000e+00	3.8994053860e-01	2.3929350572e-10                 	1.1656135089e-11                 	2.2763737063e-10                 	4.8710620264e-02                 	3.1719863468e-02                 
3.2360000000e+00	3.8741002213e-01	1.9592121846e-10                 	1.0482933750e-11                 	1.8543828471e-10                 	5.3505862368e-02                 	3.1160124258e-02                 
3.2570000000e+00	3.8491213743e-01	1.6182224465e-10                 	9.5768242055e-12                 	1.5224542045e-10                 	5.9181135610e-02                 	3.0604358440e-02                 
3.2790000000e+00	3.8232962232e-01	1.2595060434e-10                 	8.6006526726e-12                 	1.1734995167e-10                 	6.8285918257e-02                 	2.9941853893e-02                 
3.3000000000e+00	3.7989661564e-01	1.0827619998e-10                 	7.8570503655e-12                 	1.0041914961e-10                 	7.2564888379e-02                 	2.9309660913e-02                 
3.3220000000e+00	3.7738074401e-01	8.8955805204e-11                 	7.2309531694e-12                 	8.1724852034e-11                 	8.1287029585e-02                 	2.8723299700e-02                 
3.3450000000e+00	3.7478589883e-01	7.2118366830e-11                 	6.6369443375e-12                 	6.5481422493e-11                 	9.2028489125e-02                 	2.8120988102e-02                 
3.3670000000e+00	3.7233704532e-01	5.8319704571e-11                 	6.1181245513e-12                 	5.2201580020e-11                 	1.0490664513e-01                 	2.7558932489e-02                 
3.3900000000e+00	3.6981086478e-01	4.7839815415e-11                 	5.6342858160e-12                 	4.2205529599e-11                 	1.1777398736e-01                 	2.6994364215e-02                 
3.4130000000e+00	3.6731873179e-01	3.9941662600e-11                 	5.2186339043e-12                 	3.4723028696e-11                 	1.3065640148e-01                 	2.6466213651e-02                 
3.4360000000e+00	3.6485996263e-01	3.3309869498e-11                 	4.8559870034e-12                 	2.8453882495e-11                 	1.4578222841e-01                 	2.5969101821e-02                 
3.4600000000e+00	3.6232914208e-01	2.7635260908e-11                 	4.5184274564e-12                 	2.3116833452e-11                 	1.6350225429e-01                 	2.5475312709e-02                 
3.4840000000e+00	3.5983318932e-01	2.3115591338e-11                 	4.2190905015e-12                 	1.8896500836e-11                 	1.8252141768e-01                 	2.5006403142e-02                 
3.5090000000e+00	3.5726954449e-01	1.9511358423e-11                 	3.9387018357e-12                 	1.5572656587e-11                 	2.0186712531e-01                 	2.4539561025e-02                 
3.5340000000e+00	3.5474217080e-01	1.6678720817e-11                 	3.6907991254e-12                 	1.2987921692e-11                 	2.2128790126e-01                 	2.4096300834e-02                 
3.5590000000e+00	3.5225030391e-01	1.4504301909e-11                 	3.4680141577e-12                 	1.1036287751e-11                 	2.3910245246e-01                 	2.3672325057e-02                 
3.6240000000e+00	3.4593234868e-01	1.0868912028e-11                 	2.9862951263e-12                 	7.8826169014e-12                 	2.7475566263e-01                 	2.2650383792e-02                 
3.7320000000e+00	3.3592144469e-01	8.7378875364e-12                 	2.4047530601e-12                 	6.3331344763e-12                 	2.7520988912e-01                 	2.1156193274e-02                 
3.7750000000e+00	3.3209505473e-01	8.7775690729e-12                 	2.2194608868e-12                 	6.5581081861e-12                 	2.5285598648e-01                 	2.0612265024e-02                 
3.8470000000e+00	3.2587960270e-01	9.6136754139e-12                 	1.9624885247e-12                 	7.6511868893e-12                 	2.0413509300e-01                 	1.9764940045e-02                 
3.9690000000e+00	3.1586264339e-01	1.1674148819e-11                 	1.6279604150e-12                 	1.0046188404e-11                 	1.3945003102e-01                 	1.8471245700e-02                 
4.0990000000e+00	3.0584504308e-01	1.4272517613e-11                 	1.3634024657e-12                 	1.2909115147e-11                 	9.5526416763e-02                 	1.7249826386e-02                 
4.2390000000e+00	2.9574400368e-01	1.7024577431e-11                 	1.1454006976e-12                 	1.5879176733e-11                 	6.7279243920e-02                 	1.6077845817e-02                 
4.3480000000e+00	2.8832999807e-01	2.1021345075e-11                 	1.0147469500e-12                 	2.0006598125e-11                 	4.8272217898e-02                 	1.5257124407e-02                 
4.3870000000e+00	2.8576677265e-01	2.2815515747e-11                 	9.7767343845e-13                 	2.1837842308e-11                 	4.2851253038e-02                 	1.4984541397e-02                 
4.4440000000e+00	2.8210144725e-01	2.5169835338e-11                 	9.3560977361e-13                 	2.4234225565e-11                 	3.7171867080e-02                 	1.4610512603e-02                 
4.5050000000e+00	2.7828164963e-01	2.6251963463e-11                 	9.0215025812e-13                 	2.5349813205e-11                 	3.4365058422e-02                 	1.4238260371e-02                 
4.5470000000e+00	2.7571120114e-01	2.5241050192e-11                 	8.8229128488e-13                 	2.4358758907e-11                 	3.4954618693e-02                 	1.3994852800e-02                 
4.5600000000e+00	2.7492518237e-01	2.4496930033e-11                 	8.7604276877e-13                 	2.3620887264e-11                 	3.5761328770e-02                 	1.3920890891e-02                 
4.5800000000e+00	2.7372463572e-01	2.3395314411e-11                 	8.6441053138e-13                 	2.2530903880e-11                 	3.6948019428e-02                 	1.3805379628e-02                 
4.7190000000e+00	2.6566196898e-01	1.5467401675e-11                 	7.5606683257e-13                 	1.4711334842e-11                 	4.8881308474e-02                 	1.2994376618e-02                 
4.9040000000e+00	2.5564005538e-01	1.0481271381e-11                 	6.1684439239e-13                 	9.8644269885e-12                 	5.8852058111e-02                 	1.1986982805e-02                 
5.0000000000e+00	2.5073176632e-01	9.4814686603e-12                 	5.5421880661e-13                 	8.9272498537e-12                 	5.8452843801e-02                 	1.1505005010e-02                 
5.1000000000e+00	2.4581545718e-01	9.1288871867e-12                 	4.9612357155e-13                 	8.6327636151e-12                 	5.4346555216e-02                 	1.1031801646e-02                 
5.2000000000e+00	2.4108823685e-01	9.5033818974e-12                 	4.4489091926e-13                 	9.0584909782e-12                 	4.6813957817e-02                 	1.0586638485e-02                 
5.2630000000e+00	2.3820232407e-01	9.9172653789e-12                 	4.1541613028e-13                 	9.5018492486e-12                 	4.1888173242e-02                 	1.0319052793e-02                 
5.4000000000e+00	2.3215904289e-01	1.1692597100e-11                 	3.5894135485e-13                 	1.1333655745e-11                 	3.0698171824e-02                 	9.7707546421e-03                 
5.5560000000e+00	2.2564053844e-01	1.4973267764e-11                 	3.0474471702e-13                 	1.4668523047e-11                 	2.0352585809e-02                 	9.1958262530e-03                 
5.7140000000e+00	2.1940126559e-01	2.1145381856e-11                 	2.6101994094e-13                 	2.0884361915e-11                 	1.2344063717e-02                 	8.6644647559e-03                 
5.7470000000e+00	2.1814143581e-01	2.2839250581e-11                 	2.5312110645e-13                 	2.2586129475e-11                 	1.1082723820e-02                 	8.5592434441e-03                 
5.7800000000e+00	2.1689599163e-01	2.4897882054e-11                 	2.4644556427e-13                 	2.4651436490e-11                 	9.8982541461e-03                 	8.4575859999e-03                 
5.8140000000e+00	2.1562759401e-01	2.7192263237e-11                 	2.4104040183e-13                 	2.6951222836e-11                 	8.8643008390e-03                 	8.3572325208e-03                 
5.8480000000e+00	2.1437394521e-01	2.9363368388e-11                 	2.3671723943e-13                 	2.9126651148e-11                 	8.0616513850e-03                 	8.2607277710e-03                 
5.8820000000e+00	2.1313478946e-01	3.1673934778e-11                 	2.3394889735e-13                 	3.1439985880e-11                 	7.3861646490e-03                 	8.1689661843e-03                 
6.0610000000e+00	2.0684026260e-01	3.8904953880e-11                 	2.2438589148e-13                 	3.8680567988e-11                 	5.7675403541e-03                 	7.7253396337e-03                 
6.1350000000e+00	2.0434536782e-01	3.8983831573e-11                 	2.2269929603e-13                 	3.8761132277e-11                 	5.7126066640e-03                 	7.5624262117e-03                 
6.2500000000e+00	2.0058541306e-01	3.6930285087e-11                 	2.1443991015e-13                 	3.6715845177e-11                 	5.8066139930e-03                 	7.3093247128e-03                 
6.2890000000e+00	1.9934152196e-01	3.6115028046e-11                 	2.1068898571e-13                 	3.5904339060e-11                 	5.8338314300e-03                 	7.2239522152e-03                 
6.3290000000e+00	1.9808166086e-01	3.5313368610e-11                 	2.0644518164e-13                 	3.5106923429e-11                 	5.8460914313e-03                 	7.1366232293e-03                 
6.3690000000e+00	1.9683762468e-01	3.4673749789e-11                 	2.0215864587e-13                 	3.4471591144e-11                 	5.8303081466e-03                 	7.0502554895e-03                 
6.4100000000e+00	1.9557860087e-01	3.4035578965e-11                 	1.9764827514e-13                 	3.3837930690e-11                 	5.8071077721e-03                 	6.9627022084e-03                 
6.4520000000e+00	1.9430546057e-01	3.3417458346e-11                 	1.9315821848e-13                 	3.3224300127e-11                 	5.7801588764e-03                 	6.8746648360e-03                 
6.4940000000e+00	1.9304878836e-01	3.2820900863e-11                 	1.8870309264e-13                 	3.2632197770e-11                 	5.7494793770e-03                 	6.7880141049e-03                 
6.5790000000e+00	1.9055461797e-01	3.1716465299e-11                 	1.7960878962e-13                 	3.1536856509e-11                 	5.6629510234e-03                 	6.6161468010e-03                 
6.6670000000e+00	1.8803942277e-01	3.0840970701e-11                 	1.7064783751e-13                 	3.0670322864e-11                 	5.5331539063e-03                 	6.4443634667e-03                 
6.7570000000e+00	1.8553482782e-01	3.0289843503e-11                 	1.6260699962e-13                 	3.0127236503e-11                 	5.3683671099e-03                 	6.2768172117e-03                 
6.8970000000e+00	1.8176871562e-01	2.8320375556e-11                 	1.5049293199e-13                 	2.8169882624e-11                 	5.3139454910e-03                 	6.0286144441e-03                 
7.0420000000e+00	1.7802596302e-01	2.6355349503e-11                 	1.3827514391e-13                 	2.6217074359e-11                 	5.2465684016e-03                 	5.7839714182e-03                 
7.1430000000e+00	1.7550872625e-01	2.4873971538e-11                 	1.2978073935e-13                 	2.4744190799e-11                 	5.2175318746e-03                 	5.6199720548e-03                 
7.2460000000e+00	1.7301391548e-01	2.4023796383e-11                 	1.2198040139e-13                 	2.3901815982e-11                 	5.0774823199e-03                 	5.4599081250e-03                 
7.3530000000e+00	1.7049623713e-01	2.2508680485e-11                 	1.1409421317e-13                 	2.2394586272e-11                 	5.0688983410e-03                 	5.2999604758e-03                 
7.4630000000e+00	1.6798322814e-01	2.1420900796e-11                 	1.0629816475e-13                 	2.1314602631e-11                 	4.9623573612e-03                 	5.1410756964e-03                 
7.5760000000e+00	1.6547767049e-01	2.0401939989e-11                 	9.9024106552e-14                 	2.0302915883e-11                 	4.8536612991e-03                 	4.9853776198e-03                 
7.6920000000e+00	1.6298216739e-01	1.8951731573e-11                 	9.1688787983e-14                 	1.8860042785e-11                 	4.8380163908e-03                 	4.8311349219e-03                 
7.8120000000e+00	1.6047860108e-01	1.8091406838e-11                 	8.4386023712e-14                 	1.8007020815e-11                 	4.6644257390e-03                 	4.6768541776e-03                 
7.9370000000e+00	1.5795121981e-01	1.7418936609e-11                 	7.7455668544e-14                 	1.7341480941e-11                 	4.4466358815e-03                 	4.5235146615e-03                 
8.0650000000e+00	1.5544436846e-01	1.6909653863e-11                 	7.0972792491e-14                 	1.6838681070e-11                 	4.1971759485e-03                 	4.3737177279e-03                 
8.1970000000e+00	1.5294117746e-01	1.6510079715e-11                 	6.4922606822e-14                 	1.6445157109e-11                 	3.9323012330e-03                 	4.2266916577e-03                 
8.3330000000e+00	1.5044507760e-01	1.6170206757e-11                 	5.9211844298e-14                 	1.6110994912e-11                 	3.6617864687e-03                 	4.0822684771e-03                 
8.4750000000e+00	1.4792434591e-01	1.5837817928e-11                 	5.3752038365e-14                 	1.5784065890e-11                 	3.3939042997e-03                 	3.9386179626e-03                 
8.6960000000e+00	1.4416499903e-01	1.5403832353e-11                 	4.6037071833e-14                 	1.5357795281e-11                 	2.9886765045e-03                 	3.7277487526e-03                 
8.9290000000e+00	1.4040304979e-01	1.5122514526e-11                 	3.8800247681e-14                 	1.5083714278e-11                 	2.5657272548e-03                 	3.5205111393e-03                 
9.0910000000e+00	1.3790109247e-01	1.5087641862e-11                 	3.4219758358e-14                 	1.5053422104e-11                 	2.2680653923e-03                 	3.3844653454e-03                 
9.2590000000e+00	1.3539894498e-01	1.5222423299e-11                 	2.9804824845e-14                 	1.5192618475e-11                 	1.9579553307e-03                 	3.2495856426e-03                 
9.5240000000e+00	1.3163154469e-01	1.5872810681e-11                 	2.3484261825e-14                 	1.5849326419e-11                 	1.4795276210e-03                 	3.0484264285e-03                 
9.8040000000e+00	1.2787217785e-01	1.7261005382e-11                 	1.7423869879e-14                 	1.7243581513e-11                 	1.0094354004e-03                 	2.8480116010e-03                 
1.0000000000e+01	1.2536588316e-01	1.9273089815e-11                 	1.3358563266e-14                 	1.9259731252e-11                 	6.9311996125e-04                 	2.7115462831e-03                 
1.0200000000e+01	1.2290772859e-01	2.4716942909e-11                 	1.0006430015e-14                 	2.4706936479e-11                 	4.0484092437e-04                 	2.5768321952e-03                 
1.0310000000e+01	1.2159639492e-01	2.8614588767e-11                 	8.5801713805e-15                 	2.8606008596e-11                 	2.9985303826e-04                 	2.5052024365e-03                 
1.0420000000e+01	1.2031274775e-01	3.3517340645e-11                 	7.4380508538e-15                 	3.3509902594e-11                 	2.2191649787e-04                 	2.4339630546e-03                 
1.0530000000e+01	1.1905591943e-01	4.1087118292e-11                 	7.0066706440e-15                 	4.1080111621e-11                 	1.7053205324e-04                 	2.3637017737e-03                 
1.0640000000e+01	1.1782507816e-01	5.0879954650e-11                 	7.5620078707e-15                 	5.0872392642e-11                 	1.4862450100e-04                 	2.2969535186e-03                 
1.0750000000e+01	1.1661942620e-01	6.3532168381e-11                 	9.5511295543e-15                 	6.3522617252e-11                 	1.5033533087e-04                 	2.2360479447e-03                 
1.0870000000e+01	1.1533199923e-01	7.6570864126e-11                 	1.2495192851e-14                 	7.6558368933e-11                 	1.6318469164e-04                 	2.1776381816e-03                 
1.1000000000e+01	1.1396898469e-01	9.2040700833e-11                 	1.7110174194e-14                 	9.2023590659e-11                 	1.8589791297e-04                 	2.1215473619e-03                 
1.1110000000e+01	1.1284057890e-01	1.0245552417e-10                 	2.1068456241e-14                 	1.0243445571e-10                 	2.0563514181e-04                 	2.0832351891e-03                 
1.1360000000e+01	1.1035729151e-01	1.1992032603e-10                 	2.9481676515e-14                 	1.1989084435e-10                 	2.4584386560e-04                 	2.0095817295e-03                 
1.1630000000e+01	1.0779525637e-01	1.2635990856e-10                 	3.5072455722e-14                 	1.2632483611e-10                 	2.7755999606e-04                 	1.9501904256e-03                 
1.1900000000e+01	1.0534948165e-01	1.2865375562e-10                 	3.9492162098e-14                 	1.2861426346e-10                 	3.0696470466e-04                 	1.8996390148e-03                 
1.2200000000e+01	1.0275892062e-01	1.2380101343e-10                 	4.1521541353e-14                 	1.2375949189e-10                 	3.3538934942e-04                 	1.8572420912e-03                 
1.2500000000e+01	1.0029270653e-01	1.1539957738e-10                 	4.1865903388e-14                 	1.1535771147e-10                 	3.6279078606e-04                 	1.8220478814e-03                 
1.2820000000e+01	9.7789300437e-02	1.0279329862e-10                 	4.0000505271e-14                 	1.0275329811e-10                 	3.8913534062e-04                 	1.7874214007e-03                 
1.2990000000e+01	9.6509532841e-02	9.5936627841e-11                 	3.8632881898e-14                 	9.5897994959e-11                 	4.0269168062e-04                 	1.7677376290e-03                 
1.3160000000e+01	9.5262829149e-02	8.9370830545e-11                 	3.7212017928e-14                 	8.9333618527e-11                 	4.1637766709e-04                 	1.7468421415e-03                 
1.3330000000e+01	9.4047924351e-02	8.2244557443e-11                 	3.5360973410e-14                 	8.2209196470e-11                 	4.2994909948e-04                 	1.7243335041e-03                 
1.3510000000e+01	9.2794880207e-02	7.5833590094e-11                 	3.3475252293e-14                 	7.5800114841e-11                 	4.4143040375e-04                 	1.6966758068e-03                 
1.3700000000e+01	9.1507943912e-02	6.9492682840e-11                 	3.1605210868e-14                 	6.9461077629e-11                 	4.5479911808e-04                 	1.6667498160e-03                 
1.3890000000e+01	9.0256215378e-02	6.3321409980e-11                 	2.9787512233e-14                 	6.3291622467e-11                 	4.7041770300e-04                 	1.6362837800e-03                 
1.4080000000e+01	8.9038269290e-02	5.7142485442e-11                 	2.7904050459e-14                 	5.7114581391e-11                 	4.8832405946e-04                 	1.6043993705e-03                 
1.4290000000e+01	8.7729799272e-02	5.0843231985e-11                 	2.5849646999e-14                 	5.0817382338e-11                 	5.0841864274e-04                 	1.5668702549e-03                 
1.4710000000e+01	8.5224937566e-02	3.9828744095e-11                 	2.1660468368e-14                 	3.9807083627e-11                 	5.4384010493e-04                 	1.4833280366e-03                 
1.5150000000e+01	8.2749757861e-02	3.2352651624e-11                 	1.7993351243e-14                 	3.2334658273e-11                 	5.5616310688e-04                 	1.3929701033e-03                 
1.5380000000e+01	8.1512277737e-02	2.9715168910e-11                 	1.6398761419e-14                 	2.9698770149e-11                 	5.5186499086e-04                 	1.3474263732e-03                 
1.5630000000e+01	8.0208498503e-02	2.7478874630e-11                 	1.4907455663e-14                 	2.7463967174e-11                 	5.4250604742e-04                 	1.3004397326e-03                 
1.6130000000e+01	7.7722184228e-02	2.4233456672e-11                 	1.2513486173e-14                 	2.4220943186e-11                 	5.1637231708e-04                 	1.2143878553e-03                 
1.6390000000e+01	7.6489251470e-02	2.3377476279e-11                 	1.1533470827e-14                 	2.3365942808e-11                 	4.9335825171e-04                 	1.1734530345e-03                 
1.6670000000e+01	7.5204488998e-02	2.2628115510e-11                 	1.0733592136e-14                 	2.2617381918e-11                 	4.7434759344e-04                 	1.1340448883e-03                 
1.6950000000e+01	7.3962172956e-02	2.0967926437e-11                 	1.0018481331e-14                 	2.0957907956e-11                 	4.7780028994e-04                 	1.0978655555e-03                 
1.7240000000e+01	7.2718029675e-02	1.9019647680e-11                 	9.2867778982e-15                 	1.9010360902e-11                 	4.8827286681e-04                 	1.0614830323e-03                 
1.8180000000e+01	6.8958131551e-02	1.3478090890e-11                 	7.0071482491e-15                 	1.3471083742e-11                 	5.1989174924e-04                 	9.4807723733e-04                 
1.8320000000e+01	6.8431158930e-02	1.3160245311e-11                 	6.7093522185e-15                 	1.3153535959e-11                 	5.0981969255e-04                 	9.3203396699e-04                 
1.8610000000e+01	6.7364794820e-02	1.2514483682e-11                 	6.1663818435e-15                 	1.2508317300e-11                 	4.9273961278e-04                 	9.0066551016e-04                 
1.8870000000e+01	6.6436610048e-02	1.1973102122e-11                 	5.7087327745e-15                 	1.1967393390e-11                 	4.7679646562e-04                 	8.7353748653e-04                 
1.9230000000e+01	6.5192866958e-02	1.2439207877e-11                 	5.2304018016e-15                 	1.2433977475e-11                 	4.2047707967e-04                 	8.3933552754e-04                 
1.9610000000e+01	6.3929568159e-02	1.2015078861e-11                 	4.8724416013e-15                 	1.2010206420e-11                 	4.0552722604e-04                 	8.0807730490e-04                 
2.0000000000e+01	6.2682941580e-02	1.0505906682e-11                 	4.5168904990e-15                 	1.0501389792e-11                 	4.2993818958e-04                 	7.7789119803e-04                 
2.0410000000e+01	6.1423754611e-02	8.4698776526e-12                 	4.0982149985e-15                 	8.4657794376e-12                 	4.8385763840e-04                 	7.4609129344e-04                 
2.0830000000e+01	6.0185253557e-02	6.8298781213e-12                 	3.6613434917e-15                 	6.8262167778e-12                 	5.3607742724e-04                 	7.1375734791e-04                 
2.2220000000e+01	5.6420289451e-02	4.2175921549e-12                 	2.5221519745e-15                 	4.2150700029e-12                 	5.9800755546e-04                 	6.1850652449e-04                 
2.2600000000e+01	5.5471629717e-02	3.9572584377e-12                 	2.2773765238e-15                 	3.9549810611e-12                 	5.7549350383e-04                 	5.9539902650e-04                 
2.3050000000e+01	5.4388669484e-02	3.8354092982e-12                 	2.0271079139e-15                 	3.8333821903e-12                 	5.2852453448e-04                 	5.6981555082e-04                 
2.3600000000e+01	5.3121136932e-02	3.8164495267e-12                 	1.7667184555e-15                 	3.8146828083e-12                 	4.6292200201e-04                 	5.4083299283e-04                 
2.4600000000e+01	5.0961741122e-02	3.9246803123e-12                 	1.3891382388e-15                 	3.9232911740e-12                 	3.5394939925e-04                 	4.9360641258e-04                 
2.5000000000e+01	5.0146353264e-02	4.0288418544e-12                 	1.2630411140e-15                 	4.0275788133e-12                 	3.1349979959e-04                 	4.7634338756e-04                 
2.6000000000e+01	4.8217647369e-02	4.4436413413e-12                 	9.9976409543e-16                 	4.4426415773e-12                 	2.2498757632e-04                 	4.3683138537e-04                 
2.8570000000e+01	4.3880253119e-02	6.2790062057e-12                 	5.5700071245e-16                 	6.2784492050e-12                 	8.8708418849e-05                 	3.5434143690e-04                 
3.1000000000e+01	4.0440607471e-02	1.0013563159e-11                 	3.3230037814e-16                 	1.0013230858e-11                 	3.3185028433e-05                 	2.9488653934e-04                 
3.3330000000e+01	3.7613526301e-02	1.4884650166e-11                 	2.3345139088e-16                 	1.4884416714e-11                 	1.5684036123e-05                 	2.5089402436e-04                 
3.4480000000e+01	3.6359014838e-02	1.7364912903e-11                 	2.1053226074e-16                 	1.7364702370e-11                 	1.2124003265e-05                 	2.3292641771e-04                 
3.5640000000e+01	3.5175612559e-02	1.9828046855e-11                 	1.9729402997e-16                 	1.9827849561e-11                 	9.9502503406e-06                 	2.1676649333e-04                 
3.7000000000e+01	3.3882671124e-02	2.2568067083e-11                 	1.8924653991e-16                 	2.2567877837e-11                 	8.3855892137e-06                 	1.9991055900e-04                 
3.8240000000e+01	3.2783965262e-02	2.4894255268e-11                 	1.8558556492e-16                 	2.4894069682e-11                 	7.4549554878e-06                 	1.8616076145e-04                 
3.9600000000e+01	3.1658051303e-02	2.7287082634e-11                 	1.8233452652e-16                 	2.7286900300e-11                 	6.6820821031e-06                 	1.7240182849e-04                 
4.1140000000e+01	3.0472990559e-02	3.0231921829e-11                 	1.7789823972e-16                 	3.0231743930e-11                 	5.8844502421e-06                 	1.5764134181e-04                 
4.2760000000e+01	2.9318494659e-02	3.6253733388e-11                 	1.9893475675e-16                 	3.6253534453e-11                 	5.4872902226e-06                 	1.4240059423e-04                 
4.3580000000e+01	2.8766838724e-02	4.1432451182e-11                 	2.3231625834e-16                 	4.1432218865e-11                 	5.6071087206e-06                 	1.3449459405e-04                 
4.4580000000e+01	2.8121552974e-02	5.0155534744e-11                 	3.1538155888e-16                 	5.0155219363e-11                 	6.2880709075e-06                 	1.2528170064e-04                 
4.5500000000e+01	2.7552941354e-02	5.9071734952e-11                 	4.4182977122e-16                 	5.9071293122e-11                 	7.4795462090e-06                 	1.1789831260e-04                 
4.6150000000e+01	2.7164871757e-02	6.2329904635e-11                 	5.3508038780e-16                 	6.2329369555e-11                 	8.5846495504e-06                 	1.1489633484e-04                 
4.6710000000e+01	2.6839195710e-02	6.0685777570e-11                 	5.8184450833e-16                 	6.0685195725e-11                 	9.5878232369e-06                 	1.1525375345e-04                 
4.7360000000e+01	2.6470836816e-02	5.4621427578e-11                 	5.7913289897e-16                 	5.4620848445e-11                 	1.0602668671e-05                 	1.1913431223e-04                 
4.8000000000e+01	2.6117892325e-02	4.7108604796e-11                 	5.3542133811e-16                 	4.7108069375e-11                 	1.1365680228e-05                 	1.2491433874e-04                 
4.8780000000e+01	2.5700263050e-02	3.9162433795e-11                 	4.6664839007e-16                 	3.9161967147e-11                 	1.1915714751e-05                 	1.3042179910e-04                 
5.0030000000e+01	2.5058141747e-02	3.0651751662e-11                 	3.7187513140e-16                 	3.0651379787e-11                 	1.2132263614e-05                 	1.3231395966e-04                 
5.1280000000e+01	2.4447325109e-02	2.5803230906e-11                 	3.0642071009e-16                 	2.5802924485e-11                 	1.1875284580e-05                 	1.2896240054e-04                 
5.2750000000e+01	2.3766044201e-02	2.2495649479e-11                 	2.5564087676e-16                 	2.2495393839e-11                 	1.1364014051e-05                 	1.2315588719e-04                 
5.3500000000e+01	2.3432875357e-02	2.1342194074e-11                 	2.3701699834e-16                 	2.1341957057e-11                 	1.1105559134e-05                 	1.2017563712e-04                 
5.4240000000e+01	2.3113179049e-02	2.0295166492e-11                 	2.2383539257e-16                 	2.0294942656e-11                 	1.1029000065e-05                 	1.1778563520e-04                 
5.5000000000e+01	2.2793796938e-02	1.8660998355e-11                 	2.1013554217e-16                 	1.8660788219e-11                 	1.1260680601e-05                 	1.1593514143e-04                 
5.5740000000e+01	2.2491188224e-02	1.6777688057e-11                 	1.9453480143e-16                 	1.6777493522e-11                 	1.1594851494e-05                 	1.1395800781e-04                 
5.6400000000e+01	2.2227993468e-02	1.5121899387e-11                 	1.7915513345e-16                 	1.5121720232e-11                 	1.1847396208e-05                 	1.1169507997e-04                 
5.7000000000e+01	2.1994014589e-02	1.3774929454e-11                 	1.6449616669e-16                 	1.3774764958e-11                 	1.1941706652e-05                 	1.0914559021e-04                 
5.7460000000e+01	2.1817939986e-02	1.2905041215e-11                 	1.5311586410e-16                 	1.2904888099e-11                 	1.1864810159e-05                 	1.0688752891e-04                 
5.8400000000e+01	2.1466760815e-02	1.1719587107e-11                 	1.3075547653e-16                 	1.1719456352e-11                 	1.1157003684e-05                 	1.0170679782e-04                 
5.9290000000e+01	2.1144524061e-02	1.1603110429e-11                 	1.1199260930e-16                 	1.1602998436e-11                 	9.6519472076e-06                 	9.6385019129e-05                 
6.0000000000e+01	2.0894313860e-02	1.2745153495e-11                 	1.0282023545e-16                 	1.2745050675e-11                 	8.0673987556e-06                 	9.2437566643e-05                 
6.1000000000e+01	2.0551784125e-02	1.4044088911e-11                 	9.6107535038e-17                 	1.4043992803e-11                 	6.8432730416e-06                 	8.8323465891e-05                 
6.1250000000e+01	2.0467899291e-02	1.4327209222e-11                 	9.4986239860e-17                 	1.4327114235e-11                 	6.6297796305e-06                 	8.7437969583e-05                 
6.2500000000e+01	2.0058541306e-02	1.5497186539e-11                 	9.1075555413e-17                 	1.5497095464e-11                 	5.8769090236e-06                 	8.3566516050e-05                 
6.3780000000e+01	1.9655986698e-02	1.6241965295e-11                 	8.8717145287e-17                 	1.6241876578e-11                 	5.4622173903e-06                 	8.0373118833e-05                 
6.4670000000e+01	1.9385477526e-02	1.6491319273e-11                 	8.7462886002e-17                 	1.6491231810e-11                 	5.3035712035e-06                 	7.8516243984e-05                 
6.5580000000e+01	1.9116481116e-02	1.6540880275e-11                 	8.6142955854e-17                 	1.6540794132e-11                 	5.2078821939e-06                 	7.6844277325e-05                 
6.6550000000e+01	1.8837848709e-02	1.6396433662e-11                 	8.4546148635e-17                 	1.6396349116e-11                 	5.1563742689e-06                 	7.5260564738e-05                 
6.7600000000e+01	1.8545248988e-02	1.6040509175e-11                 	8.2489237585e-17                 	1.6040426686e-11                 	5.1425573018e-06                 	7.3725573013e-05                 
6.9000000000e+01	1.8168968574e-02	1.5327524517e-11                 	7.9166288018e-17                 	1.5327445350e-11                 	5.1649754618e-06                 	7.1864833957e-05                 
7.0530000000e+01	1.7774831017e-02	1.4341339997e-11                 	7.4953958191e-17                 	1.4341265043e-11                 	5.2264264152e-06                 	6.9980298577e-05                 
7.3000000000e+01	1.7173408652e-02	1.2570760476e-11                 	6.7097378484e-17                 	1.2570693379e-11                 	5.3375751302e-06                 	6.6925724922e-05                 
7.5000000000e+01	1.6715451088e-02	1.1122810203e-11                 	6.0515018769e-17                 	1.1122749688e-11                 	5.4406231577e-06                 	6.4386094994e-05                 
7.6290000000e+01	1.6432806811e-02	1.0249801707e-11                 	5.6208888465e-17                 	1.0249745498e-11                 	5.4839000861e-06                 	6.2634043333e-05                 
8.0000000000e+01	1.5670735395e-02	8.5563304766e-12                 	4.5801125204e-17                 	8.5562846754e-12                 	5.3528934313e-06                 	5.7507765295e-05                 
8.2970000000e+01	1.5109784640e-02	7.4862815848e-12                 	3.9155484545e-17                 	7.4862424293e-12                 	5.2302981263e-06                 	5.3727261881e-05                 
8.5000000000e+01	1.4748927431e-02	6.8659770612e-12                 	3.5279339735e-17                 	6.8659417819e-12                 	5.1382839500e-06                 	5.1305238570e-05                 
8.6800000000e+01	1.4443074097e-02	6.3775123181e-12                 	3.2239685307e-17                 	6.3774800784e-12                 	5.0552133338e-06                 	4.9273660944e-05                 
9.0800000000e+01	1.3806815326e-02	5.4655104757e-12                 	2.6538761128e-17                 	5.4654839369e-12                 	4.8556783939e-06                 	4.5101632181e-05                 
9.5170000000e+01	1.3172836310e-02	4.6722706196e-12                 	2.1677503323e-17                 	4.6722489421e-12                 	4.6396078240e-06                 	4.1075295040e-05                 
1.0000000000e+02	1.2536588316e-02	3.9772661806e-12                 	1.7538158172e-17                 	3.9772486424e-12                 	4.4096013129e-06                 	3.7193450186e-05                 
1.2000000000e+02	1.0447156930e-02	2.2684470868e-12                 	8.0764815926e-18                 	2.2684390104e-12                 	3.5603570564e-06                 	2.5686609956e-05                 
1.6000000000e+02	7.8353676975e-03	1.0077735365e-12                 	2.4267048807e-18                 	1.0077711098e-12                 	2.4079863111e-06                 	1.4299410882e-05                 
2.1000000000e+02	5.9698039600e-03	4.9826699072e-13                 	7.9259758081e-19                 	4.9826619812e-13                 	1.5907085871e-06                 	8.2397184790e-06                 
3.0000000000e+02	4.1788627720e-03	2.0978310857e-13                 	1.8567701403e-19                 	2.0978292290e-13                 	8.8509039307e-07                 	4.0127990615e-06                 
5.0000000000e+02	2.5073176632e-03	6.9842293715e-14                 	2.3687418421e-20                 	6.9842270027e-14                 	3.3915579174e-07                 	1.4388215169e-06                 
1.3000000000e+03	9.6435294738e-04	9.9228190557e-15                 	5.1433075451e-22                 	9.9228185413e-15                 	5.1833128431e-08                 	2.1242059109e-07                 
5.0000000000e+03	2.5073176632e-04	6.6718495913e-16                 	2.3471723188e-24                 	6.6718495678e-16                 	3.5180234307e-09                 	1.4354626287e-08                 
1.9000000000e+04	6.5982043768e-05	4.6933814272e-17                 	1.1256656734e-26                 	4.6933814260e-17                 	2.3984108065e-10                 	9.9408787223e-10                 
3.9000000000e+04	3.2145098246e-05	1.1765270833e-17                 	6.3411077502e-28                 	1.1765270832e-17                 	5.3896827707e-11                 	2.3594045234e-10                 
6.1000000000e+04	2.0551784125e-05	5.2928466545e-18                 	1.0595082312e-28                 	5.2928466544e-18                 	2.0017739043e-11                 	9.6443218634e-11                 
8.6000000000e+04	1.4577428274e-05	3.0695339332e-18                 	2.6818258325e-29                 	3.0695339332e-18                 	8.7369154107e-12                 	4.8521557917e-11                 
1.1000000000e+05	1.1396898469e-05	2.1945418357e-18                 	1.0019691264e-29                 	2.1945418357e-18                 	4.5657326284e-12                 	2.9658383310e-11                 
1.4000000000e+05	8.9547059400e-06	1.6681398960e-18                 	3.8186609311e-30                 	1.6681398960e-18                 	2.2891730725e-12                 	1.8309369359e-11                 
1.8000000000e+05	6.9647712867e-06	1.3325098980e-18                 	1.3974359807e-30                 	1.3325098980e-18                 	1.0487246533e-12                 	1.1076120118e-11                 
2.4000000000e+05	5.2235784650e-06	1.1082193655e-18                 	4.4214885778e-31                 	1.1082193655e-18                 	3.9897232581e-13                 	6.2303998051e-12                 
3.4000000000e+05	3.6872318576e-06	9.6279110807e-19                 	1.0977225155e-31                 	9.6279110807e-19                 	1.1401460881e-13                 	3.1044342523e-12                 
5.4000000000e+05	2.3215904289e-06	8.7555438408e-19                 	1.7250999222e-32                 	8.7555438408e-19                 	1.9702944255e-14                 	1.2306220064e-12                 
1.0000000000e+06	1.2536588316e-06	8.3520977798e-19                 	1.4664736103e-33                 	8.3520977798e-19                 	1.7558147055e-15                 	3.5892780906e-13                 
2.0000000000e+06	6.2682941580e-07	8.2247117691e-19                 	9.1595546316e-35                 	8.2247117691e-19                 	1.1136626898e-16                 	8.9772891891e-14                 
