#wavelengths (mu)	size parameter  	extinction cross section (cm^2)  	scattering cross section (cm^2)  	absorption cross section (cm^2)  	single scattering albedo         	asymmetry parameter              
4.4300000000e-02	1.4183262544e+05	6.2853881663e-02                 	3.5975948005e-02                 	2.6877933658e-02                 	5.7237432364e-01                 	9.5113019687e-01                 
4.5100000000e-02	1.3931674739e+05	6.2854161037e-02                 	3.5902687101e-02                 	2.6951473936e-02                 	5.7120620988e-01                 	9.5131430804e-01                 
4.5900000000e-02	1.3688856878e+05	6.2854444457e-02                 	3.5879179620e-02                 	2.6975264837e-02                 	5.7082963552e-01                 	9.5074336508e-01                 
4.6800000000e-02	1.3425609631e+05	6.2854764218e-02                 	3.5870403621e-02                 	2.6984360597e-02                 	5.7068710809e-01                 	9.4981956894e-01                 
4.7700000000e-02	1.3172296241e+05	6.2855084819e-02                 	3.5870517819e-02                 	2.6984567000e-02                 	5.7068601407e-01                 	9.4871652704e-01                 
4.8600000000e-02	1.2928364830e+05	6.2855407926e-02                 	3.5862036235e-02                 	2.6993371691e-02                 	5.7054814245e-01                 	9.4760915246e-01                 
4.9600000000e-02	1.2667712313e+05	6.2855763405e-02                 	3.5790318443e-02                 	2.7065444962e-02                 	5.6940392581e-01                 	9.4732539790e-01                 
5.0600000000e-02	1.2417362267e+05	6.2856099787e-02                 	3.5690884846e-02                 	2.7165214942e-02                 	5.6781895419e-01                 	9.4804059605e-01                 
5.1700000000e-02	1.2153163070e+05	6.2856465048e-02                 	3.5642956155e-02                 	2.7213508894e-02                 	5.6705314445e-01                 	9.4808696224e-01                 
5.2800000000e-02	1.1899972173e+05	6.2856829502e-02                 	3.5653594595e-02                 	2.7203234906e-02                 	5.6721910535e-01                 	9.4727346987e-01                 
5.3900000000e-02	1.1657115598e+05	6.2857197500e-02                 	3.5723293366e-02                 	2.7133904134e-02                 	5.6832462767e-01                 	9.4542960267e-01                 
5.5100000000e-02	1.1403240122e+05	6.2857610920e-02                 	3.5834455997e-02                 	2.7023154924e-02                 	5.7008937298e-01                 	9.4243762435e-01                 
5.6400000000e-02	1.1140399481e+05	6.2858060542e-02                 	3.5923724434e-02                 	2.6934336108e-02                 	5.7150545410e-01                 	9.3948791683e-01                 
5.7700000000e-02	1.0889402612e+05	6.2858504157e-02                 	3.5996600225e-02                 	2.6861903932e-02                 	5.7266078326e-01                 	9.3686923226e-01                 
5.9000000000e-02	1.0649466622e+05	6.2858955791e-02                 	3.6075263955e-02                 	2.6783691836e-02                 	5.7390810110e-01                 	9.3381826561e-01                 
6.0500000000e-02	1.0385430260e+05	6.2859465975e-02                 	3.6097116458e-02                 	2.6762349517e-02                 	5.7425108372e-01                 	9.3169903306e-01                 
6.2000000000e-02	1.0134169850e+05	6.2859970015e-02                 	3.6106706115e-02                 	2.6753263900e-02                 	5.7439903498e-01                 	9.2993036627e-01                 
6.3600000000e-02	9.8792221811e+04	6.2860502531e-02                 	3.6114055267e-02                 	2.6746447263e-02                 	5.7451108110e-01                 	9.2820410102e-01                 
6.5300000000e-02	9.6220295669e+04	6.2861063020e-02                 	3.6127484375e-02                 	2.6733578644e-02                 	5.7471959015e-01                 	9.2637385972e-01                 
6.7000000000e-02	9.3778885182e+04	6.2861630452e-02                 	3.6163519958e-02                 	2.6698110494e-02                 	5.7528765477e-01                 	9.2388741877e-01                 
6.8900000000e-02	9.1192820133e+04	6.2862257999e-02                 	3.6129017848e-02                 	2.6733240151e-02                 	5.7473305921e-01                 	9.2265970086e-01                 
7.0800000000e-02	8.8745555186e+04	6.2862864553e-02                 	3.6014282944e-02                 	2.6848581610e-02                 	5.7290235180e-01                 	9.2351854200e-01                 
7.2900000000e-02	8.6189098864e+04	6.2863520110e-02                 	3.5896434933e-02                 	2.6967085177e-02                 	5.7102171291e-01                 	9.2465425221e-01                 
7.3800000000e-02	8.5138012292e+04	6.2863799504e-02                 	3.5849594199e-02                 	2.7014205305e-02                 	5.7027406046e-01                 	9.2509822750e-01                 
7.5100000000e-02	8.3664251760e+04	6.2864195057e-02                 	3.5765521201e-02                 	2.7098673856e-02                 	5.6893309727e-01                 	9.2624299998e-01                 
7.7500000000e-02	8.1073358802e+04	6.2864916247e-02                 	3.5644586564e-02                 	2.7220329683e-02                 	5.6700284821e-01                 	9.2782808452e-01                 
8.0000000000e-02	7.8539816340e+04	6.2865649799e-02                 	3.5513704482e-02                 	2.7351945317e-02                 	5.6491429892e-01                 	9.2988802424e-01                 
8.2700000000e-02	7.5975638539e+04	6.2866435921e-02                 	3.5441254086e-02                 	2.7425181835e-02                 	5.6375478531e-01                 	9.3072474478e-01                 
8.5500000000e-02	7.3487547452e+04	6.2867268175e-02                 	3.5459471282e-02                 	2.7407796893e-02                 	5.6403709452e-01                 	9.2918104621e-01                 
8.8600000000e-02	7.0916312722e+04	6.2868176329e-02                 	3.5360290695e-02                 	2.7507885634e-02                 	5.6245135074e-01                 	9.3010633336e-01                 
9.1800000000e-02	6.8444284392e+04	6.2869033164e-02                 	3.4956849811e-02                 	2.7912183353e-02                 	5.5602652135e-01                 	9.3909778630e-01                 
9.3000000000e-02	6.7561132335e+04	6.2869340649e-02                 	3.4844138941e-02                 	2.8025201708e-02                 	5.5423102233e-01                 	9.4184490833e-01                 
9.5400000000e-02	6.5861481207e+04	6.2869964033e-02                 	3.4723655297e-02                 	2.8146308736e-02                 	5.5230913253e-01                 	9.4478751345e-01                 
9.9200000000e-02	6.3338561564e+04	6.2870964657e-02                 	3.4633498828e-02                 	2.8237465830e-02                 	5.5086635009e-01                 	9.4684861759e-01                 
1.0330000000e-01	6.0824639953e+04	6.2872042908e-02                 	3.4544483474e-02                 	2.8327559435e-02                 	5.4944108503e-01                 	9.4875675625e-01                 
1.0780000000e-01	5.8285577989e+04	6.2873193642e-02                 	3.4364788736e-02                 	2.8508404905e-02                 	5.4657297882e-01                 	9.5294563757e-01                 
1.1000000000e-01	5.7119866429e+04	6.2873738394e-02                 	3.4304952765e-02                 	2.8568785629e-02                 	5.4561655854e-01                 	9.5444899715e-01                 
1.1270000000e-01	5.5751422424e+04	6.2874405974e-02                 	3.4257946244e-02                 	2.8616459730e-02                 	5.4486313967e-01                 	9.5563678965e-01                 
1.1400000000e-01	5.5115660589e+04	6.2874724907e-02                 	3.4246000993e-02                 	2.8628723913e-02                 	5.4467039091e-01                 	9.5596347965e-01                 
1.1810000000e-01	5.3202246462e+04	6.2875742376e-02                 	3.4269907841e-02                 	2.8605834535e-02                 	5.4504180063e-01                 	9.5543773229e-01                 
1.2100000000e-01	5.1927151299e+04	6.2876481807e-02                 	3.4333959047e-02                 	2.8542522761e-02                 	5.4605407395e-01                 	9.5378656362e-01                 
1.2400000000e-01	5.0670849251e+04	6.2877248756e-02                 	3.4300984084e-02                 	2.8576264672e-02                 	5.4552297950e-01                 	9.5431813385e-01                 
1.2720000000e-01	4.9396110905e+04	6.2878032826e-02                 	3.4183647060e-02                 	2.8694385766e-02                 	5.4365007179e-01                 	9.5702764924e-01                 
1.2950000000e-01	4.8518805461e+04	6.2878565522e-02                 	3.4030827962e-02                 	2.8847737560e-02                 	5.4121508148e-01                 	9.6071203487e-01                 
1.3050000000e-01	4.8147013848e+04	6.2878772885e-02                 	3.3955191370e-02                 	2.8923581515e-02                 	5.4001040116e-01                 	9.6260102750e-01                 
1.3190000000e-01	4.7635976552e+04	6.2879046175e-02                 	3.3892893596e-02                 	2.8986152579e-02                 	5.3901729842e-01                 	9.6426904017e-01                 
1.3330000000e-01	4.7135673722e+04	6.2879313215e-02                 	3.3873126610e-02                 	2.9006186605e-02                 	5.3870064538e-01                 	9.6498026061e-01                 
1.3480000000e-01	4.6611166967e+04	6.2879592657e-02                 	3.3882958187e-02                 	2.8996634470e-02                 	5.3885460696e-01                 	9.6508664786e-01                 
1.3620000000e-01	4.6132050714e+04	6.2879847729e-02                 	3.3965338704e-02                 	2.8914509025e-02                 	5.4016254700e-01                 	9.6366104133e-01                 
1.3700000000e-01	4.5862666476e+04	6.2880020472e-02                 	3.4097099417e-02                 	2.8782921055e-02                 	5.4225649357e-01                 	9.6093104029e-01                 
1.3780000000e-01	4.5596410067e+04	6.2880208724e-02                 	3.4190991691e-02                 	2.8689217033e-02                 	5.4374806294e-01                 	9.5892484308e-01                 
1.3870000000e-01	4.5300542950e+04	6.2880472396e-02                 	3.4461633845e-02                 	2.8418838551e-02                 	5.4804985605e-01                 	9.5278264017e-01                 
1.3930000000e-01	4.5105422162e+04	6.2880667895e-02                 	3.4555665247e-02                 	2.8325002648e-02                 	5.4954354660e-01                 	9.5032809447e-01                 
1.4090000000e-01	4.4593224323e+04	6.2881168193e-02                 	3.4853387670e-02                 	2.8027780523e-02                 	5.5427385768e-01                 	9.4272808737e-01                 
1.4250000000e-01	4.4092528471e+04	6.2881668290e-02                 	3.5081025505e-02                 	2.7800642785e-02                 	5.5788954809e-01                 	9.3638687761e-01                 
1.4350000000e-01	4.3785263465e+04	6.2881976148e-02                 	3.5208199721e-02                 	2.7673776427e-02                 	5.5990924392e-01                 	9.3267739203e-01                 
1.4420000000e-01	4.3572713642e+04	6.2882191080e-02                 	3.5288056508e-02                 	2.7594134572e-02                 	5.6117727296e-01                 	9.3022544336e-01                 
1.4500000000e-01	4.3332312463e+04	6.2882416311e-02                 	3.5309151997e-02                 	2.7573264315e-02                 	5.6151073810e-01                 	9.2920211717e-01                 
1.4590000000e-01	4.3065012386e+04	6.2882665869e-02                 	3.5362153910e-02                 	2.7520511958e-02                 	5.6235137970e-01                 	9.2740593784e-01                 
1.4680000000e-01	4.2800989831e+04	6.2882894000e-02                 	3.5324410474e-02                 	2.7558483526e-02                 	5.6174912169e-01                 	9.2793307849e-01                 
1.4760000000e-01	4.2569006146e+04	6.2883097594e-02                 	3.5344624039e-02                 	2.7538473555e-02                 	5.6206874965e-01                 	9.2716620241e-01                 
1.4800000000e-01	4.2453954778e+04	6.2883197527e-02                 	3.5327614430e-02                 	2.7555583097e-02                 	5.6179736113e-01                 	9.2741823580e-01                 
1.4850000000e-01	4.2311012170e+04	6.2883315287e-02                 	3.5296291349e-02                 	2.7587023938e-02                 	5.6129819473e-01                 	9.2809164502e-01                 
1.4940000000e-01	4.2056126554e+04	6.2883527094e-02                 	3.5257716596e-02                 	2.7625810499e-02                 	5.6068287236e-01                 	9.2890823630e-01                 
1.5120000000e-01	4.1555458381e+04	6.2883944168e-02                 	3.5167220202e-02                 	2.7716723967e-02                 	5.5924005192e-01                 	9.3099931564e-01                 
1.5310000000e-01	4.1039747271e+04	6.2884388262e-02                 	3.5140061517e-02                 	2.7744326745e-02                 	5.5880421975e-01                 	9.3153058562e-01                 
1.5400000000e-01	4.0799904592e+04	6.2884599069e-02                 	3.5105805891e-02                 	2.7778793177e-02                 	5.5825760856e-01                 	9.3230872127e-01                 
1.5500000000e-01	4.0536679401e+04	6.2884830669e-02                 	3.5087019427e-02                 	2.7797811242e-02                 	5.5795680856e-01                 	9.3273869381e-01                 
1.5690000000e-01	4.0045795457e+04	6.2885272304e-02                 	3.5020716360e-02                 	2.7864555944e-02                 	5.5689854042e-01                 	9.3434908605e-01                 
1.5800000000e-01	3.9766995615e+04	6.2885528095e-02                 	3.4974835671e-02                 	2.7910692423e-02                 	5.5616668463e-01                 	9.3551137218e-01                 
1.5890000000e-01	3.9541757754e+04	6.2885738161e-02                 	3.4914674652e-02                 	2.7971063509e-02                 	5.5520815487e-01                 	9.3708074831e-01                 
1.6100000000e-01	3.9025995697e+04	6.2886223353e-02                 	3.4722608418e-02                 	2.8163614935e-02                 	5.5214968505e-01                 	9.4218379741e-01                 
1.6300000000e-01	3.8547149124e+04	6.2886680337e-02                 	3.4568606898e-02                 	2.8318073439e-02                 	5.4969679927e-01                 	9.4626099797e-01                 
1.6500000000e-01	3.8079910953e+04	6.2887132203e-02                 	3.4451271280e-02                 	2.8435860923e-02                 	5.4782703668e-01                 	9.4934081323e-01                 
1.6700000000e-01	3.7623864115e+04	6.2887580131e-02                 	3.4360526072e-02                 	2.8527054059e-02                 	5.4638015965e-01                 	9.5170291815e-01                 
1.6900000000e-01	3.7178611285e+04	6.2888025146e-02                 	3.4288253325e-02                 	2.8599771821e-02                 	5.4522706422e-01                 	9.5357058698e-01                 
1.7100000000e-01	3.6743773726e+04	6.2888467859e-02                 	3.4229573158e-02                 	2.8658894701e-02                 	5.4429014290e-01                 	9.5507774535e-01                 
1.7300000000e-01	3.6318990215e+04	6.2888889014e-02                 	3.4183160121e-02                 	2.8705728893e-02                 	5.4354848141e-01                 	9.5632656395e-01                 
1.7500000000e-01	3.5903916041e+04	6.2889347881e-02                 	3.4996291544e-02                 	2.7893056337e-02                 	5.5647407268e-01                 	9.5260616351e-01                 
1.7700000000e-01	3.5498222074e+04	6.2901842822e-02                 	4.1438642255e-02                 	2.1463200567e-02                 	6.5878264286e-01                 	9.2482332045e-01                 
1.7900000000e-01	3.5101593895e+04	6.2875707235e-02                 	5.1018583733e-02                 	1.1857123502e-02                 	8.1141964006e-01                 	8.8946246842e-01                 
1.8100000000e-01	3.4713730979e+04	6.2871464393e-02                 	5.7555106951e-02                 	5.3163574420e-03                 	9.1544085233e-01                 	8.6842250152e-01                 
1.8300000000e-01	3.4334345941e+04	6.2916510330e-02                 	6.0973707536e-02                 	1.9428027935e-03                 	9.6912093847e-01                 	8.5900769854e-01                 
1.8500000000e-01	3.3963163823e+04	6.2927403920e-02                 	6.2259714718e-02                 	6.6768920218e-04                 	9.8938953205e-01                 	8.5657624327e-01                 
1.8700000000e-01	3.3599921429e+04	6.2903903274e-02                 	6.2678666054e-02                 	2.2523721966e-04                 	9.9641934430e-01                 	8.5668911154e-01                 
1.8900000000e-01	3.3244366705e+04	6.2891181095e-02                 	6.2815549859e-02                 	7.5631235842e-05                 	9.9879742701e-01                 	8.5842269430e-01                 
1.9100000000e-01	3.2896258153e+04	6.2874909136e-02                 	6.2848646447e-02                 	2.6262688306e-05                 	9.9958230256e-01                 	8.5994163855e-01                 
1.9300000000e-01	3.2555364286e+04	6.2904129184e-02                 	6.2895493235e-02                 	8.6359487032e-06                 	9.9986271253e-01                 	8.5969156952e-01                 
1.9500000000e-01	3.2221463114e+04	6.2911924642e-02                 	6.2909037194e-02                 	2.8874485532e-06                 	9.9995410332e-01                 	8.6126155981e-01                 
1.9700000000e-01	3.1894341661e+04	6.2905278279e-02                 	6.2904300477e-02                 	9.7780159116e-07                 	9.9998445597e-01                 	8.6128545569e-01                 
1.9900000000e-01	3.1573795513e+04	6.2892349629e-02                 	6.2892023460e-02                 	3.2616813193e-07                 	9.9999481387e-01                 	8.6390378404e-01                 
2.0100000000e-01	3.1259628394e+04	6.2906158295e-02                 	6.2906048962e-02                 	1.0933297462e-07                 	9.9999826197e-01                 	8.6477864198e-01                 
2.0190000000e-01	3.1120283839e+04	6.2897688044e-02                 	6.2897621024e-02                 	6.7019531560e-08                 	9.9999893447e-01                 	8.6519531406e-01                 
2.1000000000e-01	2.9919930034e+04	6.2885674714e-02                 	6.2885610214e-02                 	6.4500065300e-08                 	9.9999897433e-01                 	8.6748623313e-01                 
2.5000000000e-01	2.5132741229e+04	6.2900594264e-02                 	6.2900540440e-02                 	5.3824580640e-08                 	9.9999914429e-01                 	8.7767483226e-01                 
3.0000000000e-01	2.0943951024e+04	6.2919038909e-02                 	6.2918994545e-02                 	4.4363816974e-08                 	9.9999929491e-01                 	8.8399408002e-01                 
3.5000000000e-01	1.7951958021e+04	6.2924838632e-02                 	6.2924800641e-02                 	3.7991168157e-08                 	9.9999939625e-01                 	8.8705115351e-01                 
3.9000000000e-01	1.6110731557e+04	6.2932169581e-02                 	6.2932135538e-02                 	3.4043011890e-08                 	9.9999945905e-01                 	8.8870285330e-01                 
4.0000000000e-01	1.5707963268e+04	6.2927819217e-02                 	6.2927779945e-02                 	3.9272809363e-08                 	9.9999937591e-01                 	8.8894538227e-01                 
4.1000000000e-01	1.5324842213e+04	6.2947163379e-02                 	6.2947119692e-02                 	4.3686777737e-08                 	9.9999930598e-01                 	8.8929882560e-01                 
4.2000000000e-01	1.4959965017e+04	6.2953980494e-02                 	6.2953930466e-02                 	5.0028513157e-08                 	9.9999920532e-01                 	8.8955691696e-01                 
4.3000000000e-01	1.4612058854e+04	6.2928738829e-02                 	6.2928674982e-02                 	6.3847236238e-08                 	9.9999898540e-01                 	8.8988100464e-01                 
4.4000000000e-01	1.4279966607e+04	6.2950015683e-02                 	6.2949921204e-02                 	9.4479160101e-08                 	9.9999849914e-01                 	8.9013725964e-01                 
4.5000000000e-01	1.3962634016e+04	6.2931421041e-02                 	6.2931284735e-02                 	1.3630589868e-07                 	9.9999783406e-01                 	8.9022452879e-01                 
4.6000000000e-01	1.3659098494e+04	6.2945260843e-02                 	6.2945069757e-02                 	1.9108616789e-07                 	9.9999696425e-01                 	8.9051548708e-01                 
4.7000000000e-01	1.3368479377e+04	6.2915850526e-02                 	6.2915573476e-02                 	2.7704988558e-07                 	9.9999559650e-01                 	8.9062175397e-01                 
4.8000000000e-01	1.3089969390e+04	6.2925811550e-02                 	6.2925416604e-02                 	3.9494654178e-07                 	9.9999372362e-01                 	8.9085832876e-01                 
4.9000000000e-01	1.2822827158e+04	6.2948403834e-02                 	6.2947839799e-02                 	5.6403544872e-07                 	9.9999103972e-01                 	8.9118328557e-01                 
5.0000000000e-01	1.2566370614e+04	6.2950205622e-02                 	6.2949425606e-02                 	7.8001529770e-07                 	9.9998760901e-01                 	8.9142271825e-01                 
5.1000000000e-01	1.2319971191e+04	6.2977083592e-02                 	6.2976033606e-02                 	1.0499854544e-06                 	9.9998332750e-01                 	8.9138409199e-01                 
5.2000000000e-01	1.2083048668e+04	6.2956276973e-02                 	6.2954907039e-02                 	1.3699340440e-06                 	9.9997823991e-01                 	8.9165737807e-01                 
5.3000000000e-01	1.1855066617e+04	6.2940683055e-02                 	6.2938917504e-02                 	1.7655511279e-06                 	9.9997194897e-01                 	8.9160015025e-01                 
5.4000000000e-01	1.1635528347e+04	6.2897931830e-02                 	6.2895677521e-02                 	2.2543088699e-06                 	9.9996415925e-01                 	8.9166818235e-01                 
5.5000000000e-01	1.1423973286e+04	6.3020048826e-02                 	6.3017290832e-02                 	2.7579937319e-06                 	9.9995623625e-01                 	8.9197105107e-01                 
5.6000000000e-01	1.1219973763e+04	6.2962907475e-02                 	6.2959542247e-02                 	3.3652285349e-06                 	9.9994655221e-01                 	8.9209913127e-01                 
5.7000000000e-01	1.1023132118e+04	6.3044080058e-02                 	6.3040055157e-02                 	4.0249002229e-06                 	9.9993615736e-01                 	8.9224731525e-01                 
5.8000000000e-01	1.0833078116e+04	6.2938634593e-02                 	6.2933872816e-02                 	4.7617764562e-06                 	9.9992434255e-01                 	8.9244266370e-01                 
5.9000000000e-01	1.0649466622e+04	6.2907258725e-02                 	6.2901735425e-02                 	5.5232997316e-06                 	9.9991219933e-01                 	8.9230726774e-01                 
6.0000000000e-01	1.0471975512e+04	6.2878446150e-02                 	6.2872131445e-02                 	6.3147047050e-06                 	9.9989957283e-01                 	8.9231403466e-01                 
6.1000000000e-01	1.0300303782e+04	6.2991988069e-02                 	6.2984481861e-02                 	7.5062083194e-06                 	9.9988083868e-01                 	8.9255632589e-01                 
6.2000000000e-01	1.0134169850e+04	6.2935742387e-02                 	6.2926557484e-02                 	9.1849034328e-06                 	9.9985405903e-01                 	8.9242524739e-01                 
6.3000000000e-01	9.9733100114e+03	6.2899600960e-02                 	6.2888681844e-02                 	1.0919116249e-05                 	9.9982640405e-01                 	8.9264776939e-01                 
6.4000000000e-01	9.8174770425e+03	6.2934912622e-02                 	6.2922321882e-02                 	1.2590740142e-05                 	9.9979994029e-01                 	8.9300682224e-01                 
6.5000000000e-01	9.6664389341e+03	6.2998338986e-02                 	6.2983813273e-02                 	1.4525712875e-05                 	9.9976942705e-01                 	8.9332441102e-01                 
6.6000000000e-01	9.5199777382e+03	6.3027915758e-02                 	6.3011164129e-02                 	1.6751629201e-05                 	9.9973421889e-01                 	8.9311528884e-01                 
6.7000000000e-01	9.3778885182e+03	6.2941774857e-02                 	6.2923163329e-02                 	1.8611527819e-05                 	9.9970430564e-01                 	8.9339822310e-01                 
6.8000000000e-01	9.2399783929e+03	6.3000872396e-02                 	6.2980561219e-02                 	2.0311177528e-05                 	9.9967760482e-01                 	8.9353690490e-01                 
6.9000000000e-01	9.1060656626e+03	6.2925029430e-02                 	6.2902081029e-02                 	2.2948401020e-05                 	9.9963530568e-01                 	8.9348516509e-01                 
7.0000000000e-01	8.9759790103e+03	6.3042915093e-02                 	6.3014090717e-02                 	2.8824375976e-05                 	9.9954278168e-01                 	8.9342381831e-01                 
7.1000000000e-01	8.8495567707e+03	6.2944802235e-02                 	6.2912838719e-02                 	3.1963515430e-05                 	9.9949219770e-01                 	8.9364810020e-01                 
7.2000000000e-01	8.7266462600e+03	6.2918082400e-02                 	6.2881158338e-02                 	3.6924062709e-05                 	9.9941314069e-01                 	8.9356921224e-01                 
7.3000000000e-01	8.6071031605e+03	6.3021896694e-02                 	6.2983091205e-02                 	3.8805489166e-05                 	9.9938425387e-01                 	8.9416566726e-01                 
7.4000000000e-01	8.4907909556e+03	6.2981178372e-02                 	6.2937387789e-02                 	4.3790583303e-05                 	9.9930470365e-01                 	8.9413618549e-01                 
7.5000000000e-01	8.3775804096e+03	6.2991247374e-02                 	6.2939674190e-02                 	5.1573184164e-05                 	9.9918126428e-01                 	8.9401040928e-01                 
7.6000000000e-01	8.2673490884e+03	6.2976694782e-02                 	6.2915350966e-02                 	6.1343815723e-05                 	9.9902592831e-01                 	8.9433902452e-01                 
7.7000000000e-01	8.1599809184e+03	6.2994897828e-02                 	6.2921574745e-02                 	7.3323082622e-05                 	9.9883604728e-01                 	8.9451881693e-01                 
7.8000000000e-01	8.0553657784e+03	6.2976151154e-02                 	6.2888706077e-02                 	8.7445077124e-05                 	9.9861145727e-01                 	8.9353002206e-01                 
7.9000000000e-01	7.9533991230e+03	6.2931673754e-02                 	6.2832687366e-02                 	9.8986388020e-05                 	9.9842708159e-01                 	8.9372032697e-01                 
8.0000000000e-01	7.8539816340e+03	6.2983132800e-02                 	6.2868719802e-02                 	1.1441299804e-04                 	9.9818343431e-01                 	8.9349377467e-01                 
8.1000000000e-01	7.7570188978e+03	6.2977964127e-02                 	6.2864003251e-02                 	1.1396087567e-04                 	9.9819046428e-01                 	8.9452897146e-01                 
8.2000000000e-01	7.6624211063e+03	6.3000479007e-02                 	6.2885878551e-02                 	1.1460045532e-04                 	9.9818095898e-01                 	8.9496190965e-01                 
8.3000000000e-01	7.5701027797e+03	6.2996053903e-02                 	6.2879070543e-02                 	1.1698336002e-04                 	9.9814300495e-01                 	8.9351670681e-01                 
8.4000000000e-01	7.4799825085e+03	6.2936502532e-02                 	6.2817965440e-02                 	1.1853709253e-04                 	9.9811656054e-01                 	8.9449489551e-01                 
8.5000000000e-01	7.3919827143e+03	6.2943030751e-02                 	6.2801339972e-02                 	1.4169077889e-04                 	9.9774890441e-01                 	8.9474291596e-01                 
8.6000000000e-01	7.3060294270e+03	6.3042179308e-02                 	6.2874612998e-02                 	1.6756631089e-04                 	9.9734199685e-01                 	8.9386320989e-01                 
8.7000000000e-01	7.2220520772e+03	6.2949365670e-02                 	6.2749384434e-02                 	1.9998123655e-04                 	9.9682314135e-01                 	8.9516992260e-01                 
8.8000000000e-01	7.1399833036e+03	6.3066916462e-02                 	6.2811368929e-02                 	2.5554753301e-04                 	9.9594799386e-01                 	8.9400174231e-01                 
8.9000000000e-01	7.0597587721e+03	6.2999955199e-02                 	6.2707206133e-02                 	2.9274906561e-04                 	9.9535318613e-01                 	8.9487931154e-01                 
9.0000000000e-01	6.9813170080e+03	6.3053339917e-02                 	6.2747550476e-02                 	3.0578944104e-04                 	9.9515030542e-01                 	8.9594272327e-01                 
9.1000000000e-01	6.9045992387e+03	6.3003469963e-02                 	6.2681062840e-02                 	3.2240712350e-04                 	9.9488270847e-01                 	8.9585936767e-01                 
9.2000000000e-01	6.8295492469e+03	6.3006770612e-02                 	6.2666126881e-02                 	3.4064373120e-04                 	9.9459353768e-01                 	8.9487549259e-01                 
9.3000000000e-01	6.7561132335e+03	6.2979713132e-02                 	6.2619947052e-02                 	3.5976608024e-04                 	9.9428758782e-01                 	8.9594858614e-01                 
9.4000000000e-01	6.6842396885e+03	6.3013480100e-02                 	6.2623064760e-02                 	3.9041534016e-04                 	9.9380425681e-01                 	8.9563736635e-01                 
9.5000000000e-01	6.6138792707e+03	6.2963362861e-02                 	6.2548371727e-02                 	4.1499113357e-04                 	9.9340900621e-01                 	8.9641015309e-01                 
9.6000000000e-01	6.5449846950e+03	6.3042784134e-02                 	6.2527817596e-02                 	5.1496653793e-04                 	9.9183147532e-01                 	8.9614462725e-01                 
9.7000000000e-01	6.4775106260e+03	6.3072054854e-02                 	6.2442340119e-02                 	6.2971473433e-04                 	9.9001594707e-01                 	8.9545534320e-01                 
9.8000000000e-01	6.4114135788e+03	6.2987474891e-02                 	6.2245539311e-02                 	7.4193557965e-04                 	9.8822090295e-01                 	8.9733852998e-01                 
9.9000000000e-01	6.3466518254e+03	6.2988289360e-02                 	6.2110970032e-02                 	8.7731932791e-04                 	9.8607170735e-01                 	8.9719476889e-01                 
1.0000000000e+00	6.2831853072e+03	6.3023878676e-02                 	6.1977106410e-02                 	1.0467722661e-03                 	9.8339086251e-01                 	8.9802609097e-01                 
1.0100000000e+00	6.2209755517e+03	6.3058946533e-02                 	6.1777930756e-02                 	1.2810157770e-03                 	9.7968542376e-01                 	8.9775921412e-01                 
1.0200000000e+00	6.1599855953e+03	6.3033689587e-02                 	6.1612654864e-02                 	1.4210347227e-03                 	9.7745594884e-01                 	8.9885433951e-01                 
1.0300000000e+00	6.1001799099e+03	6.3014123021e-02                 	6.1557293302e-02                 	1.4568297199e-03                 	9.7688090146e-01                 	8.9837544285e-01                 
1.0400000000e+00	6.0415243338e+03	6.3045220752e-02                 	6.1608850021e-02                 	1.4363707307e-03                 	9.7721681813e-01                 	8.9934832472e-01                 
1.0500000000e+00	5.9839860068e+03	6.3064750262e-02                 	6.1737627826e-02                 	1.3271224358e-03                 	9.7895619296e-01                 	8.9917821886e-01                 
1.0600000000e+00	5.9275333087e+03	6.3032483705e-02                 	6.1833631636e-02                 	1.1988520697e-03                 	9.8098040884e-01                 	8.9771286318e-01                 
1.0700000000e+00	5.8721358011e+03	6.2974160486e-02                 	6.1880893069e-02                 	1.0932674175e-03                 	9.8263942847e-01                 	8.9813112402e-01                 
1.0800000000e+00	5.8177641733e+03	6.3054465700e-02                 	6.2004751296e-02                 	1.0497144041e-03                 	9.8335225916e-01                 	8.9713184924e-01                 
1.0900000000e+00	5.7643901901e+03	6.3022286957e-02                 	6.1991449302e-02                 	1.0308376558e-03                 	9.8364328390e-01                 	8.9756387411e-01                 
1.1000000000e+00	5.7119866429e+03	6.2989271256e-02                 	6.1989687454e-02                 	9.9958380234e-04                 	9.8413088797e-01                 	8.9867979481e-01                 
1.1100000000e+00	5.6605273038e+03	6.3013852266e-02                 	6.1989339324e-02                 	1.0245129419e-03                 	9.8374146469e-01                 	8.9863921852e-01                 
1.1200000000e+00	5.6099868814e+03	6.3070304668e-02                 	6.2020279338e-02                 	1.0500253299e-03                 	9.8335151011e-01                 	8.9871812419e-01                 
1.1300000000e+00	5.5603409798e+03	6.3061218048e-02                 	6.1897840464e-02                 	1.1633775843e-03                 	9.8155161571e-01                 	8.9922623161e-01                 
1.1400000000e+00	5.5115660589e+03	6.3070359502e-02                 	6.1791941161e-02                 	1.2784183411e-03                 	9.7973028295e-01                 	8.9893128367e-01                 
1.1500000000e+00	5.4636393975e+03	6.3044486480e-02                 	6.1759054051e-02                 	1.2854324294e-03                 	9.7961070823e-01                 	8.9855343150e-01                 
1.1600000000e+00	5.4165390579e+03	6.2971982836e-02                 	6.1298526695e-02                 	1.6734561412e-03                 	9.7342538593e-01                 	9.0045107633e-01                 
1.1700000000e+00	5.3702438523e+03	6.3022914464e-02                 	6.0931113438e-02                 	2.0918010256e-03                 	9.6680888145e-01                 	9.0088566442e-01                 
1.1800000000e+00	5.3247333112e+03	6.3092929041e-02                 	6.0542385468e-02                 	2.5505435732e-03                 	9.5957481113e-01                 	9.0157922679e-01                 
1.1900000000e+00	5.2799876531e+03	6.3007109862e-02                 	5.9986128268e-02                 	3.0209815937e-03                 	9.5205332223e-01                 	9.0270548157e-01                 
1.2000000000e+00	5.2359877560e+03	6.3082696828e-02                 	5.9622753370e-02                 	3.4599434575e-03                 	9.4515225836e-01                 	9.0396055339e-01                 
1.2100000000e+00	5.1927151299e+03	6.3005384316e-02                 	5.8668803307e-02                 	4.3365810094e-03                 	9.3117126327e-01                 	9.0662326122e-01                 
1.2200000000e+00	5.1501518911e+03	6.3038122755e-02                 	5.8028906596e-02                 	5.0092161596e-03                 	9.2053671746e-01                 	9.0774956912e-01                 
1.2300000000e+00	5.1082807375e+03	6.3098347993e-02                 	5.7647467190e-02                 	5.4508808028e-03                 	9.1361293954e-01                 	9.0891242342e-01                 
1.2400000000e+00	5.0670849251e+03	6.3047381942e-02                 	5.7253926965e-02                 	5.7934549771e-03                 	9.0810950751e-01                 	9.0998893136e-01                 
1.2500000000e+00	5.0265482457e+03	6.3014665241e-02                 	5.6975400994e-02                 	6.0392642467e-03                 	9.0416097231e-01                 	9.1035102721e-01                 
1.2600000000e+00	4.9866550057e+03	6.3002322140e-02                 	5.6878557287e-02                 	6.1237648539e-03                 	9.0280096597e-01                 	9.1057230062e-01                 
1.2700000000e+00	4.9473900057e+03	6.3000529777e-02                 	5.6810718770e-02                 	6.1898110069e-03                 	9.0174985784e-01                 	9.1110056578e-01                 
1.2800000000e+00	4.9087385212e+03	6.2996114346e-02                 	5.6927021600e-02                 	6.0690927461e-03                 	9.0365925249e-01                 	9.1081818804e-01                 
1.2900000000e+00	4.8706862846e+03	6.3023735195e-02                 	5.7030523878e-02                 	5.9932113171e-03                 	9.0490548841e-01                 	9.1074421818e-01                 
1.3000000000e+00	4.8332194671e+03	6.3065007977e-02                 	5.7120084574e-02                 	5.9449234034e-03                 	9.0573340757e-01                 	9.1080181583e-01                 
1.3100000000e+00	4.7963246620e+03	6.3103187553e-02                 	5.7232840649e-02                 	5.8703469031e-03                 	9.0697226034e-01                 	9.1080790590e-01                 
1.3200000000e+00	4.7599888691e+03	6.3044524580e-02                 	5.7176460360e-02                 	5.8680642192e-03                 	9.0692190546e-01                 	9.1044831952e-01                 
1.3300000000e+00	4.7241994791e+03	6.3019694550e-02                 	5.7187988970e-02                 	5.8317055797e-03                 	9.0746217319e-01                 	9.1037494376e-01                 
1.3400000000e+00	4.6889442591e+03	6.3096965660e-02                 	5.7227938862e-02                 	5.8690267978e-03                 	9.0698400887e-01                 	9.1070723464e-01                 
1.3500000000e+00	4.6542113387e+03	6.3015170166e-02                 	5.6992361200e-02                 	6.0228089660e-03                 	9.0442287230e-01                 	9.1113676723e-01                 
1.3600000000e+00	4.6199891965e+03	6.3095055639e-02                 	5.6998794377e-02                 	6.0962612621e-03                 	9.0337973078e-01                 	9.1145486958e-01                 
1.3700000000e+00	4.5862666476e+03	6.3027608471e-02                 	5.6742670427e-02                 	6.2849380434e-03                 	9.0028277772e-01                 	9.1195263565e-01                 
1.3800000000e+00	4.5530328313e+03	6.3099203448e-02                 	5.6489660766e-02                 	6.6095426819e-03                 	8.9525156704e-01                 	9.1282909473e-01                 
1.3900000000e+00	4.5202771994e+03	6.3012750237e-02                 	5.5872545812e-02                 	7.1402044254e-03                 	8.8668635477e-01                 	9.1385460921e-01                 
1.4000000000e+00	4.4879895051e+03	6.3097316795e-02                 	5.5172569717e-02                 	7.9247470776e-03                 	8.7440437280e-01                 	9.1597342452e-01                 
1.4100000000e+00	4.4561597923e+03	6.3088095718e-02                 	5.0835728658e-02                 	1.2252367060e-02                 	8.0578955633e-01                 	9.2622905227e-01                 
1.4200000000e+00	4.4247783853e+03	6.3029020537e-02                 	4.5337280834e-02                 	1.7691739702e-02                 	7.1930803379e-01                 	9.3982793591e-01                 
1.4300000000e+00	4.3938358791e+03	6.3075886639e-02                 	3.9810327312e-02                 	2.3265559328e-02                 	6.3114970606e-01                 	9.5503033923e-01                 
1.4400000000e+00	4.3633231300e+03	6.3081652880e-02                 	3.6650361486e-02                 	2.6431291394e-02                 	5.8099875023e-01                 	9.6458127572e-01                 
1.4490000000e+00	4.3362217441e+03	6.3066818209e-02                 	3.5022206762e-02                 	2.8044611447e-02                 	5.5531906883e-01                 	9.6993423478e-01                 
1.4600000000e+00	4.3035515803e+03	6.3069703985e-02                 	3.3924223283e-02                 	2.9145480702e-02                 	5.3788461242e-01                 	9.7403515105e-01                 
1.4710000000e+00	4.2713700253e+03	6.3067714000e-02                 	3.3584806840e-02                 	2.9482907160e-02                 	5.3251980625e-01                 	9.7549270597e-01                 
1.4810000000e+00	4.2425289042e+03	6.3069600265e-02                 	3.3505639193e-02                 	2.9563961072e-02                 	5.3124863726e-01                 	9.7589295627e-01                 
1.4930000000e+00	4.2084295427e+03	6.3072135136e-02                 	3.3489478438e-02                 	2.9582656698e-02                 	5.3097105981e-01                 	9.7600751005e-01                 
1.5040000000e+00	4.1776498053e+03	6.3073652395e-02                 	3.3494395636e-02                 	2.9579256760e-02                 	5.3103624673e-01                 	9.7600343266e-01                 
1.5150000000e+00	4.1473170344e+03	6.3074948553e-02                 	3.3503030238e-02                 	2.9571918316e-02                 	5.3116222852e-01                 	9.7597902844e-01                 
1.5270000000e+00	4.1147251520e+03	6.3074690345e-02                 	3.3513937116e-02                 	2.9560753228e-02                 	5.3133732299e-01                 	9.7593502070e-01                 
1.5380000000e+00	4.0852960385e+03	6.3075002184e-02                 	3.3536085308e-02                 	2.9538916876e-02                 	5.3168583666e-01                 	9.7584961569e-01                 
1.5630000000e+00	4.0199522119e+03	6.3078517796e-02                 	3.3652972956e-02                 	2.9425544841e-02                 	5.3350925373e-01                 	9.7537851319e-01                 
1.5870000000e+00	3.9591589837e+03	6.3078488672e-02                 	3.3973007408e-02                 	2.9105481264e-02                 	5.3858309106e-01                 	9.7410765721e-01                 
1.6130000000e+00	3.8953411700e+03	6.3076866455e-02                 	3.4402464349e-02                 	2.8674402106e-02                 	5.4540541219e-01                 	9.7253679551e-01                 
1.6500000000e+00	3.8079910953e+03	6.3090575686e-02                 	3.4933522111e-02                 	2.8157053575e-02                 	5.5370428517e-01                 	9.7081382770e-01                 
1.6800000000e+00	3.7399912543e+03	6.3105293468e-02                 	3.5743473395e-02                 	2.7361820073e-02                 	5.6641006532e-01                 	9.6824767982e-01                 
1.7000000000e+00	3.6959913572e+03	6.3110201287e-02                 	3.6349088644e-02                 	2.6761112643e-02                 	5.7596217256e-01                 	9.6640312843e-01                 
1.7300000000e+00	3.6318990215e+03	6.3117024790e-02                 	3.7388343250e-02                 	2.5728681540e-02                 	5.9236542556e-01                 	9.6334785331e-01                 
1.7600000000e+00	3.5699916518e+03	6.3088502152e-02                 	3.8149813673e-02                 	2.4938688479e-02                 	6.0470311343e-01                 	9.6110224313e-01                 
1.8000000000e+00	3.4906585040e+03	6.3074205573e-02                 	3.8994020205e-02                 	2.4080185368e-02                 	6.1822451588e-01                 	9.5884682519e-01                 
1.8300000000e+00	3.4334345941e+03	6.3140481553e-02                 	3.9968583077e-02                 	2.3171898477e-02                 	6.3301042522e-01                 	9.5655353266e-01                 
1.8400000000e+00	3.4147746235e+03	6.3117074331e-02                 	3.9938756706e-02                 	2.3178317625e-02                 	6.3277262340e-01                 	9.5661404950e-01                 
1.8500000000e+00	3.3963163823e+03	6.3100127174e-02                 	3.9763815665e-02                 	2.3336311510e-02                 	6.3017013508e-01                 	9.5710101456e-01                 
1.8550000000e+00	3.3871618907e+03	6.3094172606e-02                 	3.9518853338e-02                 	2.3575319269e-02                 	6.2634712058e-01                 	9.5777201900e-01                 
1.8600000000e+00	3.3780566168e+03	6.3078735426e-02                 	3.9162777555e-02                 	2.3915957871e-02                 	6.2085546406e-01                 	9.5875241462e-01                 
1.8700000000e+00	3.3599921429e+03	6.3088579199e-02                 	3.8067567149e-02                 	2.5021012050e-02                 	6.0339870754e-01                 	9.6196770901e-01                 
1.8900000000e+00	3.3244366705e+03	6.3110018080e-02                 	3.5157389563e-02                 	2.7952628518e-02                 	5.5708096166e-01                 	9.7106345631e-01                 
1.9050000000e+00	3.2982600038e+03	6.3118470824e-02                 	3.3793550135e-02                 	2.9324920689e-02                 	5.3539874609e-01                 	9.7601614491e-01                 
1.9230000000e+00	3.2673870552e+03	6.3114988567e-02                 	3.3441605077e-02                 	2.9673383490e-02                 	5.2985203415e-01                 	9.7759734907e-01                 
1.9420000000e+00	3.2354198286e+03	6.3117621237e-02                 	3.3419967569e-02                 	2.9697653668e-02                 	5.2948712126e-01                 	9.7780196821e-01                 
1.9610000000e+00	3.2040720587e+03	6.3119475372e-02                 	3.3417515231e-02                 	2.9701960140e-02                 	5.2943271525e-01                 	9.7786976506e-01                 
1.9800000000e+00	3.1733259127e+03	6.3121324316e-02                 	3.3415471082e-02                 	2.9705853234e-02                 	5.2938482271e-01                 	9.7793455220e-01                 
2.0000000000e+00	3.1415926536e+03	6.3123262199e-02                 	3.3413483812e-02                 	2.9709778387e-02                 	5.2933708823e-01                 	9.7799926020e-01                 
2.0200000000e+00	3.1104877758e+03	6.3125211189e-02                 	3.3410455430e-02                 	2.9714755759e-02                 	5.2927277074e-01                 	9.7808538479e-01                 
2.0410000000e+00	3.0784837370e+03	6.3127233438e-02                 	3.3407473642e-02                 	2.9719759796e-02                 	5.2920858119e-01                 	9.7817132465e-01                 
2.0620000000e+00	3.0471315748e+03	6.3129310527e-02                 	3.3403645285e-02                 	2.9725665242e-02                 	5.2913052599e-01                 	9.7827751537e-01                 
2.0830000000e+00	3.0164115733e+03	6.3131418734e-02                 	3.3400950601e-02                 	2.9730468133e-02                 	5.2907017251e-01                 	9.7838381587e-01                 
2.1050000000e+00	2.9848861317e+03	6.3133690934e-02                 	3.3416219778e-02                 	2.9717471155e-02                 	5.2929298579e-01                 	9.7841006218e-01                 
2.1300000000e+00	2.9498522569e+03	6.3132414275e-02                 	3.3580473897e-02                 	2.9551940379e-02                 	5.3190542897e-01                 	9.7781014719e-01                 
2.1500000000e+00	2.9224117708e+03	6.3147181297e-02                 	3.4023882913e-02                 	2.9123298384e-02                 	5.3880287629e-01                 	9.7631044129e-01                 
2.1700000000e+00	2.8954771001e+03	6.3134306503e-02                 	3.4724168778e-02                 	2.8410137725e-02                 	5.5000475497e-01                 	9.7401260277e-01                 
2.1900000000e+00	2.8690343868e+03	6.3135613592e-02                 	3.5627333117e-02                 	2.7508280474e-02                 	5.6429851696e-01                 	9.7134263636e-01                 
2.2200000000e+00	2.8302636519e+03	6.3136013590e-02                 	3.6989044486e-02                 	2.6146969104e-02                 	5.8586284409e-01                 	9.6766654229e-01                 
2.2400000000e+00	2.8049934407e+03	6.3117296359e-02                 	3.7740691718e-02                 	2.5376604640e-02                 	5.9794531603e-01                 	9.6575584541e-01                 
2.2450000000e+00	2.7987462393e+03	6.3139931092e-02                 	3.7825787263e-02                 	2.5314143829e-02                 	5.9907869092e-01                 	9.6567087322e-01                 
2.2500000000e+00	2.7925268032e+03	6.3149705245e-02                 	3.7817170573e-02                 	2.5332534672e-02                 	5.9884951840e-01                 	9.6579217226e-01                 
2.2600000000e+00	2.7801704899e+03	6.3181064953e-02                 	3.7713505000e-02                 	2.5467559953e-02                 	5.9691151183e-01                 	9.6630171900e-01                 
2.2700000000e+00	2.7679230428e+03	6.3167601138e-02                 	3.7384836437e-02                 	2.5782764700e-02                 	5.9183562086e-01                 	9.6726711237e-01                 
2.2900000000e+00	2.7437490424e+03	6.3124041942e-02                 	3.6270897611e-02                 	2.6853144331e-02                 	5.7459719775e-01                 	9.7043033305e-01                 
2.3100000000e+00	2.7199936395e+03	6.3166002675e-02                 	3.5134898032e-02                 	2.8031104643e-02                 	5.5623114561e-01                 	9.7412686181e-01                 
2.3300000000e+00	2.6966460546e+03	6.3160487088e-02                 	3.4318032134e-02                 	2.8842454953e-02                 	5.4334654017e-01                 	9.7686208038e-01                 
2.3500000000e+00	2.6736958754e+03	6.3146428800e-02                 	3.3850182278e-02                 	2.9296246522e-02                 	5.3605853761e-01                 	9.7857231857e-01                 
2.3700000000e+00	2.6511330410e+03	6.3158859675e-02                 	3.3645358239e-02                 	2.9513501436e-02                 	5.3271003327e-01                 	9.7955104769e-01                 
2.3900000000e+00	2.6289478273e+03	6.3166431453e-02                 	3.3547500666e-02                 	2.9618930787e-02                 	5.3109697499e-01                 	9.8014909444e-01                 
2.4100000000e+00	2.6071308329e+03	6.3164672342e-02                 	3.3475110818e-02                 	2.9689561524e-02                 	5.2996571623e-01                 	9.8063345341e-01                 
2.4300000000e+00	2.5856729659e+03	6.3162289564e-02                 	3.3420593418e-02                 	2.9741696147e-02                 	5.2912257691e-01                 	9.8105665501e-01                 
2.4600000000e+00	2.5541403688e+03	6.3166503215e-02                 	3.3346387128e-02                 	2.9820116087e-02                 	5.2791250791e-01                 	9.8173432794e-01                 
2.5000000000e+00	2.5132741229e+03	6.3171896706e-02                 	3.3270838222e-02                 	2.9901058484e-02                 	5.2667150991e-01                 	9.8259977154e-01                 
2.5200000000e+00	2.4933275028e+03	6.3169609690e-02                 	3.3242619189e-02                 	2.9926990501e-02                 	5.2624385923e-01                 	9.8300514786e-01                 
2.5500000000e+00	2.4639942381e+03	6.3172428218e-02                 	3.3219505621e-02                 	2.9952922597e-02                 	5.2585449947e-01                 	9.8360895715e-01                 
2.5650000000e+00	2.4495849151e+03	6.3175315864e-02                 	3.3219453093e-02                 	2.9955862771e-02                 	5.2582963202e-01                 	9.8389230771e-01                 
2.5800000000e+00	2.4353431423e+03	6.3178759497e-02                 	3.3212739030e-02                 	2.9966020466e-02                 	5.2569470016e-01                 	9.8423536398e-01                 
2.5900000000e+00	2.4259402730e+03	6.3180123321e-02                 	3.3199130757e-02                 	2.9980992564e-02                 	5.2546796385e-01                 	9.8449823517e-01                 
2.6000000000e+00	2.4166097335e+03	6.3175861355e-02                 	3.3173972837e-02                 	3.0001888519e-02                 	5.2510519247e-01                 	9.8479481181e-01                 
2.6200000000e+00	2.3981623310e+03	6.3178557846e-02                 	3.3113830547e-02                 	3.0064727300e-02                 	5.2413083925e-01                 	9.8549591388e-01                 
2.6750000000e+00	2.3488543204e+03	6.3185987792e-02                 	3.2915418959e-02                 	3.0270568833e-02                 	5.2092908743e-01                 	9.8783074356e-01                 
2.7250000000e+00	2.3057560760e+03	6.3189544284e-02                 	3.2750688216e-02                 	3.0438856068e-02                 	5.1829283764e-01                 	9.9033538112e-01                 
2.7780000000e+00	2.2617657693e+03	6.3188839509e-02                 	3.2480504770e-02                 	3.0708334740e-02                 	5.1402280880e-01                 	9.9388329783e-01                 
2.8170000000e+00	2.2304527182e+03	6.3167376189e-02                 	3.2226691196e-02                 	3.0940684993e-02                 	5.1017935429e-01                 	9.9649298482e-01                 
2.8330000000e+00	2.2178557385e+03	6.3141490794e-02                 	3.2181383185e-02                 	3.0960107609e-02                 	5.0967094348e-01                 	9.9695277058e-01                 
2.8490000000e+00	2.2054002482e+03	6.3115232354e-02                 	3.2291453735e-02                 	3.0823778619e-02                 	5.1162694854e-01                 	9.9636950214e-01                 
2.8650000000e+00	2.1930838769e+03	6.3108996041e-02                 	3.2632802553e-02                 	3.0476193488e-02                 	5.1708638388e-01                 	9.9398211328e-01                 
2.8820000000e+00	2.1801475736e+03	6.3120539616e-02                 	3.3209811074e-02                 	2.9910728542e-02                 	5.2613319335e-01                 	9.8853030703e-01                 
2.8990000000e+00	2.1673629897e+03	6.3137248465e-02                 	3.3839545810e-02                 	2.9297702654e-02                 	5.3596801624e-01                 	9.8022341792e-01                 
2.9150000000e+00	2.1554666577e+03	6.3150605488e-02                 	3.4294195624e-02                 	2.8856409865e-02                 	5.4305410626e-01                 	9.7220582602e-01                 
2.9330000000e+00	2.1422384273e+03	6.3162180925e-02                 	3.4633178254e-02                 	2.8529002671e-02                 	5.4832144405e-01                 	9.6463027446e-01                 
2.9500000000e+00	2.1298933245e+03	6.3169433777e-02                 	3.4802431225e-02                 	2.8367002552e-02                 	5.5093783724e-01                 	9.6007253225e-01                 
2.9670000000e+00	2.1176896890e+03	6.3175499046e-02                 	3.5008214588e-02                 	2.8167284458e-02                 	5.5414227218e-01                 	9.5497505962e-01                 
2.9850000000e+00	2.1049197009e+03	6.3181584415e-02                 	3.5272825175e-02                 	2.7908759240e-02                 	5.5827699641e-01                 	9.4852281403e-01                 
3.0030000000e+00	2.0923027996e+03	6.3188050763e-02                 	3.5593981075e-02                 	2.7594069688e-02                 	5.6330240679e-01                 	9.4044367719e-01                 
3.0210000000e+00	2.0798362487e+03	6.3194730197e-02                 	3.5919487091e-02                 	2.7275243106e-02                 	5.6839370908e-01                 	9.3168354370e-01                 
3.0400000000e+00	2.0668372721e+03	6.3201955334e-02                 	3.6250929692e-02                 	2.6951025642e-02                 	5.7357291401e-01                 	9.2207880952e-01                 
3.0580000000e+00	2.0546714543e+03	6.3209236952e-02                 	3.6538365191e-02                 	2.6670871761e-02                 	5.7805420462e-01                 	9.1279952050e-01                 
3.0770000000e+00	2.0419841752e+03	6.3215103955e-02                 	3.6555081394e-02                 	2.6660022561e-02                 	5.7826498902e-01                 	9.0957295326e-01                 
3.0960000000e+00	2.0294526186e+03	6.3218885855e-02                 	3.6408501969e-02                 	2.6810383886e-02                 	5.7591179403e-01                 	9.1092219350e-01                 
3.1150000000e+00	2.0170739349e+03	6.3221261885e-02                 	3.6213466368e-02                 	2.7007795518e-02                 	5.7280518116e-01                 	9.1425607420e-01                 
3.1350000000e+00	2.0042058396e+03	6.3223527480e-02                 	3.6096523395e-02                 	2.7127004085e-02                 	5.7093497997e-01                 	9.1612230931e-01                 
3.1550000000e+00	1.9915008898e+03	6.3225649389e-02                 	3.6000201513e-02                 	2.7225447876e-02                 	5.6939235676e-01                 	9.1764462168e-01                 
3.1750000000e+00	1.9789560023e+03	6.3227401328e-02                 	3.5869395600e-02                 	2.7358005729e-02                 	5.6730776287e-01                 	9.2023244204e-01                 
3.1950000000e+00	1.9665681713e+03	6.3228812129e-02                 	3.5694326286e-02                 	2.7534485843e-02                 	5.6452628294e-01                 	9.2423466482e-01                 
3.2150000000e+00	1.9543344657e+03	6.3230127918e-02                 	3.5506839545e-02                 	2.7723288374e-02                 	5.6154938656e-01                 	9.2883479996e-01                 
3.2360000000e+00	1.9416518255e+03	6.3231625529e-02                 	3.5346828856e-02                 	2.7884796673e-02                 	5.5900553813e-01                 	9.3288274025e-01                 
3.2570000000e+00	1.9291327317e+03	6.3233284977e-02                 	3.5225074333e-02                 	2.8008210644e-02                 	5.5706538647e-01                 	9.3598152308e-01                 
3.2790000000e+00	1.9161894807e+03	6.3235105951e-02                 	3.5082694783e-02                 	2.8152411168e-02                 	5.5479775444e-01                 	9.3963541480e-01                 
3.3000000000e+00	1.9039955476e+03	6.3236796266e-02                 	3.4976981631e-02                 	2.8259814635e-02                 	5.5311122158e-01                 	9.4239169175e-01                 
3.3220000000e+00	1.8913863056e+03	6.3238702183e-02                 	3.4887833848e-02                 	2.8350868335e-02                 	5.5168484874e-01                 	9.4469875959e-01                 
3.3450000000e+00	1.8783812578e+03	6.3240714557e-02                 	3.4800216021e-02                 	2.8440498535e-02                 	5.5028182818e-01                 	9.4696842911e-01                 
3.3670000000e+00	1.8661079023e+03	6.3242659378e-02                 	3.4720480899e-02                 	2.8522178479e-02                 	5.4900412538e-01                 	9.4903071089e-01                 
3.3900000000e+00	1.8534469933e+03	6.3244661536e-02                 	3.4644082580e-02                 	2.8600578956e-02                 	5.4777876486e-01                 	9.5100390844e-01                 
3.4130000000e+00	1.8409567264e+03	6.3246646595e-02                 	3.4577876403e-02                 	2.8668770192e-02                 	5.4671477880e-01                 	9.5270904968e-01                 
3.4360000000e+00	1.8286336750e+03	6.3248632055e-02                 	3.4519432620e-02                 	2.8729199435e-02                 	5.4577358432e-01                 	9.5420887186e-01                 
3.4600000000e+00	1.8159495107e+03	6.3250693693e-02                 	3.4463857022e-02                 	2.8786836670e-02                 	5.4487713906e-01                 	9.5562944014e-01                 
3.4840000000e+00	1.8034400996e+03	6.3252739078e-02                 	3.4413839552e-02                 	2.8838899526e-02                 	5.4406876372e-01                 	9.5690313933e-01                 
3.5090000000e+00	1.7905914241e+03	6.3254845913e-02                 	3.4365950412e-02                 	2.8888895501e-02                 	5.4329355982e-01                 	9.5811748857e-01                 
3.5340000000e+00	1.7779245351e+03	6.3256935131e-02                 	3.4323352378e-02                 	2.8933582753e-02                 	5.4260220333e-01                 	9.5919406601e-01                 
3.5590000000e+00	1.7654356019e+03	6.3259004569e-02                 	3.4284578764e-02                 	2.8974425805e-02                 	5.4197151848e-01                 	9.6017054693e-01                 
3.6240000000e+00	1.7337707801e+03	6.3264309747e-02                 	3.4199749852e-02                 	2.9064559895e-02                 	5.4058520497e-01                 	9.6229660070e-01                 
3.7320000000e+00	1.6835973492e+03	6.3272909288e-02                 	3.4096757942e-02                 	2.9176151346e-02                 	5.3888399198e-01                 	9.6486390670e-01                 
3.7750000000e+00	1.6644199489e+03	6.3276259975e-02                 	3.4062494197e-02                 	2.9213765778e-02                 	5.3831396183e-01                 	9.6571284588e-01                 
3.8470000000e+00	1.6332688607e+03	6.3281781880e-02                 	3.4016622426e-02                 	2.9265159454e-02                 	5.3754210794e-01                 	9.6685328571e-01                 
3.9690000000e+00	1.5830650812e+03	6.3290975944e-02                 	3.3959428505e-02                 	2.9331547439e-02                 	5.3656035475e-01                 	9.6828817449e-01                 
4.0990000000e+00	1.5328580891e+03	6.3300577649e-02                 	3.3917312007e-02                 	2.9383265643e-02                 	5.3581362550e-01                 	9.6936788375e-01                 
4.2390000000e+00	1.4822329104e+03	6.3310739802e-02                 	3.3884637541e-02                 	2.9426102261e-02                 	5.3521152409e-01                 	9.7023116380e-01                 
4.3480000000e+00	1.4450748177e+03	6.3318310906e-02                 	3.3870564404e-02                 	2.9447746502e-02                 	5.3492526758e-01                 	9.7064388724e-01                 
4.3870000000e+00	1.4322282442e+03	6.3320952437e-02                 	3.3870782097e-02                 	2.9450170341e-02                 	5.3490639027e-01                 	9.7067469099e-01                 
4.4440000000e+00	1.4138580799e+03	6.3324842634e-02                 	3.3880382136e-02                 	2.9444460498e-02                 	5.3502512958e-01                 	9.7051381677e-01                 
4.5050000000e+00	1.3947137197e+03	6.3329188394e-02                 	3.3899962312e-02                 	2.9429226082e-02                 	5.3529759613e-01                 	9.7013320277e-01                 
4.5470000000e+00	1.3818309451e+03	6.3332399036e-02                 	3.3915602070e-02                 	2.9416796966e-02                 	5.3551740635e-01                 	9.6982051379e-01                 
4.5600000000e+00	1.3778915147e+03	6.3333445185e-02                 	3.3920137431e-02                 	2.9413307754e-02                 	5.3558017145e-01                 	9.6973005882e-01                 
4.5800000000e+00	1.3718745212e+03	6.3335041082e-02                 	3.3924738080e-02                 	2.9410303002e-02                 	5.3563931594e-01                 	9.6964411668e-01                 
4.7190000000e+00	1.3314654179e+03	6.3346071889e-02                 	3.3915435965e-02                 	2.9430635923e-02                 	5.3539919610e-01                 	9.6997306791e-01                 
4.9040000000e+00	1.2812368082e+03	6.3359968752e-02                 	3.3874872751e-02                 	2.9485096001e-02                 	5.3464156341e-01                 	9.7103343643e-01                 
5.0000000000e+00	1.2566370614e+03	6.3366915390e-02                 	3.3850814337e-02                 	2.9516101053e-02                 	5.3420328461e-01                 	9.7164216605e-01                 
5.1000000000e+00	1.2319971191e+03	6.3373999116e-02                 	3.3825387567e-02                 	2.9548611549e-02                 	5.3374235552e-01                 	9.7227743734e-01                 
5.2000000000e+00	1.2083048668e+03	6.3380898117e-02                 	3.3800497191e-02                 	2.9580400925e-02                 	5.3329154676e-01                 	9.7289379143e-01                 
5.2630000000e+00	1.1938410236e+03	6.3385175330e-02                 	3.3784421432e-02                 	2.9600753898e-02                 	5.3300194021e-01                 	9.7328704641e-01                 
5.4000000000e+00	1.1635528347e+03	6.3394182076e-02                 	3.3750835322e-02                 	2.9643346754e-02                 	5.3239641584e-01                 	9.7410299435e-01                 
5.5560000000e+00	1.1308828847e+03	6.3403903480e-02                 	3.3713106170e-02                 	2.9690797310e-02                 	5.3171972576e-01                 	9.7500599914e-01                 
5.7140000000e+00	1.0996124094e+03	6.3412660015e-02                 	3.3682693049e-02                 	2.9729966966e-02                 	5.3116669512e-01                 	9.7574570165e-01                 
5.7470000000e+00	1.0932982960e+03	6.3414317829e-02                 	3.3677590374e-02                 	2.9736727455e-02                 	5.3107234339e-01                 	9.7587408026e-01                 
5.7800000000e+00	1.0870562815e+03	6.3415866986e-02                 	3.3675859226e-02                 	2.9740007761e-02                 	5.3103207172e-01                 	9.7593376371e-01                 
5.8140000000e+00	1.0806992272e+03	6.3417421782e-02                 	3.3678556970e-02                 	2.9738864811e-02                 	5.3106159198e-01                 	9.7590425407e-01                 
5.8480000000e+00	1.0744160922e+03	6.3419023238e-02                 	3.3684608728e-02                 	2.9734414510e-02                 	5.3114360657e-01                 	9.7580661027e-01                 
5.8820000000e+00	1.0682055946e+03	6.3420620916e-02                 	3.3696009274e-02                 	2.9724611642e-02                 	5.3130998699e-01                 	9.7559995479e-01                 
6.0610000000e+00	1.0366581929e+03	6.3430631337e-02                 	3.3771675484e-02                 	2.9658955853e-02                 	5.3241903433e-01                 	9.7417132415e-01                 
6.1350000000e+00	1.0241540843e+03	6.3435714061e-02                 	3.3810248402e-02                 	2.9625465660e-02                 	5.3298443790e-01                 	9.7340842763e-01                 
6.2500000000e+00	1.0053096491e+03	6.3443927457e-02                 	3.3845866398e-02                 	2.9598061059e-02                 	5.3347684727e-01                 	9.7272141519e-01                 
6.2890000000e+00	9.9907541854e+02	6.3446687655e-02                 	3.3853361835e-02                 	2.9593325820e-02                 	5.3357177634e-01                 	9.7258503562e-01                 
6.3290000000e+00	9.9276114824e+02	6.3449482336e-02                 	3.3858897585e-02                 	2.9590584751e-02                 	5.3363552133e-01                 	9.7249129009e-01                 
6.3690000000e+00	9.8652619048e+02	6.3452219418e-02                 	3.3863788677e-02                 	2.9588430741e-02                 	5.3368958545e-01                 	9.7241188857e-01                 
6.4100000000e+00	9.8021611656e+02	6.3455005597e-02                 	3.3867700359e-02                 	2.9587305237e-02                 	5.3372779722e-01                 	9.7235413008e-01                 
6.4520000000e+00	9.7383529250e+02	6.3457846347e-02                 	3.3871692496e-02                 	2.9586153852e-02                 	5.3376681444e-01                 	9.7229531087e-01                 
6.4940000000e+00	9.6753700449e+02	6.3460673116e-02                 	3.3875214220e-02                 	2.9585458895e-02                 	5.3379853313e-01                 	9.7224658580e-01                 
6.5790000000e+00	9.5503652640e+02	6.3466329640e-02                 	3.3879920921e-02                 	2.9586408719e-02                 	5.3382511819e-01                 	9.7220013803e-01                 
6.6670000000e+00	9.4243067454e+02	6.3472082749e-02                 	3.3884197823e-02                 	2.9587884926e-02                 	5.3384411470e-01                 	9.7216535315e-01                 
6.7570000000e+00	9.2987794986e+02	6.3477870406e-02                 	3.3891779496e-02                 	2.9586090910e-02                 	5.3391487898e-01                 	9.7206135280e-01                 
6.8970000000e+00	9.1100265437e+02	6.3487178369e-02                 	3.3899689447e-02                 	2.9587488922e-02                 	5.3396119213e-01                 	9.7197889706e-01                 
7.0420000000e+00	8.9224443442e+02	6.3496720700e-02                 	3.3902127768e-02                 	2.9594592932e-02                 	5.3391934881e-01                 	9.7201693313e-01                 
7.1430000000e+00	8.7962835044e+02	6.3503355669e-02                 	3.3898754789e-02                 	2.9604600880e-02                 	5.3381044879e-01                 	9.7215173926e-01                 
7.2460000000e+00	8.6712466287e+02	6.3509887340e-02                 	3.3897217619e-02                 	2.9612669721e-02                 	5.3373134544e-01                 	9.7224909564e-01                 
7.3530000000e+00	8.5450636573e+02	6.3516878492e-02                 	3.3892390106e-02                 	2.9624488387e-02                 	5.3359659527e-01                 	9.7241756960e-01                 
7.4630000000e+00	8.4191147088e+02	6.3523855034e-02                 	3.3884865491e-02                 	2.9638989543e-02                 	5.3341953937e-01                 	9.7264524112e-01                 
7.5760000000e+00	8.2935392122e+02	6.3530979812e-02                 	3.3878025025e-02                 	2.9652954787e-02                 	5.3325204687e-01                 	9.7285899778e-01                 
7.6920000000e+00	8.1684676380e+02	6.3538427688e-02                 	3.3866294422e-02                 	2.9672133266e-02                 	5.3300491772e-01                 	9.7317651761e-01                 
7.8120000000e+00	8.0429919447e+02	6.3545812612e-02                 	3.3850486272e-02                 	2.9695326340e-02                 	5.3269420723e-01                 	9.7358038176e-01                 
7.9370000000e+00	7.9163226750e+02	6.3553379610e-02                 	3.3833993479e-02                 	2.9719386131e-02                 	5.3237127100e-01                 	9.7399820362e-01                 
8.0650000000e+00	7.7906823400e+02	6.3561006073e-02                 	3.3816688274e-02                 	2.9744317799e-02                 	5.3203513229e-01                 	9.7443092222e-01                 
8.1970000000e+00	7.6652254571e+02	6.3568768291e-02                 	3.3799020696e-02                 	2.9769747595e-02                 	5.3169223826e-01                 	9.7486929329e-01                 
8.3330000000e+00	7.5401239736e+02	6.3576672166e-02                 	3.3779835756e-02                 	2.9796836409e-02                 	5.3132437741e-01                 	9.7533656634e-01                 
8.4750000000e+00	7.4137879731e+02	6.3584848891e-02                 	3.3758540366e-02                 	2.9826308525e-02                 	5.3092113853e-01                 	9.7584491952e-01                 
8.6960000000e+00	7.2253740883e+02	6.3597361922e-02                 	3.3720403556e-02                 	2.9876958366e-02                 	5.3021701745e-01                 	9.7672425982e-01                 
8.9290000000e+00	7.0368297762e+02	6.3610175729e-02                 	3.3672581250e-02                 	2.9937594479e-02                 	5.2935840633e-01                 	9.7778160901e-01                 
9.0910000000e+00	6.9114347236e+02	6.3618751477e-02                 	3.3633482075e-02                 	2.9985269402e-02                 	5.2867246361e-01                 	9.7861423505e-01                 
9.2590000000e+00	6.7860301406e+02	6.3627244702e-02                 	3.3586737065e-02                 	3.0040507637e-02                 	5.2786722453e-01                 	9.7957728191e-01                 
9.5240000000e+00	6.5972126283e+02	6.3639433469e-02                 	3.3498455929e-02                 	3.0140977539e-02                 	5.2637891482e-01                 	9.8131376381e-01                 
9.8040000000e+00	6.4087977429e+02	6.3649496051e-02                 	3.3375384218e-02                 	3.0274111833e-02                 	5.2436211264e-01                 	9.8357182778e-01                 
1.0000000000e+01	6.2831853072e+02	6.3652026225e-02                 	3.3256747318e-02                 	3.0395278907e-02                 	5.2247743380e-01                 	9.8558271310e-01                 
1.0200000000e+01	6.1599855953e+02	6.3643110964e-02                 	3.3135898390e-02                 	3.0507212575e-02                 	5.2065177028e-01                 	9.8748710635e-01                 
1.0310000000e+01	6.0942631495e+02	6.3632375537e-02                 	3.3079600078e-02                 	3.0552775459e-02                 	5.1985486631e-01                 	9.8833966689e-01                 
1.0420000000e+01	6.0299283178e+02	6.3615179475e-02                 	3.3038192098e-02                 	3.0576987378e-02                 	5.1934447675e-01                 	9.8898451974e-01                 
1.0530000000e+01	5.9669376137e+02	6.3591110610e-02                 	3.3062839156e-02                 	3.0528271454e-02                 	5.1992863215e-01                 	9.8882330144e-01                 
1.0640000000e+01	5.9052493489e+02	6.3571885745e-02                 	3.3193315822e-02                 	3.0378569923e-02                 	5.2213829169e-01                 	9.8738310282e-01                 
1.0750000000e+01	5.8448235416e+02	6.3569026000e-02                 	3.3454435868e-02                 	3.0114590132e-02                 	5.2626944241e-01                 	9.8409781827e-01                 
1.0870000000e+01	5.7802992706e+02	6.3580215058e-02                 	3.3761474312e-02                 	2.9818740746e-02                 	5.3100597853e-01                 	9.7971212165e-01                 
1.1000000000e+01	5.7119866429e+02	6.3601425691e-02                 	3.4132027671e-02                 	2.9469398020e-02                 	5.3665507180e-01                 	9.7362448640e-01                 
1.1110000000e+01	5.6554323197e+02	6.3621196503e-02                 	3.4385552137e-02                 	2.9235644366e-02                 	5.4047320748e-01                 	9.6884850720e-01                 
1.1360000000e+01	5.5309729817e+02	6.3661130022e-02                 	3.4845137492e-02                 	2.8815992530e-02                 	5.4735342398e-01                 	9.5910941369e-01                 
1.1630000000e+01	5.4025669021e+02	6.3695940766e-02                 	3.5130804581e-02                 	2.8565136185e-02                 	5.5153914298e-01                 	9.5205480648e-01                 
1.1900000000e+01	5.2799876531e+02	6.3726592550e-02                 	3.5380154744e-02                 	2.8346437806e-02                 	5.5518667056e-01                 	9.4559591916e-01                 
1.2200000000e+01	5.1501518911e+02	6.3756300565e-02                 	3.5552059429e-02                 	2.8204241136e-02                 	5.5762425225e-01                 	9.4061492381e-01                 
1.2500000000e+01	5.0265482457e+02	6.3782784044e-02                 	3.5676201368e-02                 	2.8106582676e-02                 	5.5933904270e-01                 	9.3677365646e-01                 
1.2820000000e+01	4.9010805828e+02	6.3807282032e-02                 	3.5725974020e-02                 	2.8081308012e-02                 	5.5990433822e-01                 	9.3473793755e-01                 
1.2990000000e+01	4.8369401903e+02	6.3819192559e-02                 	3.5738219151e-02                 	2.8080973408e-02                 	5.5999171594e-01                 	9.3407683426e-01                 
1.3160000000e+01	4.7744569203e+02	6.3830579046e-02                 	3.5748282793e-02                 	2.8082296253e-02                 	5.6004948298e-01                 	9.3352258912e-01                 
1.3330000000e+01	4.7135673722e+02	6.3841193269e-02                 	3.5733529562e-02                 	2.8107663707e-02                 	5.5972527662e-01                 	9.3361023101e-01                 
1.3510000000e+01	4.6507663266e+02	6.3851869925e-02                 	3.5720059492e-02                 	2.8131810434e-02                 	5.5942072696e-01                 	9.3374095465e-01                 
1.3700000000e+01	4.5862666476e+02	6.3862912598e-02                 	3.5707306975e-02                 	2.8155605624e-02                 	5.5912431053e-01                 	9.3388240518e-01                 
1.3890000000e+01	4.5235315386e+02	6.3873729116e-02                 	3.5691378001e-02                 	2.8182351115e-02                 	5.5878024494e-01                 	9.3413235491e-01                 
1.4080000000e+01	4.4624895648e+02	6.3884227352e-02                 	3.5664020108e-02                 	2.8220207244e-02                 	5.5826017761e-01                 	9.3469733538e-01                 
1.4290000000e+01	4.3969106418e+02	6.3895499000e-02                 	3.5626727030e-02                 	2.8268771970e-02                 	5.5757803895e-01                 	9.3554866450e-01                 
1.4710000000e+01	4.2713700253e+02	6.3916981875e-02                 	3.5511995067e-02                 	2.8404986808e-02                 	5.5559561834e-01                 	9.3840062506e-01                 
1.5150000000e+01	4.1473170344e+02	6.3938673254e-02                 	3.5397605457e-02                 	2.8541067797e-02                 	5.5361807894e-01                 	9.4139499201e-01                 
1.5380000000e+01	4.0852960385e+02	6.3949785923e-02                 	3.5346145528e-02                 	2.8603640394e-02                 	5.5271718300e-01                 	9.4277829305e-01                 
1.5630000000e+01	4.0199522119e+02	6.3961782741e-02                 	3.5299389438e-02                 	2.8662393303e-02                 	5.5188251367e-01                 	9.4405802836e-01                 
1.6130000000e+01	3.8953411700e+02	6.3985586720e-02                 	3.5229415104e-02                 	2.8756171616e-02                 	5.5058360656e-01                 	9.4603280802e-01                 
1.6390000000e+01	3.8335480825e+02	6.3997682374e-02                 	3.5206920215e-02                 	2.8790762159e-02                 	5.5012805009e-01                 	9.4671988089e-01                 
1.6670000000e+01	3.7691573528e+02	6.4010893153e-02                 	3.5205769559e-02                 	2.8805123595e-02                 	5.4999653690e-01                 	9.4688143491e-01                 
1.6950000000e+01	3.7068939865e+02	6.4024680200e-02                 	3.5206360932e-02                 	2.8818319268e-02                 	5.4988733754e-01                 	9.4698069521e-01                 
1.7240000000e+01	3.6445390413e+02	6.4038993298e-02                 	3.5198242951e-02                 	2.8840750347e-02                 	5.4963766821e-01                 	9.4729825463e-01                 
1.8180000000e+01	3.4560975287e+02	6.4084388446e-02                 	3.5108728417e-02                 	2.8975660028e-02                 	5.4785150126e-01                 	9.4990836043e-01                 
1.8320000000e+01	3.4296863030e+02	6.4090747271e-02                 	3.5092538139e-02                 	2.8998209131e-02                 	5.4754453074e-01                 	9.5036929570e-01                 
1.8610000000e+01	3.3762414332e+02	6.4103960791e-02                 	3.5066345536e-02                 	2.9037615255e-02                 	5.4702307163e-01                 	9.5113957696e-01                 
1.8870000000e+01	3.3297219434e+02	6.4115721656e-02                 	3.5039895388e-02                 	2.9075826269e-02                 	5.4651019254e-01                 	9.5189863147e-01                 
1.9230000000e+01	3.2673870552e+02	6.4130942413e-02                 	3.5029759530e-02                 	2.9101182883e-02                 	5.4622243509e-01                 	9.5230445658e-01                 
1.9610000000e+01	3.2040720587e+02	6.4148144744e-02                 	3.5046879406e-02                 	2.9101265338e-02                 	5.4634283728e-01                 	9.5204939424e-01                 
2.0000000000e+01	3.1415926536e+02	6.4166846175e-02                 	3.5057443571e-02                 	2.9109402604e-02                 	5.4634824151e-01                 	9.5195253374e-01                 
2.0410000000e+01	3.0784837370e+02	6.4186830595e-02                 	3.5041223889e-02                 	2.9145606706e-02                 	5.4592544241e-01                 	9.5251717950e-01                 
2.0830000000e+01	3.0164115733e+02	6.4206806742e-02                 	3.5004546502e-02                 	2.9202260240e-02                 	5.4518435472e-01                 	9.5358169845e-01                 
2.2220000000e+01	2.8277161598e+02	6.4269803156e-02                 	3.4874074017e-02                 	2.9395729138e-02                 	5.4261989776e-01                 	9.5725097880e-01                 
2.2600000000e+01	2.7801704899e+02	6.4286312618e-02                 	3.4835860971e-02                 	2.9450451647e-02                 	5.4188612711e-01                 	9.5828781211e-01                 
2.3050000000e+01	2.7258938426e+02	6.4305434929e-02                 	3.4795176831e-02                 	2.9510258098e-02                 	5.4109231778e-01                 	9.5939262658e-01                 
2.3600000000e+01	2.6623666556e+02	6.4328362711e-02                 	3.4749746782e-02                 	2.9578615930e-02                 	5.4019324163e-01                 	9.6062325712e-01                 
2.4600000000e+01	2.5541403688e+02	6.4369111727e-02                 	3.4674136309e-02                 	2.9694975418e-02                 	5.3867663199e-01                 	9.6265155625e-01                 
2.5000000000e+01	2.5132741229e+02	6.4384987128e-02                 	3.4643498740e-02                 	2.9741488389e-02                 	5.3806796095e-01                 	9.6345342978e-01                 
2.6000000000e+01	2.4166097335e+02	6.4423392836e-02                 	3.4568117175e-02                 	2.9855275661e-02                 	5.3657709806e-01                 	9.6538341850e-01                 
2.8570000000e+01	2.1992248188e+02	6.4511386485e-02                 	3.4372321317e-02                 	3.0139065168e-02                 	5.3281014701e-01                 	9.7005994165e-01                 
3.1000000000e+01	2.0268339701e+02	6.4564063754e-02                 	3.4204815236e-02                 	3.0359248517e-02                 	5.2978101513e-01                 	9.7364581619e-01                 
3.3330000000e+01	1.8851441066e+02	6.4583420176e-02                 	3.4175609894e-02                 	3.0407810282e-02                 	5.2917002229e-01                 	9.7442546158e-01                 
3.4480000000e+01	1.8222695206e+02	6.4591100924e-02                 	3.4232042234e-02                 	3.0359058690e-02                 	5.2998078286e-01                 	9.7358777959e-01                 
3.5640000000e+01	1.7629588404e+02	6.4602589871e-02                 	3.4332232608e-02                 	3.0270357263e-02                 	5.3143740330e-01                 	9.7202656089e-01                 
3.7000000000e+01	1.6981581911e+02	6.4623427168e-02                 	3.4492022708e-02                 	3.0131404460e-02                 	5.3373867991e-01                 	9.6947897934e-01                 
3.8240000000e+01	1.6430923920e+02	6.4649083031e-02                 	3.4664420235e-02                 	2.9984662796e-02                 	5.3619353299e-01                 	9.6667442119e-01                 
3.9600000000e+01	1.5866629564e+02	6.4680625375e-02                 	3.4866724796e-02                 	2.9813900579e-02                 	5.3905979718e-01                 	9.6335169875e-01                 
4.1140000000e+01	1.5272691559e+02	6.4710817346e-02                 	3.5116311508e-02                 	2.9594505839e-02                 	5.4266524435e-01                 	9.5933957011e-01                 
4.2760000000e+01	1.4694072281e+02	6.4756598422e-02                 	3.5659621362e-02                 	2.9096977061e-02                 	5.5067162622e-01                 	9.5008833989e-01                 
4.3580000000e+01	1.4417589048e+02	6.4800579395e-02                 	3.6159007898e-02                 	2.8641571497e-02                 	5.5800439187e-01                 	9.4101560834e-01                 
4.4580000000e+01	1.4094179693e+02	6.4898879841e-02                 	3.7041221441e-02                 	2.7857658400e-02                 	5.7075286248e-01                 	9.2345301293e-01                 
4.5500000000e+01	1.3809198477e+02	6.5030926760e-02                 	3.8030607904e-02                 	2.7000318857e-02                 	5.8480802594e-01                 	9.0174042472e-01                 
4.6150000000e+01	1.3614702724e+02	6.5135073575e-02                 	3.8640857898e-02                 	2.6494215676e-02                 	5.9324194751e-01                 	8.8694459658e-01                 
4.6710000000e+01	1.3451477857e+02	6.5215939444e-02                 	3.8961509563e-02                 	2.6254429881e-02                 	5.9742311305e-01                 	8.7790458353e-01                 
4.7360000000e+01	1.3266860868e+02	6.5282388357e-02                 	3.9050157632e-02                 	2.6232230725e-02                 	5.9817293171e-01                 	8.7339941863e-01                 
4.8000000000e+01	1.3089969390e+02	6.5317579556e-02                 	3.8909570379e-02                 	2.6408009177e-02                 	5.9569828894e-01                 	8.7428502028e-01                 
4.8780000000e+01	1.2880658686e+02	6.5334903958e-02                 	3.8611516752e-02                 	2.6723387206e-02                 	5.9097839612e-01                 	8.7913093980e-01                 
5.0030000000e+01	1.2558835313e+02	6.5348802951e-02                 	3.8151659842e-02                 	2.7197143109e-02                 	5.8381574136e-01                 	8.8828825011e-01                 
5.1280000000e+01	1.2252701457e+02	6.5369074759e-02                 	3.7838797489e-02                 	2.7530277270e-02                 	5.7884860124e-01                 	8.9519113840e-01                 
5.2750000000e+01	1.1911251767e+02	6.5402897036e-02                 	3.7633603108e-02                 	2.7769293927e-02                 	5.7541186727e-01                 	8.9999646331e-01                 
5.3500000000e+01	1.1744271602e+02	6.5423151012e-02                 	3.7580183400e-02                 	2.7842967612e-02                 	5.7441720276e-01                 	9.0130389593e-01                 
5.4240000000e+01	1.1584043708e+02	6.5445910172e-02                 	3.7576041360e-02                 	2.7869868812e-02                 	5.7415415663e-01                 	9.0138543654e-01                 
5.5000000000e+01	1.1423973286e+02	6.5467892384e-02                 	3.7553306049e-02                 	2.7914586335e-02                 	5.7361409817e-01                 	9.0178430761e-01                 
5.5740000000e+01	1.1272309485e+02	6.5486322563e-02                 	3.7483139764e-02                 	2.8003182799e-02                 	5.7238119804e-01                 	9.0332817686e-01                 
5.6400000000e+01	1.1140399481e+02	6.5501010143e-02                 	3.7382661181e-02                 	2.8118348961e-02                 	5.7071884998e-01                 	9.0569571981e-01                 
5.7000000000e+01	1.1023132118e+02	6.5513662394e-02                 	3.7265145744e-02                 	2.8248516650e-02                 	5.6881487589e-01                 	9.0856774182e-01                 
5.7460000000e+01	1.0934885672e+02	6.5523199927e-02                 	3.7161477756e-02                 	2.8361722171e-02                 	5.6714992243e-01                 	9.1115598159e-01                 
5.8400000000e+01	1.0758878951e+02	6.5542641238e-02                 	3.6932338563e-02                 	2.8610302675e-02                 	5.6348566163e-01                 	9.1698703607e-01                 
5.9290000000e+01	1.0597377816e+02	6.5559706425e-02                 	3.6719655972e-02                 	2.8840050454e-02                 	5.6009488104e-01                 	9.2251371668e-01                 
6.0000000000e+01	1.0471975512e+02	6.5573097948e-02                 	3.6648671700e-02                 	2.8924426248e-02                 	5.5889797564e-01                 	9.2462009095e-01                 
6.1000000000e+01	1.0300303782e+02	6.5597359590e-02                 	3.6664557771e-02                 	2.8932801819e-02                 	5.5893343878e-01                 	9.2469699960e-01                 
6.1250000000e+01	1.0258261726e+02	6.5604162899e-02                 	3.6679454307e-02                 	2.8924708592e-02                 	5.5910254298e-01                 	9.2444631098e-01                 
6.2500000000e+01	1.0053096491e+02	6.5641688930e-02                 	3.6788748481e-02                 	2.8852940449e-02                 	5.6044792693e-01                 	9.2232086028e-01                 
6.3780000000e+01	9.8513410272e+01	6.5685171568e-02                 	3.6935540872e-02                 	2.8749630696e-02                 	5.6231170583e-01                 	9.1922145696e-01                 
6.4670000000e+01	9.7157651263e+01	6.5717430050e-02                 	3.7045545733e-02                 	2.8671884317e-02                 	5.6370959279e-01                 	9.1681111093e-01                 
6.5580000000e+01	9.5809474034e+01	6.5751069728e-02                 	3.7155555980e-02                 	2.8595513748e-02                 	5.6509431913e-01                 	9.1435079684e-01                 
6.6550000000e+01	9.4413002362e+01	6.5786921141e-02                 	3.7265671047e-02                 	2.8521250094e-02                 	5.6646017780e-01                 	9.1184346976e-01                 
6.7600000000e+01	9.2946528213e+01	6.5825006454e-02                 	3.7372399335e-02                 	2.8452607119e-02                 	5.6775382713e-01                 	9.0936997688e-01                 
6.9000000000e+01	9.1060656626e+01	6.5873705178e-02                 	3.7490488633e-02                 	2.8383216546e-02                 	5.6912676358e-01                 	9.0658385421e-01                 
7.0530000000e+01	8.9085287214e+01	6.5923827357e-02                 	3.7589352872e-02                 	2.8334474485e-02                 	5.7019372781e-01                 	9.0420516656e-01                 
7.3000000000e+01	8.6071031605e+01	6.5997380871e-02                 	3.7676324432e-02                 	2.8321056440e-02                 	5.7087605499e-01                 	9.0208618168e-01                 
7.5000000000e+01	8.3775804096e+01	6.6052102130e-02                 	3.7698382421e-02                 	2.8353719709e-02                 	5.7073705765e-01                 	9.0155753569e-01                 
7.6290000000e+01	8.2359225419e+01	6.6085543423e-02                 	3.7687505298e-02                 	2.8398038125e-02                 	5.7028365579e-01                 	9.0186068792e-01                 
8.0000000000e+01	7.8539816340e+01	6.6182135965e-02                 	3.7664942596e-02                 	2.8517193369e-02                 	5.6911041094e-01                 	9.0273518386e-01                 
8.2970000000e+01	7.5728399508e+01	6.6258836786e-02                 	3.7650796808e-02                 	2.8608039978e-02                 	5.6823811939e-01                 	9.0339345681e-01                 
8.5000000000e+01	7.3919827143e+01	6.6310917718e-02                 	3.7641349599e-02                 	2.8669568119e-02                 	5.6764935389e-01                 	9.0385577091e-01                 
8.6800000000e+01	7.2386927502e+01	6.6356910756e-02                 	3.7634366833e-02                 	2.8722543923e-02                 	5.6715067661e-01                 	9.0423894677e-01                 
9.0800000000e+01	6.9198076070e+01	6.6458376563e-02                 	3.7618051667e-02                 	2.8840324896e-02                 	5.6603928072e-01                 	9.0512846996e-01                 
9.5170000000e+01	6.6020650490e+01	6.6568172321e-02                 	3.7604492796e-02                 	2.8963679525e-02                 	5.6490198672e-01                 	9.0600469317e-01                 
1.0000000000e+02	6.2831853072e+01	6.6688216226e-02                 	3.7594926139e-02                 	2.9093290087e-02                 	5.6374166632e-01                 	9.0683699071e-01                 
1.2000000000e+02	5.2359877560e+01	6.7170346702e-02                 	3.7582107920e-02                 	2.9588238782e-02                 	5.5950445048e-01                 	9.0946294162e-01                 
1.6000000000e+02	3.9269908170e+01	6.8054482704e-02                 	3.7622237180e-02                 	3.0432245524e-02                 	5.5282526125e-01                 	9.1173147795e-01                 
2.1000000000e+02	2.9919930034e+01	6.9423319961e-02                 	3.8320879082e-02                 	3.1102440879e-02                 	5.5198856960e-01                 	9.1045887856e-01                 
3.0000000000e+02	2.0943951024e+01	6.8758398044e-02                 	3.9909261779e-02                 	2.8849136265e-02                 	5.8042745198e-01                 	8.6814070874e-01                 
5.0000000000e+02	1.2566370614e+01	6.8987085176e-02                 	5.0119646051e-02                 	1.8867439125e-02                 	7.2650766333e-01                 	7.3273929754e-01                 
1.3000000000e+03	4.8332194671e+00	5.0853435698e-02                 	4.6017500191e-02                 	4.8359355070e-03                 	9.0490444863e-01                 	2.5974809251e-01                 
5.0000000000e+03	1.2566370614e+00	3.5387299271e-02                 	3.5175612658e-02                 	2.1168661247e-04                 	9.9401800598e-01                 	4.1689370302e-01                 
1.9000000000e+04	3.3069396354e-01	1.9005284322e-04                 	1.8358390250e-04                 	6.4689407237e-06                 	9.6596241017e-01                 	2.4719229695e-02                 
3.9000000000e+04	1.6110731557e-01	1.1635583619e-05                 	1.0121299340e-05                 	1.5142842797e-06                 	8.6985747091e-01                 	5.9107530335e-03                 
6.1000000000e+04	1.0300303782e-01	2.3565215081e-06                 	1.6841071209e-06                 	6.7241438720e-07                 	7.1465807339e-01                 	2.4198583672e-03                 
8.6000000000e+04	7.3060294270e-02	8.1387268449e-07                 	4.2566643684e-07                 	3.8820624766e-07                 	5.2301354370e-01                 	1.2181237005e-03                 
1.1000000000e+05	5.7119866429e-02	4.3599641799e-07                 	1.5894444862e-07                 	2.7705196937e-07                 	3.6455448269e-01                 	7.4472803198e-04                 
1.4000000000e+05	4.4879895051e-02	2.7092656012e-07                 	6.0555708136e-08                 	2.1037085199e-07                 	2.2351336875e-01                 	4.5981617613e-04                 
1.8000000000e+05	3.4906585040e-02	1.9008522292e-07                 	2.2155535014e-08                 	1.6792968791e-07                 	1.1655579889e-01                 	2.7818382914e-04                 
2.4000000000e+05	2.6179938780e-02	1.4660999877e-07                 	7.0091223498e-09                 	1.3960087642e-07                 	4.7807942218e-02                 	1.5648724603e-04                 
3.4000000000e+05	1.8479956786e-02	1.2298639004e-07                 	1.7400104870e-09                 	1.2124637955e-07                 	1.4147992200e-02                 	7.7975728923e-05                 
5.4000000000e+05	1.1635528347e-02	1.1051678940e-07                 	2.7344367372e-10                 	1.1024334573e-07                 	2.4742274472e-03                 	3.0912865275e-05                 
1.0000000000e+06	6.2831853072e-03	1.0519196810e-07                 	2.3250458080e-11                 	1.0516871764e-07                 	2.2102883423e-04                 	9.0142832333e-06                 
2.0000000000e+06	3.1415926536e-03	1.0359691137e-07                 	1.4531425692e-12                 	1.0359545823e-07                 	1.4026890860e-05                 	2.2535777843e-06                 
