#wavelengths (mu)	size parameter  	extinction cross section (cm^2)  	scattering cross section (cm^2)  	absorption cross section (cm^2)  	single scattering albedo         	asymmetry parameter              
4.4300000000e-02	2.2478956219e+04	1.5800819499e-03                 	9.0489042570e-04                 	6.7519152420e-04                 	5.7268575580e-01                 	9.5119800423e-01                 
4.5100000000e-02	2.2080216419e+04	1.5801061250e-03                 	9.0306155652e-04                 	6.7704456846e-04                 	5.7151955951e-01                 	9.5138244551e-01                 
4.5900000000e-02	2.1695376045e+04	1.5801310613e-03                 	9.0248353622e-04                 	6.7764752503e-04                 	5.7114473498e-01                 	9.5081287495e-01                 
4.6800000000e-02	2.1278157275e+04	1.5801593984e-03                 	9.0227744406e-04                 	6.7788195435e-04                 	5.7100406767e-01                 	9.4989103015e-01                 
4.7700000000e-02	2.0876682610e+04	1.5801880119e-03                 	9.0229477437e-04                 	6.7789323748e-04                 	5.7100469539e-01                 	9.4879020961e-01                 
4.8600000000e-02	2.0490077376e+04	1.5802171621e-03                 	9.0209581072e-04                 	6.7812135135e-04                 	5.7086825303e-01                 	9.4768506302e-01                 
4.9600000000e-02	2.0076970978e+04	1.5802491499e-03                 	9.0030810428e-04                 	6.7994104561e-04                 	5.6972541598e-01                 	9.4740240915e-01                 
5.0600000000e-02	1.9680192895e+04	1.5802782720e-03                 	8.9782328966e-04                 	6.8245498230e-04                 	5.6814252628e-01                 	9.4811730627e-01                 
5.1700000000e-02	1.9261465387e+04	1.5803097363e-03                 	8.9663508830e-04                 	6.8367464795e-04                 	5.6737933567e-01                 	9.4816445966e-01                 
5.2800000000e-02	1.8860184858e+04	1.5803412606e-03                 	8.9691965151e-04                 	6.8342160912e-04                 	5.6754808209e-01                 	9.4735307758e-01                 
5.3900000000e-02	1.8475283126e+04	1.5803735302e-03                 	8.9868942794e-04                 	6.8168410229e-04                 	5.6865634026e-01                 	9.4551293070e-01                 
5.5100000000e-02	1.8072917613e+04	1.5804108338e-03                 	9.0150328408e-04                 	6.7890754977e-04                 	5.7042337648e-01                 	9.4252653833e-01                 
5.6400000000e-02	1.7656343271e+04	1.5804517534e-03                 	9.0376778238e-04                 	6.7668397106e-04                 	5.7184142472e-01                 	9.3958248841e-01                 
5.7700000000e-02	1.7258540043e+04	1.5804919527e-03                 	9.0561985504e-04                 	6.7487209766e-04                 	5.7299871315e-01                 	9.3696904379e-01                 
5.9000000000e-02	1.6878267127e+04	1.5805336496e-03                 	9.0761718225e-04                 	6.7291646730e-04                 	5.7424730091e-01                 	9.3392404144e-01                 
6.0500000000e-02	1.6459797694e+04	1.5805802980e-03                 	9.0818849275e-04                 	6.7239180528e-04                 	5.7459180902e-01                 	9.3180955481e-01                 
6.2000000000e-02	1.6061576782e+04	1.5806262537e-03                 	9.0845113507e-04                 	6.7217511863e-04                 	5.7474126660e-01                 	9.3004514380e-01                 
6.3600000000e-02	1.5657511957e+04	1.5806747603e-03                 	9.0865854285e-04                 	6.7201621748e-04                 	5.7485484406e-01                 	9.2832322281e-01                 
6.5300000000e-02	1.5249889135e+04	1.5807257848e-03                 	9.0901991596e-04                 	6.7170586884e-04                 	5.7506490038e-01                 	9.2649766233e-01                 
6.7000000000e-02	1.4862951649e+04	1.5807782375e-03                 	9.0994925141e-04                 	6.7082898606e-04                 	5.7563371626e-01                 	9.2401703380e-01                 
6.8900000000e-02	1.4453087961e+04	1.5808361785e-03                 	9.0910654577e-04                 	6.7172963275e-04                 	5.7507954216e-01                 	9.2279319645e-01                 
7.0800000000e-02	1.4065222606e+04	1.5808911674e-03                 	9.0624536107e-04                 	6.7464580632e-04                 	5.7324968332e-01                 	9.2365230987e-01                 
7.2900000000e-02	1.3660051584e+04	1.5809500143e-03                 	9.0330785134e-04                 	6.7764216301e-04                 	5.7137027935e-01                 	9.2478792679e-01                 
7.3800000000e-02	1.3493465589e+04	1.5809751195e-03                 	9.0214084433e-04                 	6.7883427518e-04                 	5.7062304978e-01                 	9.2523189924e-01                 
7.5100000000e-02	1.3259890286e+04	1.5810102475e-03                 	9.0004215697e-04                 	6.8096809051e-04                 	5.6928293691e-01                 	9.2637573426e-01                 
7.7500000000e-02	1.2849261426e+04	1.5810740757e-03                 	8.9702936495e-04                 	6.8404471076e-04                 	5.6735441984e-01                 	9.2795994998e-01                 
8.0000000000e-02	1.2447722006e+04	1.5811383090e-03                 	8.9376698170e-04                 	6.8737132727e-04                 	5.6526805823e-01                 	9.3001808654e-01                 
8.2700000000e-02	1.2041327213e+04	1.5812073156e-03                 	8.9197638600e-04                 	6.8923092962e-04                 	5.6411096584e-01                 	9.3085537083e-01                 
8.5500000000e-02	1.1646991351e+04	1.5812822027e-03                 	8.9246640205e-04                 	6.8881580065e-04                 	5.6439413568e-01                 	9.2931677877e-01                 
8.8600000000e-02	1.1239478109e+04	1.5813637220e-03                 	8.9000423943e-04                 	6.9135948258e-04                 	5.6280805424e-01                 	9.3024231388e-01                 
9.1800000000e-02	1.0847688023e+04	1.5814358912e-03                 	8.7988927033e-04                 	7.0154662089e-04                 	5.5638630387e-01                 	9.3921761863e-01                 
9.3000000000e-02	1.0707717855e+04	1.5814609615e-03                 	8.7706727708e-04                 	7.0439368441e-04                 	5.5459306201e-01                 	9.4195989078e-01                 
9.5400000000e-02	1.0438341305e+04	1.5815127275e-03                 	8.7406305176e-04                 	7.0744967577e-04                 	5.5267531936e-01                 	9.4489789078e-01                 
9.9200000000e-02	1.0038485489e+04	1.5815976312e-03                 	8.7183658409e-04                 	7.0976104714e-04                 	5.5123791720e-01                 	9.4695682239e-01                 
1.0330000000e-01	9.6400557646e+03	1.5816900704e-03                 	8.6964073864e-04                 	7.1204933180e-04                 	5.4981741044e-01                 	9.4886295998e-01                 
1.0780000000e-01	9.2376415629e+03	1.5817875571e-03                 	8.6516554173e-04                 	7.1662201539e-04                 	5.4695432255e-01                 	9.5304459740e-01                 
1.1000000000e-01	9.0528887317e+03	1.5818328158e-03                 	8.6368231812e-04                 	7.1815049768e-04                 	5.4600101192e-01                 	9.5454555340e-01                 
1.1270000000e-01	8.8360049733e+03	1.5818885708e-03                 	8.6252681513e-04                 	7.1936175566e-04                 	5.4525130977e-01                 	9.5573180228e-01                 
1.1400000000e-01	8.7352435130e+03	1.5819151595e-03                 	8.6223939904e-04                 	7.1967576045e-04                 	5.4506045654e-01                 	9.5605830331e-01                 
1.1810000000e-01	8.4319878111e+03	1.5820014258e-03                 	8.6288322656e-04                 	7.1911819924e-04                 	5.4543770472e-01                 	9.5553560175e-01                 
1.2100000000e-01	8.2298988470e+03	1.5820660853e-03                 	8.6452540102e-04                 	7.1754068424e-04                 	5.4645340613e-01                 	9.5388966013e-01                 
1.2400000000e-01	8.0307883910e+03	1.5821337750e-03                 	8.6372488824e-04                 	7.1840888675e-04                 	5.4592405642e-01                 	9.5442104357e-01                 
1.2720000000e-01	7.8287559787e+03	1.5822010994e-03                 	8.6080152686e-04                 	7.2139957255e-04                 	5.4405317199e-01                 	9.5712496767e-01                 
1.2950000000e-01	7.6897124362e+03	1.5822449256e-03                 	8.5697421377e-04                 	7.2527071186e-04                 	5.4161918922e-01                 	9.6080081189e-01                 
1.3050000000e-01	7.6307874367e+03	1.5822602097e-03                 	8.5507734035e-04                 	7.2718286934e-04                 	5.4041511953e-01                 	9.6268533213e-01                 
1.3190000000e-01	7.5497934836e+03	1.5822789534e-03                 	8.5351902493e-04                 	7.2875992846e-04                 	5.3942386272e-01                 	9.6434957233e-01                 
1.3330000000e-01	7.4705008288e+03	1.5822967665e-03                 	8.5303225081e-04                 	7.2926451574e-04                 	5.3911015231e-01                 	9.6505948436e-01                 
1.3480000000e-01	7.3873721104e+03	1.5823148703e-03                 	8.5329248746e-04                 	7.2902238283e-04                 	5.3926844997e-01                 	9.6516620287e-01                 
1.3620000000e-01	7.3114373017e+03	1.5823309082e-03                 	8.5538162082e-04                 	7.2694928743e-04                 	5.4058327266e-01                 	9.6374505149e-01                 
1.3700000000e-01	7.2687427773e+03	1.5823443663e-03                 	8.5871135729e-04                 	7.2363300899e-04                 	5.4268298076e-01                 	9.6102278061e-01                 
1.3780000000e-01	7.2265439803e+03	1.5823603362e-03                 	8.6108614701e-04                 	7.2127418916e-04                 	5.4417829323e-01                 	9.5902234507e-01                 
1.3870000000e-01	7.1796522025e+03	1.5823865250e-03                 	8.6791676709e-04                 	7.1446975794e-04                 	5.4848594409e-01                 	9.5289716636e-01                 
1.3930000000e-01	7.1487276417e+03	1.5824071576e-03                 	8.7029151206e-04                 	7.1211564555e-04                 	5.4997950930e-01                 	9.5044937113e-01                 
1.4090000000e-01	7.0675497550e+03	1.5824588958e-03                 	8.7780547955e-04                 	7.0465341628e-04                 	5.5470981386e-01                 	9.4287035676e-01                 
1.4250000000e-01	6.9881948104e+03	1.5825107019e-03                 	8.8354990123e-04                 	6.9896080068e-04                 	5.5832159629e-01                 	9.3654654582e-01                 
1.4350000000e-01	6.9394965888e+03	1.5825423770e-03                 	8.8675826381e-04                 	6.9578411323e-04                 	5.6033776831e-01                 	9.3284716669e-01                 
1.4420000000e-01	6.9058097121e+03	1.5825644762e-03                 	8.8877240110e-04                 	6.9379207506e-04                 	5.6160264841e-01                 	9.3040182097e-01                 
1.4500000000e-01	6.8677086930e+03	1.5825865378e-03                 	8.8930779776e-04                 	6.9327874008e-04                 	5.6193312435e-01                 	9.2938128844e-01                 
1.4590000000e-01	6.8253444859e+03	1.5826107730e-03                 	8.9064707119e-04                 	6.9196370184e-04                 	5.6277076232e-01                 	9.2759003346e-01                 
1.4680000000e-01	6.7834997308e+03	1.5826316774e-03                 	8.8970266380e-04                 	6.9292901362e-04                 	5.6216659662e-01                 	9.2811590795e-01                 
1.4760000000e-01	6.7467327946e+03	1.5826504009e-03                 	8.9021695501e-04                 	6.9243344587e-04                 	5.6248490160e-01                 	9.2735132030e-01                 
1.4800000000e-01	6.7284983817e+03	1.5826594864e-03                 	8.8979135231e-04                 	6.9286813405e-04                 	5.6221275643e-01                 	9.2760273066e-01                 
1.4850000000e-01	6.7058435050e+03	1.5826697288e-03                 	8.8900698861e-04                 	6.9366274024e-04                 	5.6171352267e-01                 	9.2827451571e-01                 
1.4940000000e-01	6.6654468573e+03	1.5826881609e-03                 	8.8804363474e-04                 	6.9464452619e-04                 	5.6109829887e-01                 	9.2908928879e-01                 
1.5120000000e-01	6.5860962995e+03	1.5827241025e-03                 	8.8578211671e-04                 	6.9694198578e-04                 	5.5965668010e-01                 	9.3117556450e-01                 
1.5310000000e-01	6.5043615969e+03	1.5827627503e-03                 	8.8511548760e-04                 	6.9764726267e-04                 	5.5922183375e-01                 	9.3170630805e-01                 
1.5400000000e-01	6.4663490941e+03	1.5827811969e-03                 	8.8426161649e-04                 	6.9851958040e-04                 	5.5867584113e-01                 	9.3248269875e-01                 
1.5500000000e-01	6.4246307128e+03	1.5828012947e-03                 	8.8379807417e-04                 	6.9900322057e-04                 	5.5837588528e-01                 	9.3291199152e-01                 
1.5690000000e-01	6.3468308508e+03	1.5828398743e-03                 	8.8214795384e-04                 	7.0069192046e-04                 	5.5731976946e-01                 	9.3451884724e-01                 
1.5800000000e-01	6.3026440537e+03	1.5828622988e-03                 	8.8100460774e-04                 	7.0185769103e-04                 	5.5658954568e-01                 	9.3567845640e-01                 
1.5890000000e-01	6.2669462586e+03	1.5828808253e-03                 	8.7950063757e-04                 	7.0338018770e-04                 	5.5563288375e-01                 	9.3724394283e-01                 
1.6100000000e-01	6.1852034813e+03	1.5829233897e-03                 	8.7469101490e-04                 	7.0823237478e-04                 	5.5257949981e-01                 	9.4233393340e-01                 
1.6300000000e-01	6.1093114140e+03	1.5829632133e-03                 	8.7083594447e-04                 	7.1212726880e-04                 	5.5013024761e-01                 	9.4640064968e-01                 
1.6500000000e-01	6.0352591545e+03	1.5830023247e-03                 	8.6790177856e-04                 	7.1510054618e-04                 	5.4826311054e-01                 	9.4947258140e-01                 
1.6700000000e-01	5.9629806017e+03	1.5830409221e-03                 	8.6563570475e-04                 	7.1740521736e-04                 	5.4681827403e-01                 	9.5182869376e-01                 
1.6900000000e-01	5.8924127839e+03	1.5830779591e-03                 	8.6387027787e-04                 	7.1920768121e-04                 	5.4569029460e-01                 	9.5367854294e-01                 
1.7100000000e-01	5.8234956754e+03	1.5830291737e-03                 	8.7751694598e-04                 	7.0551222775e-04                 	5.5432771584e-01                 	9.5159230658e-01                 
1.7300000000e-01	5.7561720259e+03	1.5831420971e-03                 	1.0217020899e-03                 	5.6144000725e-04                 	6.4536347794e-01                 	9.2584270506e-01                 
1.7500000000e-01	5.6903872028e+03	1.5855948685e-03                 	1.2661507186e-03                 	3.1944414994e-04                 	7.9853356221e-01                 	8.8924898973e-01                 
1.7700000000e-01	5.6260890423e+03	1.5802571354e-03                 	1.4347688227e-03                 	1.4548831268e-04                 	9.0793377266e-01                 	8.6577991402e-01                 
1.7900000000e-01	5.5632277122e+03	1.5849902863e-03                 	1.5254365892e-03                 	5.9553697177e-05                 	9.6242645921e-01                 	8.5637675612e-01                 
1.8100000000e-01	5.5017555828e+03	1.5868755655e-03                 	1.5634631851e-03                 	2.3412380311e-05                 	9.8524624059e-01                 	8.5388589410e-01                 
1.8300000000e-01	5.4416271065e+03	1.5816368482e-03                 	1.5736066535e-03                 	8.0301947084e-06                 	9.9492285810e-01                 	8.5271689175e-01                 
1.8500000000e-01	5.3827987053e+03	1.5821285153e-03                 	1.5794543527e-03                 	2.6741625048e-06                 	9.9830976910e-01                 	8.5506245235e-01                 
1.8700000000e-01	5.3252286657e+03	1.5809228278e-03                 	1.5800200002e-03                 	9.0282760631e-07                 	9.9942892367e-01                 	8.5557682616e-01                 
1.8900000000e-01	5.2688770396e+03	1.5827540800e-03                 	1.5824530363e-03                 	3.0104365270e-07                 	9.9980979758e-01                 	8.5882391383e-01                 
1.9100000000e-01	5.2137055523e+03	1.5846038816e-03                 	1.5845010286e-03                 	1.0285304142e-07                 	9.9993509227e-01                 	8.5706035543e-01                 
1.9300000000e-01	5.1596775155e+03	1.5847433007e-03                 	1.5847082535e-03                 	3.5047156004e-08                 	9.9997788465e-01                 	8.5503914591e-01                 
1.9500000000e-01	5.1067577461e+03	1.5810720219e-03                 	1.5810604387e-03                 	1.1583275352e-08                 	9.9999267378e-01                 	8.6305565807e-01                 
1.9700000000e-01	5.0549124898e+03	1.5820981440e-03                 	1.5820942774e-03                 	3.8666286195e-09                 	9.9999755601e-01                 	8.6182100772e-01                 
1.9900000000e-01	5.0041093492e+03	1.5837422784e-03                 	1.5837409703e-03                 	1.3081091137e-09                 	9.9999917404e-01                 	8.6436548255e-01                 
2.0100000000e-01	4.9543172163e+03	1.5832922294e-03                 	1.5832917815e-03                 	4.4788030465e-10                 	9.9999971712e-01                 	8.6249061888e-01                 
2.0190000000e-01	4.9322325928e+03	1.5838387374e-03                 	1.5838384679e-03                 	2.6949916429e-10                 	9.9999982984e-01                 	8.6592442114e-01                 
2.1000000000e-01	4.7419893356e+03	1.5842823959e-03                 	1.5842821390e-03                 	2.5699125957e-10                 	9.9999983779e-01                 	8.6838648474e-01                 
2.5000000000e-01	3.9832710419e+03	1.5851736589e-03                 	1.5851734443e-03                 	2.1465713896e-10                 	9.9999986458e-01                 	8.7755305753e-01                 
3.0000000000e-01	3.3193925350e+03	1.5867598042e-03                 	1.5867596249e-03                 	1.7931402087e-10                 	9.9999988699e-01                 	8.8247344576e-01                 
3.5000000000e-01	2.8451936014e+03	1.5835242006e-03                 	1.5835240486e-03                 	1.5196963953e-10                 	9.9999990403e-01                 	8.8649277066e-01                 
3.9000000000e-01	2.5533788730e+03	1.5846316810e-03                 	1.5846315444e-03                 	1.3662581816e-10                 	9.9999991378e-01                 	8.8760854099e-01                 
4.0000000000e-01	2.4895444012e+03	1.5847725829e-03                 	1.5847724250e-03                 	1.5782466875e-10                 	9.9999990041e-01                 	8.8789712006e-01                 
4.1000000000e-01	2.4288238061e+03	1.5839425757e-03                 	1.5839424018e-03                 	1.7383594486e-10                 	9.9999989025e-01                 	8.8816730569e-01                 
4.2000000000e-01	2.3709946678e+03	1.5898141443e-03                 	1.5898139462e-03                 	1.9801812196e-10                 	9.9999987545e-01                 	8.8902660627e-01                 
4.3000000000e-01	2.3158552569e+03	1.5901227128e-03                 	1.5901224547e-03                 	2.5810133884e-10                 	9.9999983768e-01                 	8.8879710913e-01                 
4.4000000000e-01	2.2632221829e+03	1.5883541651e-03                 	1.5883537861e-03                 	3.7895400173e-10                 	9.9999976142e-01                 	8.8931859020e-01                 
4.5000000000e-01	2.2129283566e+03	1.5863335220e-03                 	1.5863329732e-03                 	5.4876942570e-10                 	9.9999965406e-01                 	8.8871726165e-01                 
4.6000000000e-01	2.1648212184e+03	1.5857460889e-03                 	1.5857453178e-03                 	7.7108884248e-10                 	9.9999951374e-01                 	8.8903020787e-01                 
4.7000000000e-01	2.1187611925e+03	1.5856933143e-03                 	1.5856921462e-03                 	1.1681331244e-09                 	9.9999926333e-01                 	8.8927641745e-01                 
4.8000000000e-01	2.0746203343e+03	1.5845680721e-03                 	1.5845664644e-03                 	1.6077102890e-09                 	9.9999898540e-01                 	8.8957659243e-01                 
4.9000000000e-01	2.0322811438e+03	1.5918563570e-03                 	1.5918538984e-03                 	2.4585719889e-09                 	9.9999845553e-01                 	8.8961693572e-01                 
5.0000000000e-01	1.9916355210e+03	1.5885234347e-03                 	1.5885195290e-03                 	3.9056906885e-09                 	9.9999754131e-01                 	8.8950856685e-01                 
5.1000000000e-01	1.9525838441e+03	1.5869854535e-03                 	1.5869811868e-03                 	4.2666089459e-09                 	9.9999731150e-01                 	8.8946312673e-01                 
5.2000000000e-01	1.9150341548e+03	1.5831772582e-03                 	1.5831717727e-03                 	5.4854833635e-09                 	9.9999653514e-01                 	8.9044461853e-01                 
5.3000000000e-01	1.8789014349e+03	1.5877748640e-03                 	1.5877677836e-03                 	7.0803365264e-09                 	9.9999554072e-01                 	8.9034494948e-01                 
5.4000000000e-01	1.8441069639e+03	1.5922223994e-03                 	1.5922134621e-03                 	8.9373220774e-09                 	9.9999438689e-01                 	8.9056836799e-01                 
5.5000000000e-01	1.8105777463e+03	1.5823455819e-03                 	1.5823345627e-03                 	1.1019272656e-08                 	9.9999303612e-01                 	8.9096844726e-01                 
5.6000000000e-01	1.7782460009e+03	1.5946216910e-03                 	1.5946081067e-03                 	1.3584285080e-08                 	9.9999148119e-01                 	8.9090849099e-01                 
5.7000000000e-01	1.7470487026e+03	1.5910193728e-03                 	1.5910031807e-03                 	1.6192111706e-08                 	9.9998982281e-01                 	8.9081930147e-01                 
5.8000000000e-01	1.7169271733e+03	1.5887385856e-03                 	1.5887193072e-03                 	1.9278429502e-08                 	9.9998786557e-01                 	8.9095568005e-01                 
5.9000000000e-01	1.6878267127e+03	1.5889317495e-03                 	1.5889093444e-03                 	2.2405042537e-08                 	9.9998589930e-01                 	8.9064178719e-01                 
6.0000000000e-01	1.6596962675e+03	1.5879865254e-03                 	1.5879609244e-03                 	2.5600950743e-08                 	9.9998387836e-01                 	8.9144638329e-01                 
6.1000000000e-01	1.6324881319e+03	1.5924201408e-03                 	1.5923900437e-03                 	3.0097030603e-08                 	9.9998109982e-01                 	8.9104126252e-01                 
6.2000000000e-01	1.6061576782e+03	1.5904489727e-03                 	1.5904123642e-03                 	3.6608476343e-08                 	9.9997698230e-01                 	8.9203266192e-01                 
6.3000000000e-01	1.5806631119e+03	1.5885349682e-03                 	1.5884907434e-03                 	4.4224874809e-08                 	9.9997215996e-01                 	8.9097034889e-01                 
6.4000000000e-01	1.5559652508e+03	1.5972429007e-03                 	1.5971918386e-03                 	5.1062128778e-08                 	9.9996803108e-01                 	8.9134388592e-01                 
6.5000000000e-01	1.5320273238e+03	1.5829355938e-03                 	1.5828773827e-03                 	5.8211108806e-08                 	9.9996322585e-01                 	8.9182643480e-01                 
6.6000000000e-01	1.5088147886e+03	1.5964688220e-03                 	1.5964012354e-03                 	6.7586639493e-08                 	9.9995766492e-01                 	8.9135782661e-01                 
6.7000000000e-01	1.4862951649e+03	1.5917710522e-03                 	1.5916958444e-03                 	7.5207747643e-08                 	9.9995275216e-01                 	8.9240766744e-01                 
6.8000000000e-01	1.4644378831e+03	1.5858887263e-03                 	1.5858058108e-03                 	8.2915508426e-08                 	9.9994771669e-01                 	8.9062989091e-01                 
6.9000000000e-01	1.4432141456e+03	1.5906863707e-03                 	1.5905921105e-03                 	9.4260169833e-08                 	9.9994074245e-01                 	8.9133037388e-01                 
7.0000000000e-01	1.4225968007e+03	1.5944866745e-03                 	1.5943756869e-03                 	1.1098761267e-07                 	9.9993039289e-01                 	8.9141547327e-01                 
7.1000000000e-01	1.4025602260e+03	1.5923490100e-03                 	1.5922207750e-03                 	1.2823502534e-07                 	9.9991946802e-01                 	8.9276141000e-01                 
7.2000000000e-01	1.3830802229e+03	1.5961580716e-03                 	1.5960060773e-03                 	1.5199436309e-07                 	9.9990477487e-01                 	8.9080084211e-01                 
7.3000000000e-01	1.3641339185e+03	1.5884839998e-03                 	1.5883277315e-03                 	1.5626824492e-07                 	9.9990162429e-01                 	8.9208573302e-01                 
7.4000000000e-01	1.3456996763e+03	1.5874487159e-03                 	1.5872708312e-03                 	1.7788467182e-07                 	9.9988794304e-01                 	8.9108724973e-01                 
7.5000000000e-01	1.3277570140e+03	1.5856040433e-03                 	1.5853971027e-03                 	2.0694056952e-07                 	9.9986948786e-01                 	8.9277662592e-01                 
7.6000000000e-01	1.3102865270e+03	1.5925964477e-03                 	1.5923422091e-03                 	2.5423858398e-07                 	9.9984036221e-01                 	8.9035179903e-01                 
7.7000000000e-01	1.2932698188e+03	1.5934419051e-03                 	1.5931472651e-03                 	2.9463994034e-07                 	9.9981509214e-01                 	8.9335177270e-01                 
7.8000000000e-01	1.2766894365e+03	1.5928329342e-03                 	1.5924780530e-03                 	3.5488123721e-07                 	9.9977720122e-01                 	8.9190790443e-01                 
7.9000000000e-01	1.2605288107e+03	1.5903489216e-03                 	1.5899435627e-03                 	4.0535890928e-07                 	9.9974511322e-01                 	8.9033642569e-01                 
8.0000000000e-01	1.2447722006e+03	1.5934889616e-03                 	1.5930452906e-03                 	4.4367099241e-07                 	9.9972157260e-01                 	8.9323792532e-01                 
8.1000000000e-01	1.2294046426e+03	1.5900101795e-03                 	1.5895416860e-03                 	4.6849350724e-07                 	9.9970535188e-01                 	8.9121468839e-01                 
8.2000000000e-01	1.2144119030e+03	1.6001360489e-03                 	1.5996611066e-03                 	4.7494228122e-07                 	9.9970318631e-01                 	8.9099100119e-01                 
8.3000000000e-01	1.1997804343e+03	1.5869569179e-03                 	1.5864948342e-03                 	4.6208373458e-07                 	9.9970882402e-01                 	8.9325622999e-01                 
8.4000000000e-01	1.1854973339e+03	1.5945095372e-03                 	1.5940301087e-03                 	4.7942858054e-07                 	9.9969932536e-01                 	8.9322120107e-01                 
8.5000000000e-01	1.1715503065e+03	1.5850555682e-03                 	1.5844815547e-03                 	5.7401349653e-07                 	9.9963785907e-01                 	8.9221347882e-01                 
8.6000000000e-01	1.1579276285e+03	1.5896731410e-03                 	1.5890054645e-03                 	6.6767652194e-07                 	9.9957999132e-01                 	8.9180652872e-01                 
8.7000000000e-01	1.1446181155e+03	1.5964403069e-03                 	1.5956338386e-03                 	8.0646834116e-07                 	9.9949483339e-01                 	8.9405343289e-01                 
8.8000000000e-01	1.1316110915e+03	1.5846843157e-03                 	1.5836688982e-03                 	1.0154175087e-06                 	9.9935923042e-01                 	8.9201151929e-01                 
8.9000000000e-01	1.1188963601e+03	1.5910016317e-03                 	1.5897466813e-03                 	1.2549504297e-06                 	9.9921121990e-01                 	8.9148561371e-01                 
9.0000000000e-01	1.1064641783e+03	1.5962097463e-03                 	1.5949568974e-03                 	1.2528488681e-06                 	9.9921511013e-01                 	8.9227436360e-01                 
9.1000000000e-01	1.0943052313e+03	1.5972702832e-03                 	1.5959612807e-03                 	1.3090024148e-06                 	9.9918047532e-01                 	8.9285561842e-01                 
9.2000000000e-01	1.0824106092e+03	1.5887196176e-03                 	1.5873474151e-03                 	1.3722025309e-06                 	9.9913628401e-01                 	8.9322814490e-01                 
9.3000000000e-01	1.0707717855e+03	1.5918341198e-03                 	1.5903527025e-03                 	1.4814172885e-06                 	9.9906936453e-01                 	8.9159277501e-01                 
9.4000000000e-01	1.0593805963e+03	1.5917820816e-03                 	1.5902253214e-03                 	1.5567601960e-06                 	9.9902200168e-01                 	8.9412395844e-01                 
9.5000000000e-01	1.0482292216e+03	1.5986572831e-03                 	1.5969770543e-03                 	1.6802288184e-06                 	9.9894897497e-01                 	8.9424441701e-01                 
9.6000000000e-01	1.0373101672e+03	1.6013341489e-03                 	1.5992032530e-03                 	2.1308959215e-06                 	9.9866929964e-01                 	8.9164709897e-01                 
9.7000000000e-01	1.0266162479e+03	1.5998266672e-03                 	1.5972519848e-03                 	2.5746824113e-06                 	9.9839064915e-01                 	8.9175407898e-01                 
9.8000000000e-01	1.0161405719e+03	1.5965611756e-03                 	1.5935337808e-03                 	3.0273948191e-06                 	9.9810380281e-01                 	8.9447071152e-01                 
9.9000000000e-01	1.0058765257e+03	1.5952202723e-03                 	1.5916464843e-03                 	3.5737879830e-06                 	9.9775968997e-01                 	8.9421994465e-01                 
1.0000000000e+00	9.9581776049e+02	1.6007868750e-03                 	1.5963913076e-03                 	4.3955673925e-06                 	9.9725412079e-01                 	8.9255510303e-01                 
1.0100000000e+00	9.8595817870e+02	1.5980330970e-03                 	1.5927995156e-03                 	5.2335814225e-06                 	9.9672498559e-01                 	8.9496074652e-01                 
1.0200000000e+00	9.7629192204e+02	1.5986083611e-03                 	1.5923710516e-03                 	6.2373095153e-06                 	9.9609828794e-01                 	8.9154519782e-01                 
1.0300000000e+00	9.6681335969e+02	1.5976159867e-03                 	1.5913636737e-03                 	6.2523129521e-06                 	9.9608647322e-01                 	8.9319307316e-01                 
1.0400000000e+00	9.5751707739e+02	1.6014552024e-03                 	1.5954843658e-03                 	5.9708366117e-06                 	9.9627161809e-01                 	8.9508355293e-01                 
1.0500000000e+00	9.4839786713e+02	1.6043588396e-03                 	1.5987716100e-03                 	5.5872296016e-06                 	9.9651746887e-01                 	8.9337327181e-01                 
1.0600000000e+00	9.3945071744e+02	1.6001652108e-03                 	1.5952825764e-03                 	4.8826343631e-06                 	9.9694866859e-01                 	8.9524564199e-01                 
1.0700000000e+00	9.3067080419e+02	1.5987948342e-03                 	1.5941794016e-03                 	4.6154325321e-06                 	9.9711318023e-01                 	8.9176262071e-01                 
1.0800000000e+00	9.2205348193e+02	1.5936269673e-03                 	1.5892862871e-03                 	4.3406801896e-06                 	9.9727622569e-01                 	8.9261658624e-01                 
1.0900000000e+00	9.1359427567e+02	1.5880700401e-03                 	1.5831955619e-03                 	4.8744781578e-06                 	9.9693056475e-01                 	8.9319899533e-01                 
1.1000000000e+00	9.0528887317e+02	1.5900278896e-03                 	1.5859424769e-03                 	4.0854127045e-06                 	9.9743060312e-01                 	8.9477185585e-01                 
1.1100000000e+00	8.9713311755e+02	1.5965550947e-03                 	1.5922620430e-03                 	4.2930516112e-06                 	9.9731105326e-01                 	8.9412808721e-01                 
1.1200000000e+00	8.8912300043e+02	1.6044222635e-03                 	1.6000747575e-03                 	4.3475060369e-06                 	9.9729029811e-01                 	8.9406441973e-01                 
1.1300000000e+00	8.8125465530e+02	1.6025581168e-03                 	1.5974081861e-03                 	5.1499306662e-06                 	9.9678643126e-01                 	8.9136918923e-01                 
1.1400000000e+00	8.7352435130e+02	1.5908790742e-03                 	1.5856305151e-03                 	5.2485591040e-06                 	9.9670084346e-01                 	8.9377278010e-01                 
1.1500000000e+00	8.6592848738e+02	1.5924533649e-03                 	1.5870534551e-03                 	5.3999097675e-06                 	9.9660906254e-01                 	8.9175904588e-01                 
1.1600000000e+00	8.5846358663e+02	1.5990408053e-03                 	1.5920100369e-03                 	7.0307683650e-06                 	9.9560313387e-01                 	8.9467814155e-01                 
1.1700000000e+00	8.5112629101e+02	1.5997332297e-03                 	1.5909542808e-03                 	8.7789489415e-06                 	9.9451224193e-01                 	8.9358682545e-01                 
1.1800000000e+00	8.4391335634e+02	1.5890180099e-03                 	1.5783522967e-03                 	1.0665713186e-05                 	9.9328785884e-01                 	8.9537023630e-01                 
1.1900000000e+00	8.3682164747e+02	1.5965907777e-03                 	1.5832957633e-03                 	1.3295014405e-05                 	9.9167287285e-01                 	8.9271953352e-01                 
1.2000000000e+00	8.2984813374e+02	1.6065021775e-03                 	1.5915895649e-03                 	1.4912612657e-05                 	9.9071734053e-01                 	8.9437300782e-01                 
1.2100000000e+00	8.2298988470e+02	1.5932714146e-03                 	1.5741994898e-03                 	1.9071924802e-05                 	9.8802970754e-01                 	8.9651662879e-01                 
1.2200000000e+00	8.1624406597e+02	1.5929106900e-03                 	1.5706803731e-03                 	2.2230316936e-05                 	9.8604421637e-01                 	8.9433875591e-01                 
1.2300000000e+00	8.0960793535e+02	1.6045314243e-03                 	1.5801355950e-03                 	2.4395829284e-05                 	9.8479566750e-01                 	8.9509758350e-01                 
1.2400000000e+00	8.0307883910e+02	1.5978780275e-03                 	1.5719295495e-03                 	2.5948478004e-05                 	9.8376066411e-01                 	8.9500789489e-01                 
1.2500000000e+00	7.9665420839e+02	1.5889849655e-03                 	1.5621726279e-03                 	2.6812337575e-05                 	9.8312612255e-01                 	8.9711365409e-01                 
1.2600000000e+00	7.9033155594e+02	1.6058531975e-03                 	1.5781819466e-03                 	2.7671250912e-05                 	9.8276850527e-01                 	8.9553878979e-01                 
1.2700000000e+00	7.8410847282e+02	1.5934787310e-03                 	1.5654334581e-03                 	2.8045272845e-05                 	9.8239997039e-01                 	8.9512280168e-01                 
1.2800000000e+00	7.7798262538e+02	1.5957523210e-03                 	1.5678083971e-03                 	2.7943923949e-05                 	9.8248855817e-01                 	8.9465893037e-01                 
1.2900000000e+00	7.7195175231e+02	1.6054950822e-03                 	1.5788662374e-03                 	2.6628844882e-05                 	9.8341393557e-01                 	8.9802212786e-01                 
1.3000000000e+00	7.6601366191e+02	1.5909551285e-03                 	1.5632313438e-03                 	2.7723784712e-05                 	9.8257412531e-01                 	8.9447896280e-01                 
1.3100000000e+00	7.6016622938e+02	1.6002567790e-03                 	1.5742279132e-03                 	2.6028865802e-05                 	9.8373456926e-01                 	8.9783550621e-01                 
1.3200000000e+00	7.5440739431e+02	1.5949409360e-03                 	1.5685633983e-03                 	2.6377537752e-05                 	9.8346174635e-01                 	8.9752366449e-01                 
1.3300000000e+00	7.4873515826e+02	1.5915220987e-03                 	1.5653957905e-03                 	2.6126308221e-05                 	9.8358407449e-01                 	8.9598557047e-01                 
1.3400000000e+00	7.4314758245e+02	1.6055892134e-03                 	1.5794067887e-03                 	2.6182424730e-05                 	9.8369294929e-01                 	8.9762612514e-01                 
1.3500000000e+00	7.3764278554e+02	1.5877664134e-03                 	1.5605109372e-03                 	2.7255476230e-05                 	9.8283407685e-01                 	8.9548889081e-01                 
1.3600000000e+00	7.3221894153e+02	1.6045791580e-03                 	1.5772978287e-03                 	2.7281329289e-05                 	9.8299782896e-01                 	8.9877184987e-01                 
1.3700000000e+00	7.2687427773e+02	1.5890086278e-03                 	1.5609104023e-03                 	2.8098225442e-05                 	9.8231713475e-01                 	8.9815182928e-01                 
1.3800000000e+00	7.2160707282e+02	1.6021070946e-03                 	1.5723437992e-03                 	2.9763295419e-05                 	9.8142240583e-01                 	8.9859380509e-01                 
1.3900000000e+00	7.1641565503e+02	1.5929093493e-03                 	1.5600673096e-03                 	3.2842039714e-05                 	9.7938235485e-01                 	8.9641535446e-01                 
1.4000000000e+00	7.1129840035e+02	1.5989766077e-03                 	1.5624857668e-03                 	3.6490840921e-05                 	9.7717862741e-01                 	8.9969833082e-01                 
1.4100000000e+00	7.0625373084e+02	1.5972006873e-03                 	1.5348974669e-03                 	6.2303220340e-05                 	9.6099224046e-01                 	9.0001211678e-01                 
1.4200000000e+00	7.0128011302e+02	1.5984798464e-03                 	1.4942581462e-03                 	1.0422170022e-04                 	9.3479949062e-01                 	9.0380397371e-01                 
1.4300000000e+00	6.9637605628e+02	1.6001016127e-03                 	1.4321003570e-03                 	1.6800125566e-04                 	8.9500588317e-01                 	9.1038755288e-01                 
1.4400000000e+00	6.9154011145e+02	1.5976579847e-03                 	1.3661049454e-03                 	2.3155303935e-04                 	8.5506720364e-01                 	9.1655935637e-01                 
1.4490000000e+00	6.8724483125e+02	1.5967417710e-03                 	1.3070947296e-03                 	2.8964704139e-04                 	8.1860119986e-01                 	9.2259349849e-01                 
1.4600000000e+00	6.8206695924e+02	1.5980488855e-03                 	1.2207130460e-03                 	3.7733583949e-04                 	7.6387716114e-01                 	9.3137136340e-01                 
1.4710000000e+00	6.7696652650e+02	1.6007006614e-03                 	1.1452778729e-03                 	4.5542278841e-04                 	7.1548535001e-01                 	9.3977029214e-01                 
1.4810000000e+00	6.7239551687e+02	1.5985682277e-03                 	1.0871858885e-03                 	5.1138233923e-04                 	6.8009977280e-01                 	9.4562449152e-01                 
1.4930000000e+00	6.6699113227e+02	1.6002432279e-03                 	1.0611046248e-03                 	5.3913860308e-04                 	6.6308958933e-01                 	9.4876291818e-01                 
1.5040000000e+00	6.6211287266e+02	1.5975042892e-03                 	1.0679153592e-03                 	5.2958893003e-04                 	6.6848982278e-01                 	9.4764490008e-01                 
1.5150000000e+00	6.5730545247e+02	1.6001258511e-03                 	1.0838306274e-03                 	5.1629522370e-04                 	6.7734086457e-01                 	9.4631132981e-01                 
1.5270000000e+00	6.5213998722e+02	1.5974193389e-03                 	1.0958670530e-03                 	5.0155228591e-04                 	6.8602340432e-01                 	9.4457305566e-01                 
1.5380000000e+00	6.4747578705e+02	1.6008689710e-03                 	1.1188484393e-03                 	4.8202053175e-04                 	6.9890069676e-01                 	9.4269108997e-01                 
1.5630000000e+00	6.3711948847e+02	1.6040841021e-03                 	1.1736962831e-03                 	4.3038781899e-04                 	7.3169248518e-01                 	9.3750382655e-01                 
1.5870000000e+00	6.2748441114e+02	1.6056257226e-03                 	1.2355502600e-03                 	3.7007546259e-04                 	7.6951324497e-01                 	9.3140261295e-01                 
1.6130000000e+00	6.1736996930e+02	1.6079911507e-03                 	1.2801150997e-03                 	3.2787605099e-04                 	7.9609586106e-01                 	9.2757354863e-01                 
1.6500000000e+00	6.0352591545e+02	1.5923036811e-03                 	1.2974562106e-03                 	2.9484747051e-04                 	8.1482962452e-01                 	9.2339659940e-01                 
1.6800000000e+00	5.9274866696e+02	1.5925275075e-03                 	1.3324549549e-03                 	2.6007255255e-04                 	8.3669195582e-01                 	9.2065360856e-01                 
1.7000000000e+00	5.8577515323e+02	1.5943077701e-03                 	1.3538152517e-03                 	2.4049251844e-04                 	8.4915552508e-01                 	9.1911259342e-01                 
1.7300000000e+00	5.7561720259e+02	1.5913569262e-03                 	1.3781628478e-03                 	2.1319407844e-04                 	8.6603000563e-01                 	9.1623234293e-01                 
1.7600000000e+00	5.6580554573e+02	1.5915499507e-03                 	1.3943868247e-03                 	1.9716312600e-04                 	8.7611879482e-01                 	9.1464638892e-01                 
1.8000000000e+00	5.5323208916e+02	1.6117538631e-03                 	1.4307967879e-03                 	1.8095707515e-04                 	8.8772660684e-01                 	9.1514927870e-01                 
1.8300000000e+00	5.4416271065e+02	1.6134634826e-03                 	1.4474426541e-03                 	1.6602082858e-04                 	8.9710282856e-01                 	9.1370149554e-01                 
1.8400000000e+00	5.4120530461e+02	1.5967226848e-03                 	1.4300196475e-03                 	1.6670303732e-04                 	8.9559675020e-01                 	9.1302324952e-01                 
1.8500000000e+00	5.3827987053e+02	1.5957177960e-03                 	1.4267133801e-03                 	1.6900441591e-04                 	8.9408878166e-01                 	9.1388144491e-01                 
1.8550000000e+00	5.3682898139e+02	1.6068861127e-03                 	1.4340093424e-03                 	1.7287677036e-04                 	8.9241504486e-01                 	9.1439556382e-01                 
1.8600000000e+00	5.3538589273e+02	1.6132160308e-03                 	1.4353126459e-03                 	1.7790338493e-04                 	8.8972128870e-01                 	9.1532226145e-01                 
1.8700000000e+00	5.3252286657e+02	1.5971017020e-03                 	1.3988042792e-03                 	1.9829742280e-04                 	8.7583920138e-01                 	9.1600659923e-01                 
1.8900000000e+00	5.2688770396e+02	1.6127554033e-03                 	1.3294691149e-03                 	2.8328628846e-04                 	8.2434640251e-01                 	9.2566074663e-01                 
1.9050000000e+00	5.2273898188e+02	1.5935803720e-03                 	1.2000656140e-03                 	3.9351475795e-04                 	7.5306249696e-01                 	9.3523480877e-01                 
1.9230000000e+00	5.1784594929e+02	1.6086675457e-03                 	1.0705765728e-03                 	5.3809097289e-04                 	6.6550517269e-01                 	9.5095184711e-01                 
1.9420000000e+00	5.1277948532e+02	1.6005323032e-03                 	9.5675382444e-04                 	6.4377847880e-04                 	5.9777226770e-01                 	9.6257660561e-01                 
1.9610000000e+00	5.0781119862e+02	1.6039042722e-03                 	9.1402547217e-04                 	6.8987880006e-04                 	5.6987532735e-01                 	9.6838618091e-01                 
1.9800000000e+00	5.0293826287e+02	1.6026529699e-03                 	8.9788934652e-04                 	7.0476362341e-04                 	5.6025188445e-01                 	9.7032785141e-01                 
2.0000000000e+00	4.9790888024e+02	1.6030637204e-03                 	8.9740249949e-04                 	7.0566122086e-04                 	5.5980463415e-01                 	9.7050054055e-01                 
2.0200000000e+00	4.9297908935e+02	1.6046907266e-03                 	9.0657666837e-04                 	6.9811405824e-04                 	5.6495413934e-01                 	9.6964383119e-01                 
2.0410000000e+00	4.8790679103e+02	1.6009478105e-03                 	9.1515661178e-04                 	6.8579119876e-04                 	5.7163425675e-01                 	9.6798962714e-01                 
2.0620000000e+00	4.8293780819e+02	1.6081254901e-03                 	9.4897349010e-04                 	6.5915199998e-04                 	5.9011159014e-01                 	9.6509706868e-01                 
2.0830000000e+00	4.7806901608e+02	1.5984915845e-03                 	9.8720947421e-04                 	6.1128211027e-04                 	6.1758815861e-01                 	9.5931610777e-01                 
2.1050000000e+00	4.7307257030e+02	1.6074209454e-03                 	1.0740028090e-03                 	5.3341813638e-04                 	6.6815280221e-01                 	9.5139421940e-01                 
2.1300000000e+00	4.6752007535e+02	1.6120364209e-03                 	1.1813782654e-03                 	4.3065815550e-04                 	7.3284837122e-01                 	9.4186900702e-01                 
2.1500000000e+00	4.6317105139e+02	1.5940087290e-03                 	1.2355713157e-03                 	3.5843741329e-04                 	7.7513459821e-01                 	9.3424219745e-01                 
2.1700000000e+00	4.5890219377e+02	1.6165714187e-03                 	1.3120779464e-03                 	3.0449347233e-04                 	8.1164242495e-01                 	9.3067550243e-01                 
2.1900000000e+00	4.5471130616e+02	1.5947157169e-03                 	1.3318992973e-03                 	2.6281641965e-04                 	8.3519544150e-01                 	9.2680204286e-01                 
2.2200000000e+00	4.4856655878e+02	1.5927014212e-03                 	1.3695665579e-03                 	2.2313486329e-04                 	8.5990163610e-01                 	9.2295616229e-01                 
2.2400000000e+00	4.4456150022e+02	1.6162714739e-03                 	1.4127364267e-03                 	2.0353504726e-04                 	8.7407124945e-01                 	9.2364196872e-01                 
2.2450000000e+00	4.4357138552e+02	1.6046768844e-03                 	1.4015213689e-03                 	2.0315551551e-04                 	8.7339786752e-01                 	9.2325642837e-01                 
2.2500000000e+00	4.4258567133e+02	1.5993583138e-03                 	1.3951823710e-03                 	2.0417594277e-04                 	8.7233883677e-01                 	9.2195532031e-01                 
2.2600000000e+00	4.4062732765e+02	1.5959009556e-03                 	1.3893539843e-03                 	2.0654697129e-04                 	8.7057657271e-01                 	9.2350606958e-01                 
2.2700000000e+00	4.3868623810e+02	1.6159635964e-03                 	1.4038067648e-03                 	2.1215683156e-04                 	8.6871187443e-01                 	9.2531568852e-01                 
2.2900000000e+00	4.3485491724e+02	1.5890138099e-03                 	1.3483754448e-03                 	2.4063836509e-04                 	8.4856118708e-01                 	9.2696656925e-01                 
2.3100000000e+00	4.3108993960e+02	1.6214668918e-03                 	1.3375136649e-03                 	2.8395322689e-04                 	8.2487880059e-01                 	9.3167376215e-01                 
2.3300000000e+00	4.2738959677e+02	1.6048365494e-03                 	1.2759962654e-03                 	3.2884028401e-04                 	7.9509422058e-01                 	9.3512904191e-01                 
2.3500000000e+00	4.2375223850e+02	1.6045512404e-03                 	1.2357247653e-03                 	3.6882647506e-04                 	7.7013730333e-01                 	9.3950651675e-01                 
2.3700000000e+00	4.2017627025e+02	1.6117797059e-03                 	1.2140550625e-03                 	3.9772464341e-04                 	7.5323883162e-01                 	9.4316852496e-01                 
2.3900000000e+00	4.1666015083e+02	1.5917867565e-03                 	1.1760069992e-03                 	4.1577975723e-04                 	7.3879682342e-01                 	9.4440620290e-01                 
2.4100000000e+00	4.1320239024e+02	1.6140292313e-03                 	1.1843983024e-03                 	4.2963092899e-04                 	7.3381465425e-01                 	9.4728182977e-01                 
2.4300000000e+00	4.0980154752e+02	1.5984229376e-03                 	1.1575706498e-03                 	4.4085228775e-04                 	7.2419546955e-01                 	9.4792856006e-01                 
2.4600000000e+00	4.0480396768e+02	1.6014435124e-03                 	1.1403474661e-03                 	4.6109604623e-04                 	7.1207473591e-01                 	9.5084668893e-01                 
2.5000000000e+00	3.9832710419e+02	1.6191115230e-03                 	1.1364061726e-03                 	4.8270535041e-04                 	7.0187022725e-01                 	9.5493894584e-01                 
2.5200000000e+00	3.9516577797e+02	1.6020610470e-03                 	1.1162248750e-03                 	4.8583617202e-04                 	6.9674303427e-01                 	9.5525000438e-01                 
2.5500000000e+00	3.9051676882e+02	1.6104627522e-03                 	1.1280939199e-03                 	4.8236883229e-04                 	7.0047811932e-01                 	9.5603118331e-01                 
2.5650000000e+00	3.8823304502e+02	1.6002927191e-03                 	1.1256492284e-03                 	4.7464349067e-04                 	7.0340208075e-01                 	9.5540242403e-01                 
2.5800000000e+00	3.8597587616e+02	1.6216167280e-03                 	1.1526377221e-03                 	4.6897900590e-04                 	7.1079540695e-01                 	9.5686562047e-01                 
2.5900000000e+00	3.8448562181e+02	1.5965833493e-03                 	1.1282406783e-03                 	4.6834267104e-04                 	7.0665942919e-01                 	9.5683067708e-01                 
2.6000000000e+00	3.8300683096e+02	1.6160749543e-03                 	1.1437635580e-03                 	4.7231139632e-04                 	7.0774165205e-01                 	9.5787301632e-01                 
2.6200000000e+00	3.8008311469e+02	1.6088623348e-03                 	1.1216427895e-03                 	4.8721954538e-04                 	6.9716517391e-01                 	9.6023517375e-01                 
2.6750000000e+00	3.7226832168e+02	1.6059804217e-03                 	9.8579094471e-04                 	6.2018947695e-04                 	6.1382500771e-01                 	9.7361513904e-01                 
2.7250000000e+00	3.6543771027e+02	1.6095298834e-03                 	8.4845228590e-04                 	7.6107759750e-04                 	5.2714292208e-01                 	9.8818000885e-01                 
2.7780000000e+00	3.5846571652e+02	1.6087766079e-03                 	8.2243016814e-04                 	7.8634643975e-04                 	5.1121464851e-01                 	9.9366862162e-01                 
2.8170000000e+00	3.5350293237e+02	1.6051555429e-03                 	8.1302240066e-04                 	7.9213314223e-04                 	5.0650692655e-01                 	9.9628599584e-01                 
2.8330000000e+00	3.5150644564e+02	1.6004854396e-03                 	8.0957208611e-04                 	7.9091335348e-04                 	5.0582908540e-01                 	9.9674855315e-01                 
2.8490000000e+00	3.4953238346e+02	1.5955670722e-03                 	8.1097807502e-04                 	7.8458899719e-04                 	5.0826949813e-01                 	9.9615913470e-01                 
2.8650000000e+00	3.4758037015e+02	1.5945000368e-03                 	8.2118690572e-04                 	7.7331313112e-04                 	5.1501215851e-01                 	9.9376183267e-01                 
2.8820000000e+00	3.4553010426e+02	1.5964760136e-03                 	8.3880763281e-04                 	7.5766838075e-04                 	5.2541198595e-01                 	9.8833229936e-01                 
2.8990000000e+00	3.4350388427e+02	1.5991650189e-03                 	8.5716277816e-04                 	7.4200224072e-04                 	5.3600645840e-01                 	9.8010436613e-01                 
2.9150000000e+00	3.4161844271e+02	1.6012465829e-03                 	8.7002478475e-04                 	7.3122179819e-04                 	5.4334216480e-01                 	9.7218130630e-01                 
2.9330000000e+00	3.3952190947e+02	1.6030069169e-03                 	8.7948904817e-04                 	7.2351786874e-04                 	5.4864956532e-01                 	9.6470162967e-01                 
2.9500000000e+00	3.3756534254e+02	1.6040680567e-03                 	8.8420120057e-04                 	7.1986685615e-04                 	5.5122424318e-01                 	9.6020264017e-01                 
2.9670000000e+00	3.3563119666e+02	1.6049359624e-03                 	8.8982248271e-04                 	7.1511347972e-04                 	5.5442865232e-01                 	9.5517502848e-01                 
2.9850000000e+00	3.3360728994e+02	1.6057989048e-03                 	8.9696407534e-04                 	7.0883482948e-04                 	5.5857808387e-01                 	9.4881509728e-01                 
3.0030000000e+00	3.3160764585e+02	1.6067210264e-03                 	9.0555489949e-04                 	7.0116612688e-04                 	5.6360431253e-01                 	9.4085498265e-01                 
3.0210000000e+00	3.2963183068e+02	1.6076748142e-03                 	9.1420562378e-04                 	6.9346919040e-04                 	5.6865083393e-01                 	9.3222550514e-01                 
3.0400000000e+00	3.2757163174e+02	1.6087058863e-03                 	9.2295834633e-04                 	6.8574754001e-04                 	5.7372721401e-01                 	9.2276401657e-01                 
3.0580000000e+00	3.2564347956e+02	1.6097459519e-03                 	9.3049336397e-04                 	6.7925258789e-04                 	5.7803739956e-01                 	9.1361967120e-01                 
3.0770000000e+00	3.2363268134e+02	1.6105459749e-03                 	9.3091914619e-04                 	6.7962682875e-04                 	5.7801463645e-01                 	9.1042665121e-01                 
3.0960000000e+00	3.2164656346e+02	1.6110136607e-03                 	9.2708249475e-04                 	6.8393116590e-04                 	5.7546532186e-01                 	9.1173791032e-01                 
3.1150000000e+00	3.1968467431e+02	1.6112647755e-03                 	9.2200305112e-04                 	6.8926172437e-04                 	5.7222317843e-01                 	9.1500745159e-01                 
3.1350000000e+00	3.1764521866e+02	1.6114955042e-03                 	9.1896405219e-04                 	6.9253145199e-04                 	5.7025542411e-01                 	9.1683477717e-01                 
3.1550000000e+00	3.1563161981e+02	1.6117063009e-03                 	9.1646583947e-04                 	6.9524046144e-04                 	5.6863079765e-01                 	9.1832389651e-01                 
3.1750000000e+00	3.1364338913e+02	1.6118655354e-03                 	9.1309109207e-04                 	6.9877444328e-04                 	5.6648093283e-01                 	9.2086397674e-01                 
3.1950000000e+00	3.1168005023e+02	1.6119800803e-03                 	9.0860027303e-04                 	7.0337980726e-04                 	5.6365477721e-01                 	9.2480105762e-01                 
3.2150000000e+00	3.0974113856e+02	1.6120848895e-03                 	9.0381275217e-04                 	7.0827213731e-04                 	5.6064836168e-01                 	9.2933144657e-01                 
3.2360000000e+00	3.0773107555e+02	1.6122115996e-03                 	8.9974288466e-04                 	7.1246871498e-04                 	5.5807989774e-01                 	9.3331996338e-01                 
3.2570000000e+00	3.0574693291e+02	1.6123616199e-03                 	8.9666046520e-04                 	7.1570115471e-04                 	5.5611622984e-01                 	9.3637336972e-01                 
3.2790000000e+00	3.0369556587e+02	1.6125347637e-03                 	8.9305648777e-04                 	7.1947827593e-04                 	5.5382154101e-01                 	9.3997462437e-01                 
3.3000000000e+00	3.0176295772e+02	1.6126878104e-03                 	8.9038001767e-04                 	7.2230779274e-04                 	5.5210934932e-01                 	9.4269186990e-01                 
3.3220000000e+00	2.9976452754e+02	1.6128690309e-03                 	8.8813651842e-04                 	7.2473251250e-04                 	5.5065631579e-01                 	9.4496573871e-01                 
3.3450000000e+00	2.9770336636e+02	1.6130613152e-03                 	8.8593190206e-04                 	7.2712941319e-04                 	5.4922394684e-01                 	9.4720283953e-01                 
3.3670000000e+00	2.9575817062e+02	1.6132483181e-03                 	8.8392543870e-04                 	7.2932287945e-04                 	5.4791654128e-01                 	9.4923556056e-01                 
3.3900000000e+00	2.9375155177e+02	1.6134380085e-03                 	8.8199980735e-04                 	7.3143820119e-04                 	5.4665862753e-01                 	9.5118047745e-01                 
3.4130000000e+00	2.9177197787e+02	1.6136240815e-03                 	8.8033185118e-04                 	7.3329223033e-04                 	5.4556191945e-01                 	9.5286099058e-01                 
3.4360000000e+00	2.8981890585e+02	1.6138098138e-03                 	8.7886157748e-04                 	7.3494823631e-04                 	5.4458807350e-01                 	9.5433893416e-01                 
3.4600000000e+00	2.8780860130e+02	1.6140017748e-03                 	8.7746369601e-04                 	7.3653807882e-04                 	5.4365720639e-01                 	9.5573860763e-01                 
3.4840000000e+00	2.8582599325e+02	1.6141911215e-03                 	8.7620629978e-04                 	7.3798482171e-04                 	5.4281447105e-01                 	9.5699337759e-01                 
3.5090000000e+00	2.8378961541e+02	1.6143858588e-03                 	8.7500312884e-04                 	7.3938272993e-04                 	5.4200371249e-01                 	9.5818948157e-01                 
3.5340000000e+00	2.8178204881e+02	1.6145779025e-03                 	8.7393670979e-04                 	7.4064119267e-04                 	5.4127875060e-01                 	9.5924875488e-01                 
3.5590000000e+00	2.7980268628e+02	1.6147699735e-03                 	8.7298214623e-04                 	7.4178782731e-04                 	5.4062322221e-01                 	9.6020502510e-01                 
3.6240000000e+00	2.7478415024e+02	1.6150194863e-03                 	8.7098044687e-04                 	7.4403903938e-04                 	5.3930027116e-01                 	9.6218208349e-01                 
3.7320000000e+00	2.6683219734e+02	1.6154764121e-03                 	8.6948808861e-04                 	7.4598832345e-04                 	5.3822394565e-01                 	9.6434264792e-01                 
3.7750000000e+00	2.6379278423e+02	1.6158076257e-03                 	8.6840607391e-04                 	7.4740155175e-04                 	5.3744397546e-01                 	9.6524792960e-01                 
3.8470000000e+00	2.5885566948e+02	1.6169356671e-03                 	8.6702676515e-04                 	7.4990890196e-04                 	5.3621599349e-01                 	9.6662085374e-01                 
3.9690000000e+00	2.5089890665e+02	1.6175649855e-03                 	8.6496641383e-04                 	7.5259857166e-04                 	5.3473364074e-01                 	9.6815922236e-01                 
4.0990000000e+00	2.4294163466e+02	1.6183124186e-03                 	8.6382508557e-04                 	7.5448733308e-04                 	5.3378141057e-01                 	9.6923186232e-01                 
4.2390000000e+00	2.3491808457e+02	1.6191788908e-03                 	8.6307228323e-04                 	7.5610660759e-04                 	5.3303083935e-01                 	9.7007249763e-01                 
4.3480000000e+00	2.2902892375e+02	1.6197803577e-03                 	8.6274718733e-04                 	7.5703317036e-04                 	5.3263220735e-01                 	9.7046838459e-01                 
4.3870000000e+00	2.2699287907e+02	1.6199856189e-03                 	8.6276822999e-04                 	7.5721738894e-04                 	5.3257770928e-01                 	9.7049458119e-01                 
4.4440000000e+00	2.2408140425e+02	1.6202900291e-03                 	8.6305215830e-04                 	7.5723787083e-04                 	5.3265288484e-01                 	9.7032959733e-01                 
4.5050000000e+00	2.2104722763e+02	1.6206456215e-03                 	8.6362239256e-04                 	7.5702322889e-04                 	5.3288786958e-01                 	9.6994725921e-01                 
4.5470000000e+00	2.1900544546e+02	1.6209271127e-03                 	8.6409153545e-04                 	7.5683557725e-04                 	5.3308475667e-01                 	9.6963402732e-01                 
4.5600000000e+00	2.1838108783e+02	1.6210231512e-03                 	8.6423295377e-04                 	7.5679019741e-04                 	5.3314041391e-01                 	9.6954331634e-01                 
4.5800000000e+00	2.1742745862e+02	1.6211693318e-03                 	8.6438568681e-04                 	7.5678364498e-04                 	5.3318655236e-01                 	9.6945628354e-01                 
4.7190000000e+00	2.1102304736e+02	1.6221825165e-03                 	8.6433072777e-04                 	7.5785178877e-04                 	5.3281965436e-01                 	9.6976448197e-01                 
4.9040000000e+00	2.0306234920e+02	1.6235469564e-03                 	8.6366413021e-04                 	7.5988282623e-04                 	5.3196128808e-01                 	9.7076168165e-01                 
5.0000000000e+00	1.9916355210e+02	1.6239478891e-03                 	8.6302982137e-04                 	7.6091806775e-04                 	5.3143935661e-01                 	9.7130560147e-01                 
5.1000000000e+00	1.9525838441e+02	1.6244091440e-03                 	8.6234907980e-04                 	7.6206006424e-04                 	5.3086938285e-01                 	9.7189419699e-01                 
5.2000000000e+00	1.9150341548e+02	1.6253588326e-03                 	8.6200832600e-04                 	7.6335050664e-04                 	5.3034955032e-01                 	9.7252673128e-01                 
5.2630000000e+00	1.8921105082e+02	1.6254886422e-03                 	8.6130419298e-04                 	7.6418444924e-04                 	5.2987401487e-01                 	9.7291922000e-01                 
5.4000000000e+00	1.8441069639e+02	1.6262954073e-03                 	8.6037224946e-04                 	7.6592315784e-04                 	5.2903811054e-01                 	9.7374874830e-01                 
5.5560000000e+00	1.7923285826e+02	1.6271196290e-03                 	8.5937601659e-04                 	7.6774361243e-04                 	5.2815785715e-01                 	9.7463621138e-01                 
5.7140000000e+00	1.7427682193e+02	1.6277350624e-03                 	8.5848438305e-04                 	7.6925067932e-04                 	5.2741038938e-01                 	9.7534984895e-01                 
5.7470000000e+00	1.7327610240e+02	1.6278338479e-03                 	8.5831811280e-04                 	7.6951573505e-04                 	5.2727624133e-01                 	9.7547277641e-01                 
5.7800000000e+00	1.7228680977e+02	1.6279131617e-03                 	8.5823648465e-04                 	7.6967667704e-04                 	5.2720040900e-01                 	9.7552780564e-01                 
5.8140000000e+00	1.7127928457e+02	1.6279862263e-03                 	8.5827342842e-04                 	7.6971279789e-04                 	5.2719944097e-01                 	9.7549456759e-01                 
5.8480000000e+00	1.7028347478e+02	1.6280658925e-03                 	8.5840736626e-04                 	7.6965852629e-04                 	5.2725591156e-01                 	9.7539399929e-01                 
5.8820000000e+00	1.6929917723e+02	1.6281428449e-03                 	8.5868946269e-04                 	7.6945338217e-04                 	5.2740425412e-01                 	9.7518572218e-01                 
6.0610000000e+00	1.6429925103e+02	1.6288130419e-03                 	8.6073584080e-04                 	7.6807720114e-04                 	5.2844360810e-01                 	9.7375301772e-01                 
6.1350000000e+00	1.6231748337e+02	1.6292474963e-03                 	8.6185673451e-04                 	7.6739076176e-04                 	5.2899067605e-01                 	9.7299087075e-01                 
6.2500000000e+00	1.5933084168e+02	1.6299889550e-03                 	8.6295466180e-04                 	7.6703429321e-04                 	5.2942362533e-01                 	9.7229884147e-01                 
6.2890000000e+00	1.5834278271e+02	1.6302390084e-03                 	8.6319963498e-04                 	7.6703937342e-04                 	5.2949268821e-01                 	9.7215951589e-01                 
6.3290000000e+00	1.5734203831e+02	1.6304907732e-03                 	8.6338925606e-04                 	7.6710151716e-04                 	5.2952722594e-01                 	9.7206214118e-01                 
6.3690000000e+00	1.5635386411e+02	1.6307336141e-03                 	8.6355698864e-04                 	7.6717662546e-04                 	5.2955122846e-01                 	9.7197891461e-01                 
6.4100000000e+00	1.5535378479e+02	1.6309802404e-03                 	8.6369745124e-04                 	7.6728278915e-04                 	5.2955727473e-01                 	9.7191691880e-01                 
6.4520000000e+00	1.5434249233e+02	1.6312311373e-03                 	8.6384022841e-04                 	7.6739090888e-04                 	5.2956335167e-01                 	9.7185374749e-01                 
6.4940000000e+00	1.5334428095e+02	1.6314803952e-03                 	8.6396931644e-04                 	7.6751107878e-04                 	5.2956156812e-01                 	9.7180053031e-01                 
6.5790000000e+00	1.5136308869e+02	1.6319766627e-03                 	8.6415991238e-04                 	7.6781675027e-04                 	5.2951732225e-01                 	9.7174427884e-01                 
6.6670000000e+00	1.4936519581e+02	1.6324755378e-03                 	8.6433403676e-04                 	7.6814150107e-04                 	5.2946216757e-01                 	9.7169913186e-01                 
6.7570000000e+00	1.4737572303e+02	1.6329702539e-03                 	8.6459425797e-04                 	7.6837599594e-04                 	5.2946111902e-01                 	9.7158540162e-01                 
6.8970000000e+00	1.4438419030e+02	1.6337972585e-03                 	8.6491917687e-04                 	7.6887808161e-04                 	5.2939198691e-01                 	9.7148672185e-01                 
7.0420000000e+00	1.4141121279e+02	1.6346456797e-03                 	8.6509271331e-04                 	7.6955296638e-04                 	5.2922338098e-01                 	9.7150623251e-01                 
7.1430000000e+00	1.3941169823e+02	1.6352405635e-03                 	8.6507439276e-04                 	7.7016617073e-04                 	5.2901965134e-01                 	9.7162665483e-01                 
7.2460000000e+00	1.3742999731e+02	1.6358095883e-03                 	8.6509085163e-04                 	7.7071873664e-04                 	5.2884569074e-01                 	9.7170982635e-01                 
7.3530000000e+00	1.3543013198e+02	1.6364403353e-03                 	8.6503672048e-04                 	7.7140361484e-04                 	5.2860877467e-01                 	9.7186266973e-01                 
7.4630000000e+00	1.3343397568e+02	1.6370577227e-03                 	8.6489412369e-04                 	7.7216359896e-04                 	5.2832231370e-01                 	9.7207351525e-01                 
7.5760000000e+00	1.3144373818e+02	1.6376869998e-03                 	8.6476938559e-04                 	7.7291761419e-04                 	5.2804313993e-01                 	9.7227019579e-01                 
7.6920000000e+00	1.2946148732e+02	1.6383632780e-03                 	8.6452373604e-04                 	7.7383954194e-04                 	5.2767524008e-01                 	9.7256893285e-01                 
7.8120000000e+00	1.2747283160e+02	1.6390164856e-03                 	8.6414342488e-04                 	7.7487306068e-04                 	5.2723290613e-01                 	9.7295240587e-01                 
7.9370000000e+00	1.2546525898e+02	1.6396726711e-03                 	8.6372943290e-04                 	7.7594323824e-04                 	5.2676942667e-01                 	9.7334882689e-01                 
8.0650000000e+00	1.2347399386e+02	1.6403387594e-03                 	8.6329422696e-04                 	7.7704453240e-04                 	5.2629020806e-01                 	9.7375996531e-01                 
8.1970000000e+00	1.2148563627e+02	1.6410114387e-03                 	8.6284084987e-04                 	7.7817058881e-04                 	5.2579819344e-01                 	9.7417618070e-01                 
8.3330000000e+00	1.1950291137e+02	1.6416789024e-03                 	8.6232339751e-04                 	7.7935550486e-04                 	5.2526922059e-01                 	9.7461992720e-01                 
8.4750000000e+00	1.1750062071e+02	1.6423968143e-03                 	8.6176919488e-04                 	7.8062761938e-04                 	5.2470218366e-01                 	9.7510419729e-01                 
8.6960000000e+00	1.1451446188e+02	1.6434523141e-03                 	8.6070668998e-04                 	7.8274562414e-04                 	5.2371868815e-01                 	9.7594423998e-01                 
8.9290000000e+00	1.1152623592e+02	1.6445740401e-03                 	8.5938609335e-04                 	7.8518794673e-04                 	5.2255846949e-01                 	9.7696124055e-01                 
9.0910000000e+00	1.0953885826e+02	1.6452558592e-03                 	8.5821339422e-04                 	7.8704246500e-04                 	5.2162913714e-01                 	9.7776321986e-01                 
9.2590000000e+00	1.0755132957e+02	1.6459909526e-03                 	8.5686389452e-04                 	7.8912705806e-04                 	5.2057630886e-01                 	9.7869587295e-01                 
9.5240000000e+00	1.0455877368e+02	1.6469115625e-03                 	8.5412638267e-04                 	7.9278517979e-04                 	5.1862310165e-01                 	9.8038533872e-01                 
9.8040000000e+00	1.0157259899e+02	1.6475010158e-03                 	8.5013212038e-04                 	7.9736889543e-04                 	5.1601310847e-01                 	9.8259230557e-01                 
1.0000000000e+01	9.9581776049e+01	1.6472332611e-03                 	8.4599887530e-04                 	8.0123438576e-04                 	5.1358778098e-01                 	9.8457282424e-01                 
1.0200000000e+01	9.7629192204e+01	1.6450095810e-03                 	8.4088605422e-04                 	8.0412352674e-04                 	5.1117395543e-01                 	9.8644687901e-01                 
1.0310000000e+01	9.6587561638e+01	1.6427250558e-03                 	8.3791895193e-04                 	8.0480610392e-04                 	5.1007863364e-01                 	9.8728421089e-01                 
1.0420000000e+01	9.5567923271e+01	1.6392038798e-03                 	8.3488432085e-04                 	8.0431955895e-04                 	5.0932305074e-01                 	9.8791214445e-01                 
1.0530000000e+01	9.4569587890e+01	1.6342015532e-03                 	8.3330215820e-04                 	8.0089939498e-04                 	5.0991394335e-01                 	9.8772600490e-01                 
1.0640000000e+01	9.3591894782e+01	1.6299083538e-03                 	8.3538230052e-04                 	7.9452605332e-04                 	5.1253329585e-01                 	9.8625459808e-01                 
1.0750000000e+01	9.2634210278e+01	1.6286092914e-03                 	8.4283202867e-04                 	7.8577726274e-04                 	5.1751640686e-01                 	9.8294285480e-01                 
1.0870000000e+01	9.1611569502e+01	1.6298503292e-03                 	8.5258660028e-04                 	7.7726372888e-04                 	5.2310729705e-01                 	9.7855448941e-01                 
1.1000000000e+01	9.0528887317e+01	1.6327794581e-03                 	8.6464372432e-04                 	7.6813573375e-04                 	5.2955328415e-01                 	9.7250611823e-01                 
1.1110000000e+01	8.9632561700e+01	1.6355643399e-03                 	8.7294740828e-04                 	7.6261693163e-04                 	5.3372856511e-01                 	9.6778229078e-01                 
1.1360000000e+01	8.7660014127e+01	1.6410142841e-03                 	8.8771102483e-04                 	7.5330325925e-04                 	5.4095264949e-01                 	9.5818460521e-01                 
1.1630000000e+01	8.5624914917e+01	1.6455125465e-03                 	8.9687664199e-04                 	7.4863590447e-04                 	5.4504394021e-01                 	9.5124353538e-01                 
1.1900000000e+01	8.3682164747e+01	1.6493035772e-03                 	9.0468300215e-04                 	7.4462057508e-04                 	5.4852424662e-01                 	9.4489540121e-01                 
1.2200000000e+01	8.1624406597e+01	1.6528141170e-03                 	9.1013731303e-04                 	7.4267680399e-04                 	5.5065920823e-01                 	9.3999104039e-01                 
1.2500000000e+01	7.9665420839e+01	1.6558073308e-03                 	9.1409358475e-04                 	7.4171374608e-04                 	5.5205310892e-01                 	9.3619874584e-01                 
1.2820000000e+01	7.7676892394e+01	1.6584334528e-03                 	9.1588330007e-04                 	7.4255015275e-04                 	5.5225809544e-01                 	9.3416241322e-01                 
1.2990000000e+01	7.6660335680e+01	1.6596646792e-03                 	9.1640799156e-04                 	7.4325668767e-04                 	5.5216454446e-01                 	9.3348980162e-01                 
1.3160000000e+01	7.5670042590e+01	1.6608187083e-03                 	9.1685781094e-04                 	7.4396089738e-04                 	5.5205171181e-01                 	9.3292102785e-01                 
1.3330000000e+01	7.4705008288e+01	1.6618714133e-03                 	9.1661129684e-04                 	7.4526011651e-04                 	5.5155368188e-01                 	9.3297809195e-01                 
1.3510000000e+01	7.3709678792e+01	1.6629009469e-03                 	9.1639117401e-04                 	7.4650977289e-04                 	5.5107983174e-01                 	9.3307596444e-01                 
1.3700000000e+01	7.2687427773e+01	1.6639588332e-03                 	9.1619726198e-04                 	7.4776157122e-04                 	5.5061293807e-01                 	9.3318259972e-01                 
1.3890000000e+01	7.1693143304e+01	1.6649921419e-03                 	9.1591747475e-04                 	7.4907466715e-04                 	5.5010318169e-01                 	9.3339504788e-01                 
1.4080000000e+01	7.0725693216e+01	1.6659930374e-03                 	9.1532634394e-04                 	7.5066669348e-04                 	5.4941786873e-01                 	9.3391518217e-01                 
1.4290000000e+01	6.9686337333e+01	1.6670606212e-03                 	9.1447623808e-04                 	7.5258438308e-04                 	5.4855607917e-01                 	9.3471227289e-01                 
1.4710000000e+01	6.7696652650e+01	1.6690809249e-03                 	9.1165906793e-04                 	7.5742185699e-04                 	5.4620423391e-01                 	9.3743269369e-01                 
1.5150000000e+01	6.5730545247e+01	1.6710703807e-03                 	9.0879561198e-04                 	7.6227476869e-04                 	5.4384041659e-01                 	9.4029393535e-01                 
1.5380000000e+01	6.4747578705e+01	1.6720683430e-03                 	9.0749594687e-04                 	7.6457239610e-04                 	5.4273854935e-01                 	9.4161281112e-01                 
1.5630000000e+01	6.3711948847e+01	1.6731346987e-03                 	9.0631825490e-04                 	7.6681644376e-04                 	5.4168875681e-01                 	9.4282771784e-01                 
1.6130000000e+01	6.1736996930e+01	1.6752280605e-03                 	9.0457400951e-04                 	7.7065405104e-04                 	5.3997066478e-01                 	9.4468562898e-01                 
1.6390000000e+01	6.0757642495e+01	1.6762584909e-03                 	9.0401461951e-04                 	7.7224387138e-04                 	5.3930502033e-01                 	9.4531903331e-01                 
1.6670000000e+01	5.9737118206e+01	1.6773822575e-03                 	9.0405537783e-04                 	7.7332687966e-04                 	5.3896801030e-01                 	9.4543407168e-01                 
1.6950000000e+01	5.8750310353e+01	1.6786219021e-03                 	9.0420583122e-04                 	7.7441607087e-04                 	5.3865961721e-01                 	9.4548758402e-01                 
1.7240000000e+01	5.7762051072e+01	1.6799337029e-03                 	9.0413645357e-04                 	7.7579724929e-04                 	5.3819769913e-01                 	9.4575339866e-01                 
1.8180000000e+01	5.4775454372e+01	1.6841491346e-03                 	9.0212983322e-04                 	7.8201930135e-04                 	5.3565911397e-01                 	9.4816607759e-01                 
1.8320000000e+01	5.4356864655e+01	1.6847241396e-03                 	9.0172537883e-04                 	7.8299876075e-04                 	5.3523621918e-01                 	9.4859693519e-01                 
1.8610000000e+01	5.3509820553e+01	1.6858922854e-03                 	9.0106700479e-04                 	7.8482528058e-04                 	5.3447483722e-01                 	9.4930666391e-01                 
1.8870000000e+01	5.2772536327e+01	1.6868917116e-03                 	9.0034496291e-04                 	7.8654674870e-04                 	5.3373014801e-01                 	9.5000791621e-01                 
1.9230000000e+01	5.1784594929e+01	1.6881237115e-03                 	9.0004563519e-04                 	7.8807807630e-04                 	5.3316331562e-01                 	9.5035089404e-01                 
1.9610000000e+01	5.0781119862e+01	1.6896196534e-03                 	9.0063043863e-04                 	7.8898921479e-04                 	5.3303738318e-01                 	9.5004086915e-01                 
2.0000000000e+01	4.9790888024e+01	1.6914301835e-03                 	9.0121244442e-04                 	7.9021773912e-04                 	5.3281090357e-01                 	9.4988486790e-01                 
2.0410000000e+01	4.8790679103e+01	1.6937015557e-03                 	9.0142081295e-04                 	7.9228074272e-04                 	5.3221939245e-01                 	9.5036552100e-01                 
2.0830000000e+01	4.7806901608e+01	1.6945666248e-03                 	8.9992941999e-04                 	7.9463720478e-04                 	5.3106759382e-01                 	9.5113911296e-01                 
2.2220000000e+01	4.4816280850e+01	1.7023561339e-03                 	9.0678783687e-04                 	7.9556829701e-04                 	5.3266635507e-01                 	9.5211529697e-01                 
2.2600000000e+01	4.4062732765e+01	1.6931190164e-03                 	8.9810254914e-04                 	7.9501646723e-04                 	5.3044265669e-01                 	9.5170831118e-01                 
2.3050000000e+01	4.3202505878e+01	1.7022542713e-03                 	9.0640741654e-04                 	7.9584685472e-04                 	5.3247474942e-01                 	9.5260949461e-01                 
2.3600000000e+01	4.2195667817e+01	1.7186541865e-03                 	9.2044702923e-04                 	7.9820715722e-04                 	5.3556267252e-01                 	9.5417443269e-01                 
2.4600000000e+01	4.0480396768e+01	1.6978863592e-03                 	8.9369804236e-04                 	8.0418831687e-04                 	5.2635916267e-01                 	9.5469807590e-01                 
2.5000000000e+01	3.9832710419e+01	1.7041149369e-03                 	8.9676419305e-04                 	8.0735074386e-04                 	5.2623457117e-01                 	9.5593109183e-01                 
2.6000000000e+01	3.8300683096e+01	1.7251351525e-03                 	9.0847335341e-04                 	8.1666179912e-04                 	5.2660995985e-01                 	9.5966136043e-01                 
2.8570000000e+01	3.4855364385e+01	1.7273085569e-03                 	8.8876952735e-04                 	8.3853902951e-04                 	5.1454010566e-01                 	9.6563705872e-01                 
3.1000000000e+01	3.2123153564e+01	1.7242973052e-03                 	8.7376322381e-04                 	8.5053408137e-04                 	5.0673582867e-01                 	9.6941810598e-01                 
3.3330000000e+01	2.9877520567e+01	1.7198073853e-03                 	8.6704795558e-04                 	8.5275942971e-04                 	5.0415410644e-01                 	9.6984579468e-01                 
3.4480000000e+01	2.8881025536e+01	1.7166963728e-03                 	8.6581888885e-04                 	8.5087748390e-04                 	5.0435179021e-01                 	9.6873800781e-01                 
3.5640000000e+01	2.7941014604e+01	1.7139966446e-03                 	8.6610811948e-04                 	8.4788852512e-04                 	5.0531494458e-01                 	9.6691464095e-01                 
3.7000000000e+01	2.6913993527e+01	1.7120360417e-03                 	8.6822423547e-04                 	8.4381180620e-04                 	5.0712964817e-01                 	9.6407274916e-01                 
3.8240000000e+01	2.6041259427e+01	1.7114829240e-03                 	8.7150177226e-04                 	8.3998115178e-04                 	5.0920856996e-01                 	9.6100815683e-01                 
3.9600000000e+01	2.5146913144e+01	1.7115931612e-03                 	8.7583473208e-04                 	8.3575842912e-04                 	5.1170730985e-01                 	9.5740441856e-01                 
4.1140000000e+01	2.4205584844e+01	1.7107814460e-03                 	8.8102404055e-04                 	8.2975740547e-04                 	5.1498339697e-01                 	9.5306622991e-01                 
4.2760000000e+01	2.3288535091e+01	1.7120351666e-03                 	8.9609770236e-04                 	8.1593746421e-04                 	5.2341080362e-01                 	9.4353535927e-01                 
4.3580000000e+01	2.2850338699e+01	1.7162091546e-03                 	9.1206773535e-04                 	8.0414141922e-04                 	5.3144322935e-01                 	9.3444713368e-01                 
4.4580000000e+01	2.2337769414e+01	1.7288309114e-03                 	9.4239334969e-04                 	7.8643756168e-04                 	5.4510440755e-01                 	9.1720569714e-01                 
4.5500000000e+01	2.1886104626e+01	1.7469764782e-03                 	9.7712971498e-04                 	7.6984676318e-04                 	5.5932619998e-01                 	8.9624146023e-01                 
4.6150000000e+01	2.1577849631e+01	1.7610304050e-03                 	9.9887072957e-04                 	7.6215967546e-04                 	5.6720811107e-01                 	8.8207991810e-01                 
4.6710000000e+01	2.1319155652e+01	1.7712425696e-03                 	1.0107376844e-03                 	7.6050488516e-04                 	5.7063764263e-01                 	8.7341535118e-01                 
4.7360000000e+01	2.1026557443e+01	1.7786281734e-03                 	1.0148519160e-03                 	7.6377625745e-04                 	5.7058126658e-01                 	8.6897641758e-01                 
4.8000000000e+01	2.0746203343e+01	1.7817148702e-03                 	1.0111672475e-03                 	7.7054762272e-04                 	5.6752472823e-01                 	8.6959418665e-01                 
4.8780000000e+01	2.0414468235e+01	1.7826044547e-03                 	1.0023432591e-03                 	7.8026119560e-04                 	5.6229145870e-01                 	8.7392913994e-01                 
5.0030000000e+01	1.9904412562e+01	1.7830968479e-03                 	9.8856391207e-04                 	7.9453293583e-04                 	5.5440842332e-01                 	8.8230847504e-01                 
5.1280000000e+01	1.9419223098e+01	1.7845684443e-03                 	9.7923802227e-04                 	8.0533042205e-04                 	5.4872539374e-01                 	8.8862432474e-01                 
5.2750000000e+01	1.8878061810e+01	1.7873298424e-03                 	9.7315855837e-04                 	8.1417128405e-04                 	5.4447619867e-01                 	8.9291262053e-01                 
5.3500000000e+01	1.8613416084e+01	1.7890110295e-03                 	9.7159441520e-04                 	8.1741661429e-04                 	5.4309023208e-01                 	8.9400279270e-01                 
5.4240000000e+01	1.8359471985e+01	1.7909518846e-03                 	9.7156358159e-04                 	8.1938830305e-04                 	5.4248446869e-01                 	8.9390714122e-01                 
5.5000000000e+01	1.8105777463e+01	1.7929860890e-03                 	9.7109072890e-04                 	8.2189536009e-04                 	5.4160527784e-01                 	8.9410637377e-01                 
5.5740000000e+01	1.7865406539e+01	1.7948423121e-03                 	9.6924161437e-04                 	8.2560069777e-04                 	5.4001491263e-01                 	8.9542047116e-01                 
5.6400000000e+01	1.7656343271e+01	1.7964364546e-03                 	9.6647211720e-04                 	8.2996433745e-04                 	5.3799404632e-01                 	8.9756115629e-01                 
5.7000000000e+01	1.7470487026e+01	1.7978770190e-03                 	9.6316302843e-04                 	8.3471399062e-04                 	5.3572242051e-01                 	9.0021635510e-01                 
5.7460000000e+01	1.7330625835e+01	1.7989759310e-03                 	9.6019416892e-04                 	8.3878176213e-04                 	5.3374486692e-01                 	9.0263503976e-01                 
5.8400000000e+01	1.7051673981e+01	1.8011297165e-03                 	9.5346629175e-04                 	8.4766342479e-04                 	5.2937125127e-01                 	9.0812731025e-01                 
5.9290000000e+01	1.6795711933e+01	1.8025982287e-03                 	9.4678322707e-04                 	8.5581500166e-04                 	5.2523252935e-01                 	9.1335591100e-01                 
6.0000000000e+01	1.6596962675e+01	1.8027507340e-03                 	9.4372366899e-04                 	8.5902706499e-04                 	5.2349093594e-01                 	9.1525375190e-01                 
6.1000000000e+01	1.6324881319e+01	1.8035514160e-03                 	9.4320570034e-04                 	8.6034571567e-04                 	5.2297133975e-01                 	9.1509272906e-01                 
6.1250000000e+01	1.6258249151e+01	1.8038453728e-03                 	9.4345009302e-04                 	8.6039527980e-04                 	5.2302159999e-01                 	9.1478838028e-01                 
6.2500000000e+01	1.5933084168e+01	1.8058385474e-03                 	9.4596786524e-04                 	8.5987068216e-04                 	5.2383856054e-01                 	9.1241547399e-01                 
6.3780000000e+01	1.5613323306e+01	1.8087314929e-03                 	9.5001117764e-04                 	8.5872031526e-04                 	5.2523615659e-01                 	9.0908814318e-01                 
6.4670000000e+01	1.5398449984e+01	1.8111393226e-03                 	9.5326723141e-04                 	8.5787209114e-04                 	5.2633567144e-01                 	9.0652813377e-01                 
6.5580000000e+01	1.5184778293e+01	1.8137951640e-03                 	9.5663892497e-04                 	8.5715623901e-04                 	5.2742390319e-01                 	9.0391608008e-01                 
6.6550000000e+01	1.4963452449e+01	1.8167334041e-03                 	9.6010244007e-04                 	8.5663096408e-04                 	5.2847734174e-01                 	9.0124424833e-01                 
6.7600000000e+01	1.4731031960e+01	1.8199396826e-03                 	9.6353533152e-04                 	8.5640435107e-04                 	5.2943256347e-01                 	8.9858505363e-01                 
6.9000000000e+01	1.4432141456e+01	1.8241182962e-03                 	9.6741741930e-04                 	8.5670087694e-04                 	5.3034796115e-01                 	8.9553384424e-01                 
7.0530000000e+01	1.4119066503e+01	1.8284890730e-03                 	9.7075478176e-04                 	8.5773429126e-04                 	5.3090543230e-01                 	8.9284157871e-01                 
7.3000000000e+01	1.3641339185e+01	1.8350193350e-03                 	9.7387660995e-04                 	8.6114272501e-04                 	5.3071735616e-01                 	8.9015953444e-01                 
7.5000000000e+01	1.3277570140e+01	1.8400122792e-03                 	9.7490753171e-04                 	8.6510474748e-04                 	5.2983751399e-01                 	8.8913977679e-01                 
7.6290000000e+01	1.3053057550e+01	1.8431308552e-03                 	9.7478300266e-04                 	8.6834785252e-04                 	5.2887346545e-01                 	8.8911166258e-01                 
8.0000000000e+01	1.2447722006e+01	1.8517301008e-03                 	9.7432913801e-04                 	8.7740096277e-04                 	5.2617232803e-01                 	8.8903560454e-01                 
8.2970000000e+01	1.2002142467e+01	1.8583629852e-03                 	9.7383372873e-04                 	8.8452925643e-04                 	5.2402772575e-01                 	8.8892360423e-01                 
8.5000000000e+01	1.1715503065e+01	1.8627884227e-03                 	9.7338448001e-04                 	8.8940394272e-04                 	5.2254161993e-01                 	8.8885393552e-01                 
8.6800000000e+01	1.1472554844e+01	1.8667386555e-03                 	9.7306632592e-04                 	8.9367232961e-04                 	5.2126542890e-01                 	8.8876829037e-01                 
9.0800000000e+01	1.0967155952e+01	1.8766541617e-03                 	9.7347512306e-04                 	9.0317903863e-04                 	5.1872909934e-01                 	8.8868897772e-01                 
9.5170000000e+01	1.0463567936e+01	1.8906705099e-03                 	9.7761768193e-04                 	9.1305282799e-04                 	5.1707459169e-01                 	8.8857623246e-01                 
1.0000000000e+02	9.9581776049e+00	1.9081192550e-03                 	9.8497778628e-04                 	9.2314146873e-04                 	5.1620347297e-01                 	8.8779890051e-01                 
1.2000000000e+02	8.2984813374e+00	1.8861817792e-03                 	9.4964076363e-04                 	9.3654101558e-04                 	5.0347255715e-01                 	8.6082098220e-01                 
1.6000000000e+02	6.2238610030e+00	2.1905594146e-03                 	1.3338190059e-03                 	8.5674040871e-04                 	6.0889423816e-01                 	8.4004755787e-01                 
2.1000000000e+02	4.7419893356e+00	1.6146664653e-03                 	9.4240793241e-04                 	6.7225853284e-04                 	5.8365486166e-01                 	4.7511484994e-01                 
3.0000000000e+02	3.3193925350e+00	2.8009342386e-03                 	2.4598050019e-03                 	3.4112923666e-04                 	8.7820876622e-01                 	6.0170561491e-01                 
5.0000000000e+02	1.9916355210e+00	2.6199064825e-03                 	2.5133729010e-03                 	1.0653358154e-04                 	9.5933687624e-01                 	5.3524963472e-01                 
1.3000000000e+03	7.6601366191e-01	1.5046865668e-04                 	1.4294069553e-04                 	7.5279611562e-06                 	9.4996990521e-01                 	1.3192777750e-01                 
5.0000000000e+03	1.9916355210e-01	9.4176874035e-07                 	5.9594495887e-07                 	3.4582378148e-07                 	6.3279331044e-01                 	9.0208986433e-03                 
1.9000000000e+04	5.2411461078e-02	2.6407960233e-08                 	2.8296993518e-09                 	2.3578260882e-08                 	1.0715327222e-01                 	6.2704613220e-04                 
3.9000000000e+04	2.5533788730e-02	6.0592408118e-09                 	1.5931116024e-10                 	5.8999296516e-09                 	2.6292264194e-02                 	1.4885853948e-04                 
6.1000000000e+04	1.6324881319e-02	2.6799399172e-09                 	2.6615781835e-11                 	2.6533241354e-09                 	9.9314845324e-03                 	6.0850067479e-05                 
8.6000000000e+04	1.1579276285e-02	1.5453293947e-09                 	6.7367268187e-12                 	1.5385926679e-09                 	4.3594115543e-03                 	3.0614695121e-05                 
1.1000000000e+05	9.0528887317e-03	1.1024728018e-09                 	2.5168989003e-12                 	1.0999559029e-09                 	2.2829578164e-03                 	1.8713019728e-05                 
1.4000000000e+05	7.1129840035e-03	8.3704934924e-10                 	9.5922529119e-13                 	8.3609012395e-10                 	1.1459602616e-03                 	1.1552463927e-05                 
1.8000000000e+05	5.5323208916e-03	6.6820921764e-10                 	3.5102686467e-13                 	6.6785819078e-10                 	5.2532478661e-04                 	6.9885423988e-06                 
2.4000000000e+05	4.1492406687e-03	5.5555315360e-10                 	1.1106668505e-13                 	5.5544208691e-10                 	1.9992089746e-04                 	3.9310606899e-06                 
3.4000000000e+05	2.9288757661e-03	4.8258001306e-10                 	2.7574781544e-14                 	4.8255243828e-10                 	5.7140330717e-05                 	1.9587309976e-06                 
5.4000000000e+05	1.8441069639e-03	4.3884121243e-10                 	4.3336327456e-15                 	4.3883687880e-10                 	9.8751726657e-06                 	7.7650695214e-07                 
1.0000000000e+06	9.9581776049e-04	4.1867072299e-10                 	3.6849102149e-16                 	4.1867035450e-10                 	8.8014518631e-07                 	2.2642948237e-07                 
2.0000000000e+06	4.9790888024e-04	4.1241755721e-10                 	2.3030696380e-17                 	4.1241753418e-10                 	5.5843152110e-08                 	5.6607372366e-08                 
