#wavelengths (mu)	size parameter  	extinction cross section (cm^2)  	scattering cross section (cm^2)  	absorption cross section (cm^2)  	single scattering albedo         	asymmetry parameter              
2.8830000000e-02	8.6763132890e+03	9.9749943466e-05                 	5.1992018910e-05                 	4.7757924555e-05                 	5.2122354263e-01                 	9.9523184058e-01                 
2.9520000000e-02	8.4735132833e+03	9.9751870821e-05                 	5.2401969221e-05                 	4.7349901600e-05                 	5.2532317228e-01                 	9.9425857369e-01                 
3.0240000000e-02	8.2717629670e+03	9.9757733551e-05                 	5.3344497282e-05                 	4.6413236269e-05                 	5.3474046957e-01                 	9.9139608038e-01                 
3.0990000000e-02	8.0715750927e+03	9.9769208535e-05                 	5.5137720250e-05                 	4.4631488285e-05                 	5.5265267771e-01                 	9.8392747527e-01                 
3.1790000000e-02	7.8684527248e+03	9.9777614277e-05                 	5.6219050186e-05                 	4.3558564091e-05                 	5.6344351981e-01                 	9.7787232120e-01                 
3.2630000000e-02	7.6658937212e+03	9.9787146190e-05                 	5.6956112994e-05                 	4.2831033196e-05                 	5.7077604851e-01                 	9.7121743312e-01                 
3.3510000000e-02	7.4645810839e+03	9.9796418187e-05                 	5.7116077246e-05                 	4.2680340941e-05                 	5.7232592395e-01                 	9.6620353318e-01                 
3.3970000000e-02	7.3635005041e+03	9.9803684604e-05                 	5.7780500985e-05                 	4.2023183619e-05                 	5.7894156127e-01                 	9.5791321726e-01                 
3.4440000000e-02	7.2630113857e+03	9.9804636302e-05                 	5.6602130169e-05                 	4.3202506134e-05                 	5.6712926639e-01                 	9.6535074989e-01                 
3.4930000000e-02	7.1611254544e+03	9.9810943748e-05                 	5.7924225151e-05                 	4.1886718597e-05                 	5.8033941947e-01                 	9.5359911032e-01                 
3.5420000000e-02	7.0620585015e+03	9.9811770901e-05                 	5.5591057031e-05                 	4.4220713870e-05                 	5.5695892909e-01                 	9.6899248404e-01                 
3.5940000000e-02	6.9598806935e+03	9.9814244022e-05                 	5.6558230686e-05                 	4.3256013336e-05                 	5.6663486500e-01                 	9.6273789438e-01                 
3.6460000000e-02	6.8606174471e+03	9.9815121155e-05                 	5.4783824046e-05                 	4.5031297109e-05                 	5.4885295346e-01                 	9.7437823806e-01                 
3.7010000000e-02	6.7586628512e+03	9.9815103032e-05                 	5.6993377962e-05                 	4.2821725070e-05                 	5.7098952193e-01                 	9.6277378291e-01                 
3.7460000000e-02	6.6774722937e+03	9.9820057836e-05                 	5.9402553356e-05                 	4.0417504479e-05                 	5.9509636284e-01                 	9.4560159953e-01                 
3.7920000000e-02	6.5964692015e+03	9.9825781320e-05                 	5.9579905107e-05                 	4.0245876212e-05                 	5.9683885585e-01                 	9.3962771927e-01                 
3.8390000000e-02	6.5157101360e+03	9.9829202729e-05                 	5.9151636987e-05                 	4.0677565742e-05                 	5.9252839219e-01                 	9.4051928460e-01                 
3.8870000000e-02	6.4352485753e+03	9.9831996343e-05                 	5.9005568072e-05                 	4.0826428271e-05                 	5.9104866409e-01                 	9.4043508384e-01                 
3.9360000000e-02	6.3551349625e+03	9.9834549230e-05                 	5.8702673435e-05                 	4.1131875796e-05                 	5.8799958419e-01                 	9.4185433869e-01                 
3.9870000000e-02	6.2738427921e+03	9.9836661784e-05                 	5.8556715116e-05                 	4.1279946668e-05                 	5.8652517091e-01                 	9.4280557203e-01                 
4.0390000000e-02	6.1930703670e+03	9.9838998315e-05                 	5.8746574093e-05                 	4.1092424221e-05                 	5.8841309593e-01                 	9.4112316043e-01                 
4.0920000000e-02	6.1128570900e+03	9.9842224548e-05                 	5.9514268781e-05                 	4.0327955767e-05                 	5.9608316071e-01                 	9.3413127357e-01                 
4.1470000000e-02	6.0317847148e+03	9.9846662924e-05                 	6.0393624332e-05                 	3.9453038592e-05                 	6.0486372366e-01                 	9.2433857518e-01                 
4.2030000000e-02	5.9514183232e+03	9.9851484679e-05                 	6.0459122777e-05                 	3.9392361902e-05                 	6.0549047389e-01                 	9.1983541361e-01                 
4.2610000000e-02	5.8704086393e+03	9.9856328995e-05                 	6.0632582097e-05                 	3.9223746898e-05                 	6.0719818871e-01                 	9.1436116858e-01                 
4.2900000000e-02	5.8307252243e+03	9.9859123270e-05                 	6.0474915071e-05                 	3.9384208200e-05                 	6.0560230343e-01                 	9.1310639519e-01                 
4.3200000000e-02	5.7902340769e+03	9.9861773944e-05                 	5.9882774783e-05                 	3.9978999160e-05                 	5.9965662954e-01                 	9.1626930489e-01                 
4.3500000000e-02	5.7503014281e+03	9.9862671612e-05                 	5.8547307243e-05                 	4.1315364369e-05                 	5.8627819883e-01                 	9.2912772074e-01                 
4.3810000000e-02	5.7096122375e+03	9.9862512540e-05                 	5.7897559515e-05                 	4.1964953025e-05                 	5.7977270992e-01                 	9.3675344221e-01                 
4.4120000000e-02	5.6694948351e+03	9.9862244622e-05                 	5.7506455864e-05                 	4.2355788757e-05                 	5.7585783378e-01                 	9.4184068312e-01                 
4.4440000000e-02	5.6286703898e+03	9.9862111467e-05                 	5.7510122026e-05                 	4.2351989441e-05                 	5.7589531386e-01                 	9.4321146540e-01                 
4.5090000000e-02	5.5475296545e+03	9.9865610128e-05                 	5.8327544741e-05                 	4.1538065387e-05                 	5.8406036539e-01                 	9.3522952400e-01                 
4.5750000000e-02	5.4674997185e+03	9.9869515435e-05                 	5.8803931084e-05                 	4.1065584351e-05                 	5.8880761389e-01                 	9.2957475666e-01                 
4.6440000000e-02	5.3862642576e+03	9.9874414321e-05                 	5.9486352047e-05                 	4.0388062274e-05                 	5.9561152324e-01                 	9.2069987520e-01                 
4.7140000000e-02	5.3062815469e+03	9.9880014590e-05                 	5.9882183356e-05                 	3.9997831234e-05                 	5.9954119552e-01                 	9.1317636833e-01                 
4.7500000000e-02	5.2660655184e+03	9.9883433082e-05                 	5.9869151892e-05                 	4.0014281191e-05                 	5.9939020961e-01                 	9.1060717791e-01                 
4.7870000000e-02	5.2253626932e+03	9.9886091440e-05                 	5.9235674521e-05                 	4.0650416919e-05                 	5.9303225972e-01                 	9.1555096622e-01                 
4.8240000000e-02	5.1852842480e+03	9.9887623466e-05                 	5.8623625160e-05                 	4.1263998306e-05                 	5.8689578474e-01                 	9.2183117274e-01                 
4.8620000000e-02	5.1447575509e+03	9.9888837003e-05                 	5.8154253361e-05                 	4.1734583642e-05                 	5.8218971315e-01                 	9.2702848497e-01                 
4.9010000000e-02	5.1038178356e+03	9.9890333301e-05                 	5.7885648337e-05                 	4.2004684964e-05                 	5.7949199311e-01                 	9.2987844009e-01                 
4.9400000000e-02	5.0635245369e+03	9.9891123703e-05                 	5.7462542103e-05                 	4.2428581600e-05                 	5.7525173382e-01                 	9.3495146413e-01                 
5.0200000000e-02	4.9828309188e+03	9.9891999170e-05                 	5.7216986794e-05                 	4.2675012376e-05                 	5.7278848426e-01                 	9.3945535898e-01                 
5.1020000000e-02	4.9027462196e+03	9.9896230367e-05                 	5.8148175611e-05                 	4.1748054756e-05                 	5.8208578439e-01                 	9.2935814855e-01                 
5.1880000000e-02	4.8214747903e+03	9.9902222595e-05                 	5.8621741713e-05                 	4.1280480882e-05                 	5.8679116631e-01                 	9.2192615909e-01                 
5.2760000000e-02	4.7410559538e+03	9.9907412925e-05                 	5.8574601827e-05                 	4.1332811098e-05                 	5.8628884596e-01                 	9.2067927988e-01                 
5.3670000000e-02	4.6606691284e+03	9.9912741462e-05                 	5.8535397265e-05                 	4.1377344197e-05                 	5.8586519005e-01                 	9.1940117427e-01                 
5.4140000000e-02	4.6202089421e+03	9.9915021395e-05                 	5.8307329857e-05                 	4.1607691538e-05                 	5.8356920754e-01                 	9.2148959062e-01                 
5.4620000000e-02	4.5796065932e+03	9.9917139946e-05                 	5.8133298684e-05                 	4.1783841262e-05                 	5.8181507913e-01                 	9.2319917241e-01                 
5.5100000000e-02	4.5397116538e+03	9.9919107909e-05                 	5.7995668662e-05                 	4.1923439247e-05                 	5.8042620552e-01                 	9.2465240650e-01                 
5.5600000000e-02	4.4988869087e+03	9.9920974760e-05                 	5.7905364247e-05                 	4.2015610514e-05                 	5.7951160290e-01                 	9.2574224167e-01                 
5.6610000000e-02	4.4186205992e+03	9.9924398679e-05                 	5.8984369569e-05                 	4.0940029110e-05                 	5.9028996270e-01                 	9.1451808454e-01                 
5.7140000000e-02	4.3776358439e+03	9.9930999167e-05                 	6.0276587830e-05                 	3.9654411337e-05                 	6.0318207896e-01                 	8.9548170132e-01                 
5.7670000000e-02	4.3374044065e+03	9.9937782934e-05                 	6.0674377764e-05                 	3.9263405170e-05                 	6.0712151083e-01                 	8.8585619643e-01                 
5.8210000000e-02	4.2971673617e+03	9.9943262119e-05                 	5.9754256397e-05                 	4.0189005721e-05                 	5.9788178943e-01                 	8.9348949792e-01                 
5.8760000000e-02	4.2569454071e+03	9.9945971650e-05                 	5.8446100462e-05                 	4.1499871187e-05                 	5.8477694996e-01                 	9.0895387021e-01                 
5.9320000000e-02	4.2167584646e+03	9.9946796723e-05                 	5.7324783250e-05                 	4.2622013473e-05                 	5.7355298148e-01                 	9.2381932358e-01                 
5.9900000000e-02	4.1759284161e+03	9.9945378823e-05                 	5.6222448540e-05                 	4.3722930283e-05                 	5.6253174686e-01                 	9.3967836969e-01                 
6.0480000000e-02	4.1358814835e+03	9.9939375118e-05                 	5.5313871668e-05                 	4.4625503450e-05                 	5.5347425979e-01                 	9.5451852082e-01                 
6.1080000000e-02	4.0952539640e+03	9.9942486708e-05                 	5.7020545048e-05                 	4.2921941660e-05                 	5.7053358313e-01                 	9.3533457745e-01                 
6.1680000000e-02	4.0554168632e+03	9.9950334607e-05                 	5.8317905331e-05                 	4.1632429276e-05                 	5.8346883540e-01                 	9.1655178107e-01                 
6.2300000000e-02	4.0150579795e+03	9.9959378816e-05                 	5.8673412319e-05                 	4.1285966497e-05                 	5.8697255839e-01                 	9.0697729676e-01                 
6.2940000000e-02	3.9742312063e+03	9.9957497290e-05                 	5.7349452878e-05                 	4.2608044412e-05                 	5.7373838314e-01                 	9.2622827218e-01                 
6.3580000000e-02	3.9342263624e+03	9.9962341863e-05                 	5.7742452100e-05                 	4.2219889763e-05                 	5.7764205023e-01                 	9.1987948830e-01                 
6.4910000000e-02	3.8536144219e+03	9.9969637519e-05                 	5.7107610047e-05                 	4.2862027473e-05                 	5.7124954600e-01                 	9.2619595135e-01                 
6.6300000000e-02	3.7728222040e+03	9.9976533902e-05                 	5.6387990477e-05                 	4.3588543426e-05                 	5.6401225643e-01                 	9.3426789385e-01                 
6.7750000000e-02	3.6920754557e+03	9.9976653124e-05                 	5.5218934790e-05                 	4.4757718334e-05                 	5.5231829697e-01                 	9.5154227018e-01                 
6.9270000000e-02	3.6110597968e+03	9.9978675047e-05                 	5.5058524905e-05                 	4.4920150142e-05                 	5.5070268614e-01                 	9.5498037716e-01                 
7.0050000000e-02	3.5708509939e+03	9.9979841153e-05                 	5.5393520554e-05                 	4.4586320599e-05                 	5.5404689500e-01                 	9.5179824003e-01                 
7.0850000000e-02	3.5305308698e+03	9.9984729708e-05                 	5.5766594220e-05                 	4.4218135488e-05                 	5.5775111243e-01                 	9.4664272791e-01                 
7.1670000000e-02	3.4901369070e+03	9.9989932822e-05                 	5.5893795973e-05                 	4.4096136848e-05                 	5.5899423468e-01                 	9.4415836441e-01                 
7.2510000000e-02	3.4497050355e+03	9.9994852911e-05                 	5.5664069055e-05                 	4.4330783857e-05                 	5.5666934281e-01                 	9.4612214302e-01                 
7.3360000000e-02	3.4097343528e+03	9.9996314279e-05                 	5.5117484591e-05                 	4.4878829688e-05                 	5.5119516142e-01                 	9.5343179410e-01                 
7.4240000000e-02	3.3693172430e+03	9.9997760252e-05                 	5.4908528192e-05                 	4.5089232060e-05                 	5.4909758032e-01                 	9.5657658992e-01                 
7.6060000000e-02	3.2886946111e+03	9.9998607208e-05                 	5.4572652757e-05                 	4.5425954451e-05                 	5.4573412851e-01                 	9.6226552915e-01                 
7.7980000000e-02	3.2077213660e+03	1.0000112055e-04                 	5.4673704072e-05                 	4.5327416476e-05                 	5.4673091434e-01                 	9.6240901907e-01                 
7.9990000000e-02	3.1271172912e+03	1.0000571560e-04                 	5.5086333544e-05                 	4.4919382060e-05                 	5.5083185207e-01                 	9.5875929193e-01                 
8.2110000000e-02	3.0463781771e+03	1.0001173464e-04                 	5.5735151717e-05                 	4.4276582923e-05                 	5.5728612165e-01                 	9.5239038767e-01                 
8.4340000000e-02	2.9658301177e+03	1.0002034503e-04                 	5.6458754930e-05                 	4.3561590103e-05                 	5.6447270715e-01                 	9.4436621601e-01                 
8.6700000000e-02	2.8850993324e+03	1.0003230062e-04                 	5.7777046886e-05                 	4.2255253739e-05                 	5.7758390565e-01                 	9.2829182483e-01                 
8.9200000000e-02	2.8042389251e+03	1.0004242345e-04                 	5.9839130941e-05                 	4.0203292505e-05                 	5.9813755884e-01                 	9.0471099253e-01                 
9.1840000000e-02	2.7236292696e+03	1.0007440025e-04                 	6.5539822367e-05                 	3.4534577881e-05                 	6.5491096829e-01                 	8.2219591165e-01                 
9.4650000000e-02	2.6427692776e+03	1.0009978432e-04                 	6.5658631077e-05                 	3.4441153246e-05                 	6.5593179367e-01                 	8.1057092807e-01                 
9.6110000000e-02	2.6026231622e+03	1.0011134763e-04                 	6.5871756269e-05                 	3.4239591360e-05                 	6.5798491209e-01                 	8.0440314678e-01                 
9.7630000000e-02	2.5621029614e+03	1.0012858744e-04                 	6.6858323205e-05                 	3.3270264235e-05                 	6.6772462205e-01                 	7.8659674369e-01                 
9.9190000000e-02	2.5218077641e+03	1.0014219128e-04                 	6.5530116721e-05                 	3.4612074562e-05                 	6.5437070911e-01                 	7.9740426318e-01                 
1.0080000000e-01	2.4815288901e+03	1.0014409277e-04                 	6.3003329936e-05                 	3.7140762832e-05                 	6.2912677318e-01                 	8.2851554163e-01                 
1.0250000000e-01	2.4403718256e+03	1.0014552820e-04                 	6.1445576793e-05                 	3.8699951408e-05                 	6.1356286094e-01                 	8.4953930379e-01                 
1.0420000000e-01	2.4005576979e+03	1.0014603745e-04                 	5.9946117350e-05                 	4.0199920104e-05                 	5.9858701227e-01                 	8.7082697033e-01                 
1.0600000000e-01	2.3597935106e+03	1.0014820541e-04                 	5.8961832945e-05                 	4.1186372468e-05                 	5.8874577634e-01                 	8.8591799482e-01                 
1.0690000000e-01	2.3399262126e+03	1.0014813782e-04                 	5.8304121762e-05                 	4.1844016059e-05                 	5.8217879064e-01                 	8.9686582386e-01                 
1.0780000000e-01	2.3203906505e+03	1.0014968741e-04                 	5.7915059161e-05                 	4.2234628250e-05                 	5.7828497181e-01                 	9.0297915689e-01                 
1.0880000000e-01	2.2990635305e+03	1.0015192280e-04                 	5.7605301184e-05                 	4.2546621615e-05                 	5.7517918353e-01                 	9.0788728701e-01                 
1.0970000000e-01	2.2802015690e+03	1.0015356790e-04                 	5.7256217584e-05                 	4.2897350312e-05                 	5.7168425236e-01                 	9.1353776134e-01                 
1.1070000000e-01	2.2596035422e+03	1.0015528149e-04                 	5.6861991932e-05                 	4.3293289558e-05                 	5.6773832679e-01                 	9.2001541223e-01                 
1.1170000000e-01	2.2393743252e+03	1.0015716410e-04                 	5.6528840293e-05                 	4.3628323806e-05                 	5.6440136661e-01                 	9.2554373754e-01                 
1.1270000000e-01	2.2195041005e+03	1.0015902585e-04                 	5.6194024625e-05                 	4.3965001225e-05                 	5.6104803485e-01                 	9.3106349494e-01                 
1.1370000000e-01	2.1999833960e+03	1.0016043617e-04                 	5.5833388215e-05                 	4.4327047958e-05                 	5.5743954747e-01                 	9.3707891877e-01                 
1.1480000000e-01	2.1789034157e+03	1.0016256128e-04                 	5.5583611652e-05                 	4.4578949628e-05                 	5.5493400869e-01                 	9.4125639521e-01                 
1.1590000000e-01	2.1582235731e+03	1.0016330606e-04                 	5.5357732900e-05                 	4.4805573160e-05                 	5.5267477760e-01                 	9.4539000907e-01                 
1.1700000000e-01	2.1379325822e+03	1.0016459446e-04                 	5.5508074470e-05                 	4.4656519989e-05                 	5.5416861387e-01                 	9.4398860628e-01                 
1.1750000000e-01	2.1288349968e+03	1.0016513012e-04                 	5.5595946644e-05                 	4.4569183474e-05                 	5.5504292340e-01                 	9.4312439890e-01                 
1.1810000000e-01	2.1180195777e+03	1.0016792794e-04                 	5.5675347974e-05                 	4.4492579963e-05                 	5.5582010250e-01                 	9.4181182501e-01                 
1.1920000000e-01	2.0984740950e+03	1.0017317535e-04                 	5.5732132356e-05                 	4.4441042997e-05                 	5.5635784889e-01                 	9.4055723506e-01                 
1.2040000000e-01	2.0775590708e+03	1.0017354665e-04                 	5.5481383739e-05                 	4.4692162908e-05                 	5.5385264470e-01                 	9.4504224095e-01                 
1.2160000000e-01	2.0570568431e+03	1.0017255500e-04                 	5.5138582634e-05                 	4.5033972367e-05                 	5.5043602146e-01                 	9.5088074998e-01                 
1.2280000000e-01	2.0369553104e+03	1.0017021823e-04                 	5.5032493460e-05                 	4.5137724769e-05                 	5.4938977305e-01                 	9.5364409801e-01                 
1.2400000000e-01	2.0172428397e+03	1.0016607367e-04                 	5.5255704066e-05                 	4.4910369599e-05                 	5.5164091038e-01                 	9.5261433539e-01                 
1.2520000000e-01	1.9979082438e+03	1.0016075429e-04                 	5.5989160269e-05                 	4.4171594023e-05                 	5.5899299745e-01                 	9.4616581787e-01                 
1.2650000000e-01	1.9773763804e+03	1.0017611022e-04                 	6.0179159491e-05                 	3.9996950728e-05                 	6.0073364158e-01                 	8.9315412965e-01                 
1.2780000000e-01	1.9572622232e+03	1.0020958350e-04                 	6.5722625406e-05                 	3.4486958099e-05                 	6.5585169708e-01                 	8.1334081925e-01                 
1.2910000000e-01	1.9375531535e+03	1.0024443924e-04                 	6.8785678837e-05                 	3.1458760398e-05                 	6.8617949646e-01                 	7.6553508097e-01                 
1.3050000000e-01	1.9167671427e+03	1.0027092725e-04                 	6.7770229506e-05                 	3.2500697745e-05                 	6.7587117586e-01                 	7.6827871458e-01                 
1.3190000000e-01	1.8964223815e+03	1.0027534058e-04                 	6.5436327138e-05                 	3.4839013444e-05                 	6.5256649100e-01                 	7.9247735926e-01                 
1.3330000000e-01	1.8765049672e+03	1.0027076702e-04                 	6.3610168787e-05                 	3.6660598237e-05                 	6.3438398523e-01                 	8.1440187142e-01                 
1.3480000000e-01	1.8556239772e+03	1.0026441876e-04                 	6.2099966187e-05                 	3.8164452569e-05                 	6.1936195270e-01                 	8.3467828007e-01                 
1.3620000000e-01	1.8365500156e+03	1.0025977571e-04                 	6.0714694081e-05                 	3.9545081631e-05                 	6.0557380714e-01                 	8.5564843233e-01                 
1.3780000000e-01	1.8152257774e+03	1.0025811616e-04                 	5.9406478495e-05                 	4.0851637670e-05                 	5.9253535541e-01                 	8.7683573067e-01                 
1.3930000000e-01	1.7956791969e+03	1.0025923697e-04                 	5.8613712051e-05                 	4.1645524921e-05                 	5.8462156527e-01                 	8.9005872065e-01                 
1.4090000000e-01	1.7752882337e+03	1.0026256335e-04                 	5.8208240712e-05                 	4.2054322633e-05                 	5.8055807442e-01                 	8.9695121984e-01                 
1.4250000000e-01	1.7553551728e+03	1.0026652838e-04                 	5.7943601834e-05                 	4.2322926550e-05                 	5.7789576210e-01                 	9.0158142601e-01                 
1.4420000000e-01	1.7346609717e+03	1.0027099222e-04                 	5.7744435764e-05                 	4.2526556460e-05                 	5.7588375744e-01                 	9.0494873010e-01                 
1.4590000000e-01	1.7144490207e+03	1.0027479800e-04                 	5.7408051604e-05                 	4.2866746394e-05                 	5.7250727750e-01                 	9.1068577419e-01                 
1.4760000000e-01	1.6947026567e+03	1.0027948751e-04                 	5.7273524413e-05                 	4.3005963099e-05                 	5.7113898200e-01                 	9.1306867117e-01                 
1.4940000000e-01	1.6742845524e+03	1.0028260966e-04                 	5.6665043379e-05                 	4.3617566282e-05                 	5.6505353790e-01                 	9.2305770248e-01                 
1.5120000000e-01	1.6543525934e+03	1.0028301299e-04                 	5.5590083702e-05                 	4.4692929293e-05                 	5.5433200541e-01                 	9.4115029239e-01                 
1.5310000000e-01	1.6338217644e+03	1.0027498587e-04                 	5.4679197400e-05                 	4.5595788473e-05                 	5.4529249667e-01                 	9.5690051377e-01                 
1.5500000000e-01	1.6137942718e+03	1.0026313957e-04                 	5.6282470055e-05                 	4.3980669516e-05                 	5.6134757295e-01                 	9.3945492309e-01                 
1.5690000000e-01	1.5942518300e+03	1.0031029254e-04                 	6.1981284372e-05                 	3.8329008165e-05                 	6.1789555991e-01                 	8.5547664254e-01                 
1.5890000000e-01	1.5741857276e+03	1.0035925505e-04                 	6.6723249610e-05                 	3.3636005445e-05                 	6.6484401039e-01                 	7.8462959025e-01                 
1.6100000000e-01	1.5536528703e+03	1.0039657650e-04                 	6.7742778967e-05                 	3.2653797534e-05                 	6.7475188227e-01                 	7.6214813782e-01                 
1.6310000000e-01	1.5336487561e+03	1.0039023117e-04                 	6.6390701998e-05                 	3.3999529170e-05                 	6.6132631856e-01                 	7.7286684716e-01                 
1.6420000000e-01	1.5233746171e+03	1.0038069436e-04                 	6.6129756583e-05                 	3.4250937774e-05                 	6.5878959103e-01                 	7.7416298564e-01                 
1.6530000000e-01	1.5132372179e+03	1.0035256069e-04                 	6.4595547531e-05                 	3.5757013158e-05                 	6.4368609119e-01                 	7.9381816677e-01                 
1.6640000000e-01	1.5032338469e+03	1.0034102281e-04                 	6.3116122030e-05                 	3.7224900777e-05                 	6.2901613183e-01                 	8.1556020081e-01                 
1.6750000000e-01	1.4933618634e+03	1.0033841669e-04                 	6.1995189672e-05                 	3.8343227018e-05                 	6.1786095214e-01                 	8.3303689976e-01                 
1.6980000000e-01	1.4731337581e+03	1.0034376246e-04                 	6.0432880737e-05                 	3.9910881721e-05                 	6.0225846885e-01                 	8.5850833761e-01                 
1.7220000000e-01	1.4526022771e+03	1.0032398058e-04                 	7.3156627790e-05                 	2.7167352795e-05                 	7.2920379916e-01                 	8.0170055972e-01                 
1.7460000000e-01	1.4326352355e+03	1.0008644148e-04                 	9.7997830539e-05                 	2.0886109372e-06                 	9.7913192930e-01                 	7.0519588032e-01                 
1.7710000000e-01	1.4124117003e+03	1.0004268243e-04                 	9.9816015818e-05                 	2.2666661272e-07                 	9.9773430093e-01                 	7.0840415800e-01                 
1.7970000000e-01	1.3919761387e+03	1.0041609238e-04                 	1.0035467165e-04                 	6.1420729151e-08                 	9.9938833779e-01                 	7.1470173750e-01                 
1.8000000000e-01	1.3896561785e+03	1.0015740348e-04                 	1.0010252059e-04                 	5.4882892109e-08                 	9.9945203360e-01                 	7.3587184207e-01                 
1.8200000000e-01	1.3743852314e+03	1.0041282002e-04                 	1.0037475254e-04                 	3.8067485314e-08                 	9.9962089019e-01                 	7.4145026462e-01                 
1.8230000000e-01	1.3721234894e+03	1.0039095169e-04                 	1.0035448418e-04                 	3.6467503732e-08                 	9.9963674511e-01                 	7.3858867963e-01                 
1.8400000000e-01	1.3594462615e+03	1.0039272203e-04                 	1.0036082508e-04                 	3.1896953965e-08                 	9.9968227822e-01                 	7.4242535265e-01                 
1.8500000000e-01	1.3520979034e+03	1.0045344167e-04                 	1.0042474917e-04                 	2.8692506112e-08                 	9.9971437010e-01                 	7.4486993589e-01                 
1.8600000000e-01	1.3448285598e+03	1.0051455959e-04                 	1.0048822262e-04                 	2.6336972119e-08                 	9.9973797854e-01                 	7.4919253568e-01                 
1.8790000000e-01	1.3312299740e+03	1.0033361747e-04                 	1.0031143243e-04                 	2.2185040514e-08                 	9.9977888727e-01                 	7.4971703254e-01                 
1.8880000000e-01	1.3248840684e+03	1.0042943847e-04                 	1.0040879215e-04                 	2.0646322012e-08                 	9.9979441962e-01                 	7.5240653466e-01                 
1.9000000000e-01	1.3165163796e+03	1.0025731697e-04                 	1.0023837948e-04                 	1.8937484969e-08                 	9.9981111119e-01                 	7.5505454041e-01                 
1.9070000000e-01	1.3116838601e+03	1.0035993555e-04                 	1.0034253338e-04                 	1.7402171838e-08                 	9.9982660240e-01                 	7.5441516999e-01                 
1.9370000000e-01	1.2913686738e+03	1.0055689855e-04                 	1.0054291113e-04                 	1.3987414629e-08                 	9.9986090050e-01                 	7.5607741465e-01                 
2.0000000000e-01	1.2506905606e+03	1.0058418743e-04                 	1.0057516750e-04                 	9.0199333275e-09                 	9.9991032454e-01                 	7.7124798095e-01                 
2.1000000000e-01	1.1911338673e+03	1.0038085733e-04                 	1.0037618705e-04                 	4.6702827230e-09                 	9.9995347437e-01                 	7.8018709597e-01                 
2.2000000000e-01	1.1369914187e+03	1.0053507101e-04                 	1.0053223127e-04                 	2.8397434757e-09                 	9.9997175370e-01                 	7.8746212615e-01                 
2.3000000000e-01	1.0875570092e+03	9.9938133972e-05                 	9.9936090100e-05                 	2.0438712631e-09                 	9.9997954863e-01                 	7.9306145462e-01                 
2.4000000000e-01	1.0422421338e+03	1.0018012780e-04                 	1.0017892953e-04                 	1.1982671761e-09                 	9.9998803887e-01                 	7.9646320069e-01                 
2.5000000000e-01	1.0005524485e+03	1.0105706634e-04                 	1.0105618476e-04                 	8.8157446630e-10                 	9.9999127647e-01                 	8.0023379714e-01                 
2.6000000000e-01	9.6206966201e+02	1.0059215293e-04                 	1.0059153464e-04                 	6.1829336204e-10                 	9.9999385346e-01                 	8.0849653243e-01                 
2.7000000000e-01	9.2643745231e+02	1.0042347742e-04                 	1.0042297828e-04                 	4.9914094106e-10                 	9.9999502964e-01                 	8.0989210696e-01                 
2.8000000000e-01	8.9335040044e+02	1.0054571577e-04                 	1.0054535056e-04                 	3.6520839033e-10                 	9.9999636774e-01                 	8.1084318418e-01                 
2.9000000000e-01	8.6254521422e+02	1.0082052250e-04                 	1.0082023008e-04                 	2.9242143747e-10                 	9.9999709958e-01                 	8.1218771271e-01                 
3.0000000000e-01	8.3379370708e+02	1.0100399849e-04                 	1.0100377000e-04                 	2.2849614706e-10                 	9.9999773775e-01                 	8.1497793574e-01                 
3.1000000000e-01	8.0689713588e+02	1.0111360311e-04                 	1.0111340240e-04                 	2.0070910168e-10                 	9.9999801501e-01                 	8.1507843996e-01                 
3.2000000000e-01	7.8168160038e+02	1.0056162226e-04                 	1.0056147279e-04                 	1.4946582208e-10                 	9.9999851369e-01                 	8.1598459636e-01                 
3.3000000000e-01	7.5799427916e+02	1.0066101972e-04                 	1.0066090089e-04                 	1.1882968120e-10                 	9.9999881951e-01                 	8.1782800371e-01                 
3.4000000000e-01	7.3570032977e+02	1.0067217561e-04                 	1.0067208067e-04                 	9.4938137445e-11                 	9.9999905696e-01                 	8.1986221626e-01                 
3.5000000000e-01	7.1468032035e+02	1.0053392044e-04                 	1.0053384390e-04                 	7.6545365149e-11                 	9.9999923861e-01                 	8.1835603261e-01                 
3.6000000000e-01	6.9482808923e+02	1.0060101049e-04                 	1.0060094722e-04                 	6.3275189968e-11                 	9.9999937103e-01                 	8.2043873179e-01                 
3.7000000000e-01	6.7604895168e+02	1.0046597663e-04                 	1.0046593010e-04                 	4.6527862156e-11                 	9.9999953688e-01                 	8.2151069484e-01                 
3.8000000000e-01	6.5825818980e+02	1.0094082638e-04                 	1.0094079002e-04                 	3.6356802048e-11                 	9.9999963982e-01                 	8.2155774276e-01                 
3.9000000000e-01	6.4137977467e+02	1.0147138825e-04                 	1.0147136000e-04                 	2.8245125786e-11                 	9.9999972164e-01                 	8.2287284113e-01                 
4.0000000000e-01	6.2534528031e+02	1.0124027532e-04                 	1.0124025358e-04                 	2.1738182269e-11                 	9.9999978528e-01                 	8.2535634501e-01                 
4.2000000000e-01	5.9556693363e+02	1.0050033918e-04                 	1.0050032538e-04                 	1.3796568304e-11                 	9.9999986272e-01                 	8.2459389162e-01                 
4.4000000000e-01	5.6849570937e+02	1.0056618796e-04                 	1.0056617822e-04                 	9.7399094342e-12                 	9.9999990315e-01                 	8.2395593220e-01                 
4.6000000000e-01	5.4377850461e+02	1.0149818145e-04                 	1.0149817366e-04                 	7.7912150896e-12                 	9.9999992324e-01                 	8.2760469901e-01                 
4.8000000000e-01	5.2112106692e+02	1.0151838206e-04                 	1.0151837495e-04                 	7.1111836538e-12                 	9.9999992995e-01                 	8.2874750055e-01                 
5.0000000000e-01	5.0027622425e+02	1.0079891476e-04                 	1.0079890781e-04                 	6.9583477709e-12                 	9.9999993097e-01                 	8.2671246005e-01                 
5.2000000000e-01	4.8103483101e+02	1.0174401555e-04                 	1.0174400884e-04                 	6.7146087063e-12                 	9.9999993400e-01                 	8.2735333660e-01                 
5.4000000000e-01	4.6321872615e+02	1.0173102920e-04                 	1.0173102281e-04                 	6.3939094355e-12                 	9.9999993715e-01                 	8.3031143454e-01                 
5.6000000000e-01	4.4667520022e+02	1.0123933245e-04                 	1.0123932626e-04                 	6.1966611073e-12                 	9.9999993879e-01                 	8.2903883448e-01                 
5.8000000000e-01	4.3127260711e+02	1.0091905915e-04                 	1.0091905324e-04                 	5.9100933184e-12                 	9.9999994144e-01                 	8.2760241203e-01                 
6.0000000000e-01	4.1689685354e+02	1.0123366514e-04                 	1.0123365939e-04                 	5.7464903264e-12                 	9.9999994324e-01                 	8.2787985463e-01                 
6.2000000000e-01	4.0344856794e+02	1.0222089446e-04                 	1.0222088887e-04                 	5.5896978167e-12                 	9.9999994532e-01                 	8.2997883741e-01                 
6.4000000000e-01	3.9084080019e+02	1.0172662363e-04                 	1.0172661820e-04                 	5.4318741547e-12                 	9.9999994660e-01                 	8.3093918913e-01                 
6.6000000000e-01	3.7899713958e+02	1.0193227931e-04                 	1.0193227396e-04                 	5.3514215988e-12                 	9.9999994750e-01                 	8.2951289586e-01                 
6.8000000000e-01	3.6785016489e+02	1.0187722184e-04                 	1.0187721658e-04                 	5.2619102536e-12                 	9.9999994835e-01                 	8.2855665602e-01                 
7.0000000000e-01	3.5734016018e+02	1.0090010157e-04                 	1.0090009643e-04                 	5.1367386530e-12                 	9.9999994909e-01                 	8.2901069200e-01                 
7.2000000000e-01	3.4741404461e+02	1.0183900719e-04                 	1.0183900224e-04                 	4.9470141712e-12                 	9.9999995142e-01                 	8.2732721970e-01                 
7.4000000000e-01	3.3802447584e+02	1.0054678708e-04                 	1.0054678222e-04                 	4.8633664233e-12                 	9.9999995163e-01                 	8.2951696818e-01                 
7.6000000000e-01	3.2912909490e+02	1.0206654741e-04                 	1.0206654260e-04                 	4.8137364594e-12                 	9.9999995284e-01                 	8.2919946438e-01                 
7.8000000000e-01	3.2068988734e+02	1.0131258657e-04                 	1.0131258189e-04                 	4.6768690848e-12                 	9.9999995384e-01                 	8.2583057027e-01                 
8.0000000000e-01	3.1267264015e+02	1.0137283885e-04                 	1.0137283428e-04                 	4.5693508739e-12                 	9.9999995493e-01                 	8.2607717733e-01                 
8.2000000000e-01	3.0504647820e+02	1.0292504543e-04                 	1.0292504094e-04                 	4.4918483144e-12                 	9.9999995636e-01                 	8.3174074689e-01                 
8.4000000000e-01	2.9778346681e+02	1.0329247299e-04                 	1.0329246855e-04                 	4.4307587727e-12                 	9.9999995710e-01                 	8.2858783562e-01                 
8.6000000000e-01	2.9085826991e+02	1.0240893117e-04                 	1.0240892695e-04                 	4.2261797649e-12                 	9.9999995873e-01                 	8.3115046789e-01                 
8.8000000000e-01	2.8424785468e+02	1.0256187548e-04                 	1.0256187130e-04                 	4.1806967424e-12                 	9.9999995924e-01                 	8.3098516370e-01                 
9.0000000000e-01	2.7793123569e+02	1.0200616477e-04                 	1.0200616053e-04                 	4.2387982336e-12                 	9.9999995845e-01                 	8.2664563124e-01                 
9.2000000000e-01	2.7188925231e+02	1.0281131148e-04                 	1.0281130740e-04                 	4.0787795757e-12                 	9.9999996033e-01                 	8.2978239257e-01                 
9.4000000000e-01	2.6610437460e+02	1.0244378779e-04                 	1.0244378370e-04                 	4.0971545774e-12                 	9.9999996001e-01                 	8.2922587379e-01                 
9.6000000000e-01	2.6056053346e+02	1.0388957157e-04                 	1.0388952589e-04                 	4.5671332245e-11                 	9.9999956039e-01                 	8.2879242321e-01                 
9.8000000000e-01	2.5524297155e+02	1.0195676800e-04                 	1.0195676411e-04                 	3.8892297534e-12                 	9.9999996185e-01                 	8.2995859466e-01                 
1.0000000000e+00	2.5013811212e+02	1.0144241942e-04                 	1.0144241557e-04                 	3.8492780794e-12                 	9.9999996205e-01                 	8.2924494324e-01                 
1.1000000000e+00	2.2739828375e+02	1.0247447093e-04                 	1.0247446733e-04                 	3.6033320785e-12                 	9.9999996484e-01                 	8.3103049187e-01                 
1.2000000000e+00	2.0844842677e+02	1.0470123644e-04                 	1.0470123310e-04                 	3.3410420703e-12                 	9.9999996809e-01                 	8.2982946730e-01                 
1.3000000000e+00	1.9241393240e+02	1.0035404018e-04                 	1.0035403682e-04                 	3.3670752906e-12                 	9.9999996645e-01                 	8.1982435277e-01                 
1.4000000000e+00	1.7867008009e+02	1.0247081453e-04                 	1.0247081145e-04                 	3.0795666090e-12                 	9.9999996995e-01                 	8.2431998488e-01                 
1.5000000000e+00	1.6675874142e+02	1.0206617538e-04                 	1.0206617226e-04                 	3.1217029087e-12                 	9.9999996941e-01                 	8.1910540232e-01                 
1.6000000000e+00	1.5633632008e+02	1.0531653038e-04                 	1.0531652726e-04                 	3.1191806611e-12                 	9.9999997038e-01                 	8.2530962840e-01                 
1.7000000000e+00	1.4714006595e+02	1.0213635793e-04                 	1.0213635521e-04                 	2.7150107120e-12                 	9.9999997342e-01                 	8.2109236108e-01                 
1.8000000000e+00	1.3896561785e+02	1.0378008056e-04                 	1.0378007787e-04                 	2.6828784944e-12                 	9.9999997415e-01                 	8.2225761570e-01                 
1.9000000000e+00	1.3165163796e+02	1.0373186188e-04                 	1.0373185931e-04                 	2.5720486518e-12                 	9.9999997520e-01                 	8.2620623337e-01                 
2.0000000000e+00	1.2506905606e+02	1.0290608055e-04                 	1.0290607805e-04                 	2.4989518721e-12                 	9.9999997572e-01                 	8.2442250734e-01                 
2.2000000000e+00	1.1369914187e+02	1.0107503582e-04                 	1.0107503338e-04                 	2.4394380248e-12                 	9.9999997587e-01                 	8.1182044465e-01                 
2.4000000000e+00	1.0422421338e+02	1.0580856280e-04                 	1.0580856052e-04                 	2.2750327357e-12                 	9.9999997850e-01                 	8.2898693167e-01                 
2.6000000000e+00	9.6206966201e+01	1.0683256865e-04                 	1.0683256631e-04                 	2.3382918673e-12                 	9.9999997811e-01                 	8.1474893126e-01                 
2.8000000000e+00	8.9335040044e+01	1.0490186637e-04                 	1.0490186420e-04                 	2.1682553960e-12                 	9.9999997933e-01                 	8.1743816033e-01                 
3.0000000000e+00	8.3379370708e+01	1.0773391632e-04                 	1.0773391406e-04                 	2.2641471527e-12                 	9.9999997898e-01                 	8.1248354347e-01                 
3.2000000000e+00	7.8168160038e+01	1.1018970249e-04                 	1.1018970010e-04                 	2.3946651162e-12                 	9.9999997827e-01                 	8.2342870034e-01                 
3.4000000000e+00	7.3570032977e+01	1.0340325650e-04                 	1.0340325404e-04                 	2.4598999410e-12                 	9.9999997621e-01                 	8.1290097514e-01                 
3.6000000000e+00	6.9482808923e+01	1.0280745703e-04                 	1.0280745439e-04                 	2.6402777848e-12                 	9.9999997432e-01                 	8.0976276718e-01                 
3.8000000000e+00	6.5825818980e+01	1.0757861555e-04                 	1.0757861003e-04                 	5.5230599890e-12                 	9.9999994866e-01                 	8.1006016456e-01                 
4.0000000000e+00	6.2534528031e+01	1.0403894342e-04                 	1.0403894120e-04                 	2.2237181336e-12                 	9.9999997863e-01                 	8.0819110253e-01                 
4.2000000000e+00	5.9556693363e+01	1.0874382434e-04                 	1.0874382287e-04                 	1.4713114194e-12                 	9.9999998647e-01                 	8.1046363930e-01                 
4.4000000000e+00	5.6849570937e+01	1.0550039123e-04                 	1.0550039031e-04                 	9.2137855640e-13                 	9.9999999127e-01                 	8.1189138572e-01                 
4.6000000000e+00	5.4377850461e+01	1.0075652855e-04                 	1.0075652802e-04                 	5.3593049577e-13                 	9.9999999468e-01                 	8.0977149930e-01                 
4.8000000000e+00	5.2112106692e+01	1.1140892273e-04                 	1.1140892238e-04                 	3.5341693719e-13                 	9.9999999683e-01                 	8.1974998871e-01                 
5.0000000000e+00	5.0027622425e+01	1.0507749961e-04                 	1.0507749935e-04                 	2.5823814670e-13                 	9.9999999754e-01                 	8.0707132386e-01                 
5.2000000000e+00	4.8103483101e+01	1.0164800153e-04                 	1.0164800132e-04                 	2.1202325250e-13                 	9.9999999791e-01                 	7.8995196520e-01                 
5.4000000000e+00	4.6321872615e+01	1.1182423647e-04                 	1.1182423613e-04                 	3.3641431382e-13                 	9.9999999699e-01                 	7.8296905328e-01                 
5.6000000000e+00	4.4667520022e+01	1.1219021416e-04                 	1.1219021396e-04                 	2.0155953666e-13                 	9.9999999820e-01                 	8.2412418228e-01                 
5.8000000000e+00	4.3127260711e+01	1.0400728335e-04                 	1.0400728313e-04                 	2.2257722787e-13                 	9.9999999786e-01                 	8.0771205881e-01                 
6.0000000000e+00	4.1689685354e+01	9.9157773567e-05                 	9.9157773294e-05                 	2.7238084518e-13                 	9.9999999725e-01                 	7.9088190142e-01                 
6.2000000000e+00	4.0344856794e+01	1.0561890188e-04                 	1.0561890154e-04                 	3.3502031035e-13                 	9.9999999683e-01                 	7.9928122830e-01                 
6.4000000000e+00	3.9084080019e+01	1.1490374439e-04                 	1.1490374397e-04                 	4.1342230320e-13                 	9.9999999640e-01                 	8.1859249609e-01                 
6.6000000000e+00	3.7899713958e+01	1.1476147611e-04                 	1.1476147556e-04                 	5.4813932511e-13                 	9.9999999522e-01                 	8.0359187066e-01                 
6.8000000000e+00	3.6785016489e+01	1.0493909523e-04                 	1.0493909455e-04                 	6.7579713152e-13                 	9.9999999356e-01                 	8.0081614137e-01                 
7.0000000000e+00	3.5734016018e+01	1.0023302050e-04                 	1.0023301956e-04                 	9.3843243445e-13                 	9.9999999064e-01                 	7.7978146269e-01                 
7.2000000000e+00	3.4741404461e+01	1.0522034364e-04                 	1.0522034208e-04                 	1.5605942633e-12                 	9.9999998517e-01                 	7.6771805929e-01                 
7.4000000000e+00	3.3802447584e+01	1.0675136280e-04                 	1.0675136107e-04                 	1.7225189409e-12                 	9.9999998386e-01                 	7.9568175530e-01                 
7.6000000000e+00	3.2912909490e+01	1.1297924870e-04                 	1.1297924619e-04                 	2.5101086981e-12                 	9.9999997778e-01                 	8.1186348336e-01                 
7.8000000000e+00	3.2068988734e+01	1.1700604775e-04                 	1.1700604401e-04                 	3.7380250872e-12                 	9.9999996805e-01                 	8.0862824031e-01                 
8.0000000000e+00	3.1267264015e+01	1.1328914928e-04                 	1.1328914490e-04                 	4.3822295682e-12                 	9.9999996132e-01                 	8.1242047271e-01                 
8.2000000000e+00	3.0504647820e+01	1.0696721305e-04                 	1.0696720699e-04                 	6.0563786851e-12                 	9.9999994338e-01                 	8.0213249810e-01                 
8.4000000000e+00	2.9778346681e+01	1.0097060582e-04                 	1.0097059275e-04                 	1.3070116601e-11                 	9.9999987056e-01                 	7.8539583069e-01                 
8.6000000000e+00	2.9085826991e+01	1.0192823348e-04                 	1.0192821905e-04                 	1.4420789452e-11                 	9.9999985852e-01                 	7.3812276784e-01                 
8.8000000000e+00	2.8424785468e+01	9.9183041479e-05                 	9.9183025520e-05                 	1.5958553647e-11                 	9.9999983910e-01                 	7.6489975967e-01                 
9.0000000000e+00	2.7793123569e+01	1.0309510433e-04                 	1.0309508479e-04                 	1.9541267458e-11                 	9.9999981045e-01                 	7.8549318513e-01                 
9.2000000000e+00	2.7188925231e+01	1.1193886198e-04                 	1.1193883544e-04                 	2.6534937133e-11                 	9.9999976295e-01                 	8.0001340367e-01                 
9.4000000000e+00	2.6610437460e+01	1.1898730629e-04                 	1.1898726859e-04                 	3.7699687615e-11                 	9.9999968316e-01                 	8.1031109385e-01                 
9.6000000000e+00	2.6056053346e+01	1.2373926162e-04                 	1.2373921396e-04                 	4.7662249656e-11                 	9.9999961482e-01                 	7.8515860321e-01                 
9.8000000000e+00	2.5524297155e+01	1.2000415141e-04                 	1.2000408336e-04                 	6.8052686583e-11                 	9.9999943291e-01                 	8.1775953522e-01                 
1.0000000000e+01	2.5013811212e+01	1.2412926681e-04                 	1.2412918311e-04                 	8.3692776972e-11                 	9.9999932576e-01                 	7.8110559458e-01                 
1.0200000000e+01	2.4523344326e+01	1.1901980109e-04                 	1.1901956440e-04                 	2.3669080414e-10                 	9.9999801133e-01                 	7.7223003771e-01                 
1.0400000000e+01	2.4051741550e+01	1.0697790130e-04                 	1.0697779699e-04                 	1.0431560432e-10                 	9.9999902489e-01                 	7.9411950426e-01                 
1.0600000000e+01	2.3597935106e+01	1.0908767050e-04                 	1.0908752840e-04                 	1.4209932867e-10                 	9.9999869738e-01                 	7.5225962984e-01                 
1.0800000000e+01	2.3160936308e+01	9.8776162485e-05                 	9.8776012312e-05                 	1.5017307148e-10                 	9.9999847966e-01                 	7.6232810036e-01                 
1.1000000000e+01	2.2739828375e+01	1.0019592411e-04                 	1.0019572558e-04                 	1.9853234028e-10                 	9.9999801856e-01                 	7.2570486984e-01                 
1.1200000000e+01	2.2333760011e+01	9.8438331431e-05                 	9.8438081866e-05                 	2.4956476238e-10                 	9.9999746476e-01                 	7.4974070746e-01                 
1.1400000000e+01	2.1941939660e+01	1.0671022337e-04                 	1.0670838002e-04                 	1.8433447565e-09                 	9.9998272570e-01                 	6.8524309306e-01                 
1.1600000000e+01	2.1563630355e+01	1.0425361701e-04                 	1.0425332166e-04                 	2.9534920534e-10                 	9.9999716701e-01                 	7.6687792834e-01                 
1.1800000000e+01	2.1198145095e+01	1.0834413658e-04                 	1.0834372643e-04                 	4.1014086169e-10                 	9.9999621446e-01                 	7.5239403351e-01                 
1.2000000000e+01	2.0844842677e+01	1.1362919874e-04                 	1.1362878613e-04                 	4.1260579107e-10                 	9.9999636884e-01                 	7.8948016182e-01                 
1.2200000000e+01	2.0503123944e+01	1.2552857126e-04                 	1.2552703860e-04                 	1.5326641507e-09                 	9.9998779032e-01                 	7.4088477743e-01                 
1.2400000000e+01	2.0172428397e+01	1.2414281021e-04                 	1.2414185418e-04                 	9.5602876704e-10                 	9.9999229896e-01                 	7.9104658804e-01                 
1.2600000000e+01	1.9852231121e+01	1.3116721680e-04                 	1.3116643970e-04                 	7.7709263306e-10                 	9.9999407556e-01                 	7.9094084182e-01                 
1.2800000000e+01	1.9542040010e+01	1.2497242630e-04                 	1.2497152412e-04                 	9.0217496428e-10                 	9.9999278101e-01                 	8.1005474488e-01                 
1.3000000000e+01	1.9241393240e+01	1.3057858864e-04                 	1.3057753028e-04                 	1.0583616446e-09                 	9.9999189483e-01                 	8.1930746924e-01                 
1.3200000000e+01	1.8949856979e+01	1.2672560889e-04                 	1.2672424186e-04                 	1.3670279378e-09                 	9.9998921269e-01                 	7.9381947638e-01                 
1.3400000000e+01	1.8667023293e+01	1.2311791965e-04                 	1.2311615348e-04                 	1.7661711590e-09                 	9.9998565464e-01                 	8.0983124175e-01                 
1.3600000000e+01	1.8392508244e+01	1.2626658686e-04                 	1.2626380141e-04                 	2.7854492098e-09                 	9.9997793993e-01                 	7.9630215234e-01                 
1.3800000000e+01	1.8125950154e+01	1.1492558837e-04                 	1.1492288837e-04                 	2.6999936579e-09                 	9.9997650659e-01                 	7.8799553150e-01                 
1.4000000000e+01	1.7867008009e+01	1.1134012918e-04                 	1.1133697203e-04                 	3.1571522226e-09                 	9.9997164408e-01                 	7.9985399229e-01                 
1.4200000000e+01	1.7615360009e+01	1.1669746027e-04                 	1.1668971613e-04                 	7.7441344540e-09                 	9.9993363922e-01                 	7.3698487716e-01                 
1.4400000000e+01	1.7370702231e+01	1.0252352220e-04                 	1.0251834249e-04                 	5.1797137581e-09                 	9.9994947780e-01                 	7.6020710386e-01                 
1.4600000000e+01	1.7132747406e+01	9.8362977610e-05                 	9.8357388402e-05                 	5.5892078621e-09                 	9.9994317773e-01                 	7.8086876604e-01                 
1.4800000000e+01	1.6901223792e+01	1.0930038874e-04                 	1.0928535359e-04                 	1.5035144874e-08                 	9.9986244198e-01                 	6.9152391505e-01                 
1.5000000000e+01	1.6675874142e+01	9.3575155239e-05                 	9.3566750176e-05                 	8.4050629199e-09                 	9.9991017848e-01                 	7.4187292503e-01                 
1.5200000000e+01	1.6456454745e+01	9.3122634729e-05                 	9.3112529351e-05                 	1.0105377432e-08                 	9.9989148312e-01                 	7.4191380056e-01                 
1.5400000000e+01	1.6242734553e+01	9.7919970211e-05                 	9.7905406505e-05                 	1.4563705601e-08                 	9.9985126930e-01                 	7.5336448684e-01                 
1.5600000000e+01	1.6034494367e+01	9.3531685621e-05                 	9.3518281473e-05                 	1.3404147723e-08                 	9.9985668870e-01                 	7.6049023182e-01                 
1.5800000000e+01	1.5831526084e+01	1.0444468556e-04                 	1.0442308350e-04                 	2.1602060515e-08                 	9.9979317224e-01                 	6.8095991384e-01                 
1.6000000000e+01	1.5633632008e+01	9.7490837736e-05                 	9.7473060502e-05                 	1.7777234121e-08                 	9.9981765226e-01                 	7.7339237150e-01                 
1.6200000000e+01	1.5440624205e+01	1.0617877577e-04                 	1.0615413702e-04                 	2.4638752973e-08                 	9.9976795030e-01                 	7.6841328748e-01                 
1.6400000000e+01	1.5252323910e+01	1.0389205133e-04                 	1.0386746201e-04                 	2.4589320518e-08                 	9.9976331856e-01                 	7.8535742851e-01                 
1.6600000000e+01	1.5068560971e+01	1.1771024480e-04                 	1.1767396471e-04                 	3.6280097513e-08                 	9.9969178471e-01                 	7.1634473975e-01                 
1.6800000000e+01	1.4889173341e+01	1.1299985280e-04                 	1.1296713322e-04                 	3.2719582528e-08                 	9.9971044580e-01                 	7.9800290101e-01                 
1.7000000000e+01	1.4714006595e+01	1.2564759348e-04                 	1.2559484767e-04                 	5.2745800377e-08                 	9.9958020843e-01                 	7.5152316096e-01                 
1.7200000000e+01	1.4542913496e+01	1.2034476675e-04                 	1.2030238160e-04                 	4.2385153351e-08                 	9.9964780227e-01                 	8.1293202309e-01                 
1.7400000000e+01	1.4375753570e+01	1.3283106193e-04                 	1.3277347132e-04                 	5.7590616207e-08                 	9.9956643713e-01                 	7.6472894431e-01                 
1.7600000000e+01	1.4212392734e+01	1.2979685494e-04                 	1.2973929691e-04                 	5.7558039169e-08                 	9.9955655290e-01                 	8.0241098639e-01                 
1.7800000000e+01	1.4052702928e+01	1.4325652226e-04                 	1.4316707035e-04                 	8.9451909153e-08                 	9.9937558229e-01                 	7.7083656317e-01                 
1.8000000000e+01	1.3896561785e+01	1.3402173585e-04                 	1.3394825119e-04                 	7.3484658017e-08                 	9.9945169597e-01                 	8.2279246967e-01                 
1.8200000000e+01	1.3743852314e+01	1.3773899652e-04                 	1.3765589061e-04                 	8.3105918088e-08                 	9.9939664205e-01                 	8.1755441891e-01                 
1.8400000000e+01	1.3594462615e+01	1.4605226208e-04                 	1.4594843491e-04                 	1.0382716149e-07                 	9.9928910953e-01                 	7.7556598714e-01                 
1.8600000000e+01	1.3448285598e+01	1.4173446162e-04                 	1.4162452913e-04                 	1.0993249203e-07                 	9.9922437711e-01                 	8.0239035300e-01                 
1.8800000000e+01	1.3305218730e+01	1.5069337310e-04                 	1.5053579373e-04                 	1.5757936853e-07                 	9.9895430459e-01                 	7.6042641417e-01                 
1.9000000000e+01	1.3165163796e+01	1.3762007522e-04                 	1.3748759718e-04                 	1.3247804216e-07                 	9.9903736398e-01                 	8.1695425839e-01                 
1.9200000000e+01	1.3028026673e+01	1.3827071080e-04                 	1.3812468203e-04                 	1.4602877469e-07                 	9.9894389221e-01                 	8.1678822427e-01                 
1.9400000000e+01	1.2893717120e+01	1.4334031108e-04                 	1.4316539292e-04                 	1.7491815387e-07                 	9.9877970019e-01                 	7.8057533476e-01                 
1.9600000000e+01	1.2762148578e+01	1.3959930783e-04                 	1.3940681676e-04                 	1.9249106877e-07                 	9.9862111731e-01                 	7.7357839934e-01                 
1.9800000000e+01	1.2633237986e+01	1.4180097532e-04                 	1.4155850367e-04                 	2.4247165778e-07                 	9.9829005649e-01                 	7.4719735593e-01                 
2.0000000000e+01	1.2506905606e+01	1.3143456889e-04                 	1.3119122178e-04                 	2.4334710480e-07                 	9.9814853043e-01                 	7.5270717331e-01                 
2.0500000000e+01	1.2201859128e+01	1.2535198609e-04                 	1.2506441691e-04                 	2.8756917654e-07                 	9.9770590650e-01                 	7.6112646271e-01                 
2.1000000000e+01	1.1911338673e+01	1.2196207826e-04                 	1.2155120706e-04                 	4.1087120245e-07                 	9.9663115611e-01                 	6.8876511522e-01                 
2.1500000000e+01	1.1634330796e+01	1.0022784105e-04                 	9.9809546326e-05                 	4.1829472583e-07                 	9.9582656155e-01                 	7.1099779742e-01                 
2.2000000000e+01	1.1369914187e+01	1.0204430754e-04                 	1.0149255518e-04                 	5.5175235856e-07                 	9.9459301188e-01                 	6.7138019160e-01                 
2.2500000000e+01	1.1117249428e+01	9.4277235431e-05                 	9.3573571726e-05                 	7.0366370434e-07                 	9.9253622891e-01                 	5.9828656377e-01                 
2.3000000000e+01	1.0875570092e+01	8.3507147962e-05                 	8.2766092925e-05                 	7.4105503656e-07                 	9.9112584905e-01                 	6.3657754809e-01                 
2.3500000000e+01	1.0644174984e+01	9.1700142671e-05                 	9.0757990081e-05                 	9.4215258968e-07                 	9.8972572384e-01                 	6.2792917626e-01                 
2.4000000000e+01	1.0422421338e+01	9.1496359241e-05                 	9.0346379553e-05                 	1.1499796883e-06                 	9.8743141587e-01                 	5.9128665541e-01                 
2.4500000000e+01	1.0209718862e+01	8.8138191275e-05                 	8.6915224535e-05                 	1.2229667404e-06                 	9.8612444024e-01                 	6.4704357943e-01                 
2.5000000000e+01	1.0005524485e+01	1.0140359293e-04                 	9.9938796100e-05                 	1.4647968348e-06                 	9.8555478369e-01                 	6.9182755633e-01                 
2.5500000000e+01	9.8093377303e+00	1.1315463693e-04                 	1.1138797078e-04                 	1.7666661553e-06                 	9.8438715193e-01                 	6.9546911995e-01                 
2.6000000000e+01	9.6206966201e+00	1.1544991005e-04                 	1.1355632213e-04                 	1.8935879271e-06                 	9.8359818621e-01                 	7.2140731009e-01                 
2.6500000000e+01	9.4391740424e+00	1.2651666030e-04                 	1.2444839562e-04                 	2.0682646806e-06                 	9.8365223461e-01                 	7.7146702039e-01                 
2.7000000000e+01	9.2643745231e+00	1.4265285741e-04                 	1.4028388108e-04                 	2.3689763280e-06                 	9.8339341832e-01                 	7.9995001205e-01                 
2.7500000000e+01	9.0959313499e+00	1.5320508537e-04                 	1.5056474236e-04                 	2.6403430162e-06                 	9.8276595708e-01                 	8.1219262561e-01                 
2.8000000000e+01	8.9335040044e+00	1.5920503789e-04                 	1.5641291807e-04                 	2.7921198251e-06                 	9.8246211388e-01                 	8.2955468024e-01                 
2.8500000000e+01	8.7767758640e+00	1.6845856078e-04                 	1.6545412674e-04                 	3.0044340426e-06                 	9.8216514478e-01                 	8.5117990759e-01                 
2.9000000000e+01	8.6254521422e+00	1.7829681654e-04                 	1.7496355619e-04                 	3.3332603446e-06                 	9.8130499238e-01                 	8.6788684438e-01                 
2.9410000000e+01	8.5052061245e+00	1.7114392248e-04                 	1.6742204024e-04                 	3.7218822480e-06                 	9.7825291022e-01                 	8.4667817571e-01                 
2.9500000000e+01	8.4792580381e+00	1.8379609585e-04                 	1.8011070028e-04                 	3.6853955688e-06                 	9.7994845564e-01                 	8.7908757209e-01                 
3.0000000000e+01	8.3379370708e+00	1.8502677549e-04                 	1.8103303818e-04                 	3.9937373111e-06                 	9.7841535475e-01                 	8.8822474536e-01                 
3.0500000000e+01	8.2012495778e+00	1.8507912030e-04                 	1.8074695217e-04                 	4.3321681372e-06                 	9.7659288563e-01                 	8.9708811582e-01                 
3.1000000000e+01	8.0689713588e+00	1.8396026336e-04                 	1.7917735828e-04                 	4.7829050817e-06                 	9.7400033575e-01                 	9.0497564011e-01                 
3.1250000000e+01	8.0044195879e+00	1.8349371405e-04                 	1.7818298366e-04                 	5.3107303915e-06                 	9.7105769852e-01                 	8.7686790285e-01                 
3.1500000000e+01	7.9408924483e+00	1.7990353703e-04                 	1.7456145852e-04                 	5.3420785136e-06                 	9.7030587279e-01                 	9.1163046185e-01                 
3.2000000000e+01	7.8168160038e+00	1.7256625323e-04                 	1.6658490448e-04                 	5.9813487455e-06                 	9.6533882707e-01                 	9.1725651096e-01                 
3.2260000000e+01	7.7538162468e+00	1.8373040415e-04                 	1.7704769021e-04                 	6.6827139405e-06                 	9.6362760986e-01                 	9.0236209278e-01                 
3.2500000000e+01	7.6965572961e+00	1.6288429579e-04                 	1.5616959920e-04                 	6.7146965949e-06                 	9.5877628004e-01                 	9.2239012620e-01                 
3.3000000000e+01	7.5799427916e+00	1.5160602146e-04                 	1.4400576980e-04                 	7.6002516509e-06                 	9.4986840511e-01                 	9.2708956208e-01                 
3.3330000000e+01	7.5048938531e+00	1.5058552409e-04                 	1.4218658687e-04                 	8.3989372124e-06                 	9.4422480339e-01                 	9.2678438140e-01                 
3.4000000000e+01	7.3570032977e+00	1.2435577050e-04                 	1.1347502783e-04                 	1.0880742669e-05                 	9.1250311405e-01                 	9.3442635845e-01                 
3.4480000000e+01	7.2545856184e+00	9.9593594938e-05                 	8.5963277022e-05                 	1.3630317917e-05                 	8.6314061738e-01                 	9.3912347612e-01                 
3.4500000000e+01	7.2503800615e+00	1.0942540611e-04                 	9.5427901308e-05                 	1.3997504805e-05                 	8.7208176508e-01                 	9.3710693964e-01                 
3.5000000000e+01	7.1468032035e+00	9.5089944370e-05                 	7.7606622542e-05                 	1.7483321828e-05                 	8.1613910972e-01                 	9.3946542832e-01                 
3.5710000000e+01	7.0047077044e+00	5.7309744780e-05                 	3.7299973217e-05                 	2.0009771564e-05                 	6.5084870574e-01                 	9.4573026190e-01                 
3.7040000000e+01	6.7531887722e+00	3.1777537766e-05                 	1.0721286465e-05                 	2.1056251301e-05                 	3.3738568871e-01                 	9.4647430163e-01                 
3.8460000000e+01	6.5038510692e+00	3.0040107865e-05                 	4.8195183208e-06                 	2.5220589544e-05                 	1.6043611902e-01                 	9.4297452114e-01                 
4.0000000000e+01	6.2534528031e+00	5.2967903577e-05                 	1.8592963765e-05                 	3.4374939812e-05                 	3.5102321424e-01                 	9.3460882941e-01                 
4.1670000000e+01	6.0028344642e+00	7.8552932914e-05                 	3.7351652750e-05                 	4.1201280164e-05                 	4.7549660292e-01                 	9.1205728965e-01                 
4.2550000000e+01	5.8786865364e+00	7.8137469505e-05                 	3.5704521921e-05                 	4.2432947583e-05                 	4.5694494777e-01                 	9.1079528392e-01                 
4.3480000000e+01	5.7529464610e+00	8.4408054104e-05                 	4.4022410466e-05                 	4.0385643639e-05                 	5.2154277139e-01                 	8.9600945895e-01                 
4.4440000000e+01	5.6286703898e+00	9.3604166865e-05                 	5.6427689734e-05                 	3.7176477131e-05                 	6.0283309626e-01                 	8.6450682441e-01                 
4.5450000000e+01	5.5035888256e+00	1.0420391113e-04                 	6.7951977446e-05                 	3.6251933685e-05                 	6.5210582509e-01                 	7.8805783096e-01                 
4.6510000000e+01	5.3781576462e+00	1.1118595234e-04                 	6.5950432525e-05                 	4.5235519818e-05                 	5.9315436109e-01                 	7.8600912246e-01                 
4.7620000000e+01	5.2527952987e+00	1.0765365959e-04                 	5.9173567280e-05                 	4.8480092314e-05                 	5.4966610056e-01                 	8.1666272096e-01                 
5.0000000000e+01	5.0027622425e+00	1.0913037169e-04                 	6.6028809819e-05                 	4.3101561870e-05                 	6.0504522066e-01                 	7.7538922027e-01                 
5.2630000000e+01	4.7527667133e+00	1.1962263250e-04                 	8.1969000486e-05                 	3.7653632012e-05                 	6.8522986641e-01                 	6.9060508986e-01                 
5.5560000000e+01	4.5021258481e+00	1.3282143078e-04                 	9.9033347495e-05                 	3.3788083281e-05                 	7.4561271413e-01                 	6.3096301698e-01                 
5.8820000000e+01	4.2526030623e+00	1.7120199336e-04                 	1.3745502276e-04                 	3.3746970604e-05                 	8.0288213974e-01                 	5.9971659183e-01                 
6.2500000000e+01	4.0022097940e+00	1.9008263509e-04                 	1.6812313336e-04                 	2.1959501729e-05                 	8.8447391989e-01                 	5.6001850937e-01                 
6.4520000000e+01	3.8769081234e+00	1.6715383912e-04                 	1.5360281005e-04                 	1.3551029065e-05                 	9.1893079371e-01                 	5.3174458103e-01                 
6.6670000000e+01	3.7518840876e+00	1.4947631590e-04                 	1.3782627729e-04                 	1.1650038606e-05                 	9.2206097310e-01                 	5.2096147862e-01                 
6.8970000000e+01	3.6267668859e+00	1.3456079098e-04                 	1.2123244031e-04                 	1.3328350668e-05                 	9.0094922473e-01                 	5.0206322519e-01                 
7.1430000000e+01	3.5018635324e+00	1.2797904273e-04                 	9.3416192811e-05                 	3.4562849916e-05                 	7.2993351740e-01                 	5.4739509830e-01                 
7.4070000000e+01	3.3770502514e+00	1.2822554528e-04                 	8.0814982866e-05                 	4.7410562411e-05                 	6.3025649602e-01                 	5.9887981262e-01                 
7.6920000000e+01	3.2519255346e+00	1.2794367640e-04                 	7.3816476256e-05                 	5.4127200142e-05                 	5.7694509283e-01                 	5.9978147603e-01                 
8.0000000000e+01	3.1267264015e+00	1.3178728765e-04                 	7.2953540296e-05                 	5.8833747352e-05                 	5.5357039057e-01                 	6.7398977527e-01                 
8.3330000000e+01	3.0017774166e+00	1.3262560251e-04                 	7.2192210142e-05                 	6.0433392370e-05                 	5.4433087409e-01                 	5.7292016602e-01                 
9.0910000000e+01	2.7514917184e+00	1.5712826948e-04                 	9.9480363911e-05                 	5.7647905568e-05                 	6.3311563375e-01                 	6.6271523131e-01                 
1.0000000000e+02	2.5013811212e+00	1.2794118345e-04                 	6.6076556987e-05                 	6.1864626467e-05                 	5.1646041723e-01                 	4.5820858445e-01                 
1.1110000000e+02	2.2514681559e+00	8.5796901171e-05                 	4.3102726939e-05                 	4.2694174232e-05                 	5.0238092927e-01                 	2.9404074138e-01                 
1.2500000000e+02	2.0011048970e+00	1.7255097720e-04                 	1.1779767228e-04                 	5.4753304930e-05                 	6.8268331008e-01                 	3.5136239926e-01                 
1.4290000000e+02	1.7504416524e+00	2.4015434740e-04                 	1.7200511365e-04                 	6.8149233753e-05                 	7.1622735757e-01                 	4.9206828308e-01                 
1.6670000000e+02	1.5005285670e+00	2.0913030658e-04                 	1.8932722089e-04                 	1.9803085692e-05                 	9.0530743241e-01                 	3.4892190826e-01                 
2.0000000000e+02	1.2506905606e+00	1.8086024938e-04                 	1.5619896124e-04                 	2.4661288139e-05                 	8.6364450882e-01                 	5.3833057289e-01                 
3.0000000000e+02	8.3379370708e-01	2.2044992883e-05                 	1.8851471196e-05                 	3.1935216870e-06                 	8.5513618879e-01                 	1.8000465456e-01                 
3.2000000000e+02	7.8168160038e-01	1.6156166963e-05                 	1.3740368641e-05                 	2.4157983218e-06                 	8.5047206263e-01                 	1.5304904582e-01                 
4.0000000000e+02	6.2534528031e-01	6.1368402337e-06                 	4.5288581701e-06                 	1.6079820636e-06                 	7.3797882911e-01                 	9.0944183583e-02                 
5.0000000000e+02	5.0027622425e-01	2.4162286737e-06                 	1.4854097397e-06                 	9.3081893401e-07                 	6.1476372492e-01                 	5.5387057442e-02                 
6.0000000000e+02	4.1689685354e-01	1.2486014851e-06                 	5.9479024327e-07                 	6.5381124179e-07                 	4.7636515765e-01                 	3.7166848910e-02                 
7.0000000000e+02	3.5734016018e-01	7.2943758583e-07                 	2.7250065689e-07                 	4.5693692893e-07                 	3.7357638568e-01                 	2.6572232133e-02                 
8.0000000000e+02	3.1267264015e-01	5.1269323974e-07                 	1.3753375137e-07                 	3.7515948838e-07                 	2.6825739196e-01                 	1.9885994138e-02                 
9.0000000000e+02	2.7793123569e-01	3.5767041521e-07                 	7.4654630557e-08                 	2.8301578465e-07                 	2.0872464532e-01                 	1.5407490182e-02                 
1.0000000000e+03	2.5013811212e-01	2.7636545480e-07                 	4.2895591393e-08                 	2.3346986340e-07                 	1.5521328968e-01                 	1.2268274367e-02                 
