#wavelengths (mu)	size parameter  	extinction cross section (cm^2)  	scattering cross section (cm^2)  	absorption cross section (cm^2)  	single scattering albedo         	asymmetry parameter              
1.2400000000e-04	5.0670849251e+05	6.2457030039e-06                 	3.7597660426e-06                 	2.4859369613e-06                 	6.0197643729e-01                 	9.9999999606e-01                 
1.2980000000e-04	4.8406666465e+05	6.3860422009e-06                 	3.7930434143e-06                 	2.5929987866e-06                 	5.9395840098e-01                 	9.9999999541e-01                 
1.3600000000e-04	4.6199891965e+05	6.4382234172e-06                 	3.7526608194e-06                 	2.6855625978e-06                 	5.8287210248e-01                 	9.9999999464e-01                 
1.4240000000e-04	4.4123492326e+05	6.4278146116e-06                 	3.6640109966e-06                 	2.7638036151e-06                 	5.7002437344e-01                 	9.9999999369e-01                 
1.4920000000e-04	4.2112502059e+05	6.3859496686e-06                 	3.5520157196e-06                 	2.8339339489e-06                 	5.5622356955e-01                 	9.9999999262e-01                 
1.5620000000e-04	4.0225258049e+05	6.3467744741e-06                 	3.4563057843e-06                 	2.8904686898e-06                 	5.4457674499e-01                 	9.9999999150e-01                 
1.6360000000e-04	3.8405778161e+05	6.3215969530e-06                 	3.3823593509e-06                 	2.9392376021e-06                 	5.3504824430e-01                 	9.9999999037e-01                 
1.6740000000e-04	3.7533962408e+05	6.3228990276e-06                 	3.3628837341e-06                 	2.9600152936e-06                 	5.3185788977e-01                 	9.9999999007e-01                 
1.7130000000e-04	3.6679423860e+05	6.3356712252e-06                 	3.3571982597e-06                 	2.9784729656e-06                 	5.2988833232e-01                 	9.9999999018e-01                 
1.7530000000e-04	3.5842471804e+05	6.7466381693e-06                 	5.4623817181e-06                 	1.2842564512e-06                 	8.0964497888e-01                 	9.9999999175e-01                 
1.7940000000e-04	3.5023329471e+05	6.0401210168e-06                 	4.6963409226e-06                 	1.3437800943e-06                 	7.7752430945e-01                 	9.9999998788e-01                 
1.8360000000e-04	3.4222142196e+05	5.9268029922e-06                 	4.5214590753e-06                 	1.4053439168e-06                 	7.6288330847e-01                 	9.9999998567e-01                 
1.8790000000e-04	3.3438985137e+05	6.0778372797e-06                 	4.6096718343e-06                 	1.4681654454e-06                 	7.5843949453e-01                 	9.9999998425e-01                 
1.9680000000e-04	3.1926754610e+05	6.5107788871e-06                 	4.9134915273e-06                 	1.5972873599e-06                 	7.5467031095e-01                 	9.9999998195e-01                 
2.0610000000e-04	3.0486100472e+05	6.5596826443e-06                 	4.8319070447e-06                 	1.7277755996e-06                 	7.3660683096e-01                 	9.9999997796e-01                 
2.1590000000e-04	2.9102294151e+05	6.2551428313e-06                 	4.3895206981e-06                 	1.8656221332e-06                 	7.0174587799e-01                 	9.9999997096e-01                 
2.2610000000e-04	2.7789408700e+05	6.0921482708e-06                 	4.0943928961e-06                 	1.9977553747e-06                 	6.7207702672e-01                 	9.9999996298e-01                 
2.3680000000e-04	2.6533721736e+05	6.2636826794e-06                 	4.1313507025e-06                 	2.1323319770e-06                 	6.5957215809e-01                 	9.9999995659e-01                 
2.4800000000e-04	2.5335424626e+05	6.4404582310e-06                 	4.1792790888e-06                 	2.2611791422e-06                 	6.4891020776e-01                 	9.9999994914e-01                 
2.5970000000e-04	2.4194013505e+05	6.3326856856e-06                 	3.9457557363e-06                 	2.3869299493e-06                 	6.2307777967e-01                 	9.9999993664e-01                 
2.7200000000e-04	2.3099945982e+05	6.2009011265e-06                 	3.7019107129e-06                 	2.4989904136e-06                 	5.9699560393e-01                 	9.9999992083e-01                 
2.8480000000e-04	2.2061746163e+05	6.2742402841e-06                 	3.6689874961e-06                 	2.6052527880e-06                 	5.8477000083e-01                 	9.9999990646e-01                 
2.9830000000e-04	2.1063309779e+05	6.3523636513e-06                 	3.6534663777e-06                 	2.6988972736e-06                 	5.7513495421e-01                 	9.9999989021e-01                 
3.1240000000e-04	2.0112629024e+05	6.2836563862e-06                 	3.5019850697e-06                 	2.7816713165e-06                 	5.5731644992e-01                 	9.9999986634e-01                 
3.2720000000e-04	1.9202889081e+05	6.2638463328e-06                 	3.4122950342e-06                 	2.8515512986e-06                 	5.4476033621e-01                 	9.9999983914e-01                 
3.4260000000e-04	1.8339711930e+05	6.3080659110e-06                 	3.3974114284e-06                 	2.9106544827e-06                 	5.3858210683e-01                 	9.9999981354e-01                 
3.5880000000e-04	1.7511664736e+05	6.2925246578e-06                 	3.3337764665e-06                 	2.9587481913e-06                 	5.2979950779e-01                 	9.9999978083e-01                 
3.7580000000e-04	1.6719492568e+05	6.2792984889e-06                 	3.2815286738e-06                 	2.9977698151e-06                 	5.2259478979e-01                 	9.9999974016e-01                 
3.9360000000e-04	1.5963377305e+05	6.2932316747e-06                 	3.2645902565e-06                 	3.0286414181e-06                 	5.1874623807e-01                 	9.9999969689e-01                 
4.1220000000e-04	1.5243050236e+05	6.2856610308e-06                 	3.2323837449e-06                 	3.0532772859e-06                 	5.1424722540e-01                 	9.9999965114e-01                 
4.3170000000e-04	1.4554517737e+05	6.2855925904e-06                 	3.2131663959e-06                 	3.0724261946e-06                 	5.1119546004e-01                 	9.9999959303e-01                 
4.5210000000e-04	1.3897777720e+05	6.2860740567e-06                 	3.1986331058e-06                 	3.0874409509e-06                 	5.0884432428e-01                 	9.9999952982e-01                 
4.7350000000e-04	1.3269662740e+05	6.2844308372e-06                 	3.1856365120e-06                 	3.0987943252e-06                 	5.0690931200e-01                 	9.9999945573e-01                 
4.9590000000e-04	1.2670266802e+05	6.2844706204e-06                 	3.1764946736e-06                 	3.1079759468e-06                 	5.0545143187e-01                 	9.9999937193e-01                 
5.1930000000e-04	1.2099336236e+05	6.2836956549e-06                 	3.1688442779e-06                 	3.1148513770e-06                 	5.0429626958e-01                 	9.9999927583e-01                 
5.4390000000e-04	1.1552096538e+05	6.2833029120e-06                 	3.1631734911e-06                 	3.1201294209e-06                 	5.0342527417e-01                 	9.9999916720e-01                 
5.6960000000e-04	1.1030873081e+05	6.2828250516e-06                 	3.1586037398e-06                 	3.1242213118e-06                 	5.0273622358e-01                 	9.9999904534e-01                 
5.9650000000e-04	1.0533420465e+05	6.2823980154e-06                 	3.1550318187e-06                 	3.1273661966e-06                 	5.0220183615e-01                 	9.9999889727e-01                 
6.2480000000e-04	1.0056314512e+05	6.2820477582e-06                 	3.1522778896e-06                 	3.1297698686e-06                 	5.0179145574e-01                 	9.9999873893e-01                 
6.5430000000e-04	9.6029119780e+04	6.2817332952e-06                 	3.1501629983e-06                 	3.1315702969e-06                 	5.0147990216e-01                 	9.9999854310e-01                 
6.8520000000e-04	9.1698559649e+04	6.2815154024e-06                 	3.1485801206e-06                 	3.1329352817e-06                 	5.0124530769e-01                 	9.9999832678e-01                 
7.1760000000e-04	8.7558323679e+04	6.2813883286e-06                 	3.1474039914e-06                 	3.1339843372e-06                 	5.0106820766e-01                 	9.9999807539e-01                 
7.5160000000e-04	8.3597462842e+04	6.2813482519e-06                 	3.1467040217e-06                 	3.1346442302e-06                 	5.0095996839e-01                 	9.9999778394e-01                 
7.8710000000e-04	7.9827027153e+04	6.2814108925e-06                 	3.1462590205e-06                 	3.1351518720e-06                 	5.0088412848e-01                 	9.9999744208e-01                 
8.2440000000e-04	7.6215251179e+04	6.2815656753e-06                 	3.1460663440e-06                 	3.1354993314e-06                 	5.0084111296e-01                 	9.9999704891e-01                 
8.6330000000e-04	7.2781018269e+04	6.2817900429e-06                 	3.1460533069e-06                 	3.1357367361e-06                 	5.0082114897e-01                 	9.9999660817e-01                 
9.0410000000e-04	6.9496574573e+04	6.2820486803e-06                 	3.1462036082e-06                 	3.1358450721e-06                 	5.0082445526e-01                 	9.9999609013e-01                 
9.4690000000e-04	6.6355320595e+04	6.2823171256e-06                 	3.1464294105e-06                 	3.1358877150e-06                 	5.0083899740e-01                 	9.9999549902e-01                 
9.9170000000e-04	6.3357722166e+04	6.2825672823e-06                 	3.1466682166e-06                 	3.1358990657e-06                 	5.0085706610e-01                 	9.9999483740e-01                 
1.0390000000e-03	6.0473390829e+04	6.2827816064e-06                 	3.1469189200e-06                 	3.1358626864e-06                 	5.0087988365e-01                 	9.9999408058e-01                 
1.0880000000e-03	5.7749864956e+04	6.2829647498e-06                 	3.1471689010e-06                 	3.1357958488e-06                 	5.0090507050e-01                 	9.9999320556e-01                 
1.1390000000e-03	5.5164050107e+04	6.2831106238e-06                 	3.1473677722e-06                 	3.1357428516e-06                 	5.0092509279e-01                 	9.9999225399e-01                 
1.1930000000e-03	5.2667102323e+04	6.2832338577e-06                 	3.1475407083e-06                 	3.1356931494e-06                 	5.0094279149e-01                 	9.9999120875e-01                 
1.2490000000e-03	5.0305727039e+04	6.2833377874e-06                 	3.1476322330e-06                 	3.1357055543e-06                 	5.0094907190e-01                 	9.9999017424e-01                 
1.3090000000e-03	4.7999887755e+04	6.2834479083e-06                 	3.1477373775e-06                 	3.1357105307e-06                 	5.0095702606e-01                 	9.9998900177e-01                 
1.3700000000e-03	4.5862666476e+04	6.2835556135e-06                 	3.1477377584e-06                 	3.1358178552e-06                 	5.0094849985e-01                 	9.9998789516e-01                 
1.4020000000e-03	4.4815872376e+04	6.2836037674e-06                 	3.1476704178e-06                 	3.1359333495e-06                 	5.0093394402e-01                 	9.9998744354e-01                 
1.4350000000e-03	4.3785263465e+04	6.2836364071e-06                 	3.1474590681e-06                 	3.1361773390e-06                 	5.0089770703e-01                 	9.9998727194e-01                 
1.4690000000e-03	4.2771853691e+04	6.2835069796e-06                 	3.1472110894e-06                 	3.1362958901e-06                 	5.0086855950e-01                 	9.9998810433e-01                 
1.5030000000e-03	4.1804293461e+04	6.2836227469e-06                 	3.1474547845e-06                 	3.1361679624e-06                 	5.0089811424e-01                 	9.9998692622e-01                 
1.5380000000e-03	4.0852960385e+04	6.2836901045e-06                 	3.1474473594e-06                 	3.1362427451e-06                 	5.0089156325e-01                 	9.9998630561e-01                 
1.5740000000e-03	3.9918585179e+04	6.2837464125e-06                 	3.1473151180e-06                 	3.1364312944e-06                 	5.0086602982e-01                 	9.9998593063e-01                 
1.6110000000e-03	3.9001770994e+04	6.2838039303e-06                 	3.1470455845e-06                 	3.1367583458e-06                 	5.0081855186e-01                 	9.9998579148e-01                 
1.6490000000e-03	3.8103003682e+04	6.2838484063e-06                 	3.1466360192e-06                 	3.1372123871e-06                 	5.0074982968e-01                 	9.9998602461e-01                 
1.6870000000e-03	3.7244726184e+04	6.2838922493e-06                 	3.1459401881e-06                 	3.1379520611e-06                 	5.0063560344e-01                 	9.9998689788e-01                 
1.7270000000e-03	3.6382080528e+04	6.2840832225e-06                 	3.1445451696e-06                 	3.1395380529e-06                 	5.0039839676e-01                 	9.9998914433e-01                 
1.7670000000e-03	3.5558490703e+04	6.2815449844e-06                 	3.1465771206e-06                 	3.1349678638e-06                 	5.0092407655e-01                 	9.9999931169e-01                 
1.8080000000e-03	3.4752131124e+04	6.2805949416e-06                 	3.1491037074e-06                 	3.1314912341e-06                 	5.0140213415e-01                 	9.9999456482e-01                 
1.8510000000e-03	3.3944815274e+04	6.2806167443e-06                 	3.1507445193e-06                 	3.1298722250e-06                 	5.0166164368e-01                 	9.9999004594e-01                 
1.8940000000e-03	3.3174156849e+04	6.2822160406e-06                 	3.1533907636e-06                 	3.1288252770e-06                 	5.0195516091e-01                 	9.9998593749e-01                 
1.9380000000e-03	3.2420976817e+04	6.2834138398e-06                 	3.1553494830e-06                 	3.1280643568e-06                 	5.0217120238e-01                 	9.9998223111e-01                 
2.0300000000e-03	3.0951651760e+04	6.2841041633e-06                 	3.1575623125e-06                 	3.1265418508e-06                 	5.0246816896e-01                 	9.9997434170e-01                 
2.1260000000e-03	2.9554023082e+04	6.2837063033e-06                 	3.1585825087e-06                 	3.1251237946e-06                 	5.0266233911e-01                 	9.9996579592e-01                 
2.2260000000e-03	2.8226349089e+04	6.2838060030e-06                 	3.1600776015e-06                 	3.1237284014e-06                 	5.0289229172e-01                 	9.9995630007e-01                 
2.3310000000e-03	2.6954891923e+04	6.2844344603e-06                 	3.1622273591e-06                 	3.1222071013e-06                 	5.0318407790e-01                 	9.9994519061e-01                 
2.4420000000e-03	2.5729669563e+04	6.2848651959e-06                 	3.1641959775e-06                 	3.1206692184e-06                 	5.0346282360e-01                 	9.9993275004e-01                 
2.5570000000e-03	2.4572488491e+04	6.2850152259e-06                 	3.1660125070e-06                 	3.1190027188e-06                 	5.0373983089e-01                 	9.9991810317e-01                 
2.6780000000e-03	2.3462230423e+04	6.2852189449e-06                 	3.1679828582e-06                 	3.1172360867e-06                 	5.0403699314e-01                 	9.9990105698e-01                 
2.8050000000e-03	2.2399947619e+04	6.2855301465e-06                 	3.1701531829e-06                 	3.1153769636e-06                 	5.0435732692e-01                 	9.9988137330e-01                 
2.9370000000e-03	2.1393208400e+04	6.2858184373e-06                 	3.1724877201e-06                 	3.1133307172e-06                 	5.0470559271e-01                 	9.9985778566e-01                 
3.0760000000e-03	2.0426480192e+04	6.2860772041e-06                 	3.1747502169e-06                 	3.1113269871e-06                 	5.0504473837e-01                 	9.9983166795e-01                 
3.2220000000e-03	1.9500885497e+04	6.2863597885e-06                 	3.1773198843e-06                 	3.1090399041e-06                 	5.0543080435e-01                 	9.9980015394e-01                 
3.3740000000e-03	1.8622363092e+04	6.2866510717e-06                 	3.1798668966e-06                 	3.1067841751e-06                 	5.0581253204e-01                 	9.9976409763e-01                 
3.5340000000e-03	1.7779245351e+04	6.2869402223e-06                 	3.1824209618e-06                 	3.1045192605e-06                 	5.0619551789e-01                 	9.9972390019e-01                 
3.7010000000e-03	1.6976993535e+04	6.2872322408e-06                 	3.1848998715e-06                 	3.1023323693e-06                 	5.0656628378e-01                 	9.9967962130e-01                 
3.8760000000e-03	1.6210488409e+04	6.2875236518e-06                 	3.1876816484e-06                 	3.0998420034e-06                 	5.0698523377e-01                 	9.9962890292e-01                 
4.0590000000e-03	1.5479638599e+04	6.2878270691e-06                 	3.1906876468e-06                 	3.0971394223e-06                 	5.0743883567e-01                 	9.9956974822e-01                 
4.2510000000e-03	1.4780487667e+04	6.2881450565e-06                 	3.1938991735e-06                 	3.0942458830e-06                 	5.0792390201e-01                 	9.9950068334e-01                 
4.4520000000e-03	1.4113174544e+04	6.2884598318e-06                 	3.1968870010e-06                 	3.0915728308e-06                 	5.0837360602e-01                 	9.9942804899e-01                 
4.6630000000e-03	1.3474555666e+04	6.2887662657e-06                 	3.1999699651e-06                 	3.0887963006e-06                 	5.0883906794e-01                 	9.9935054069e-01                 
4.8830000000e-03	1.2867469398e+04	6.2890884000e-06                 	3.2034611848e-06                 	3.0856272152e-06                 	5.0936812795e-01                 	9.9925894738e-01                 
5.1140000000e-03	1.2286244246e+04	6.2894405966e-06                 	3.2078437303e-06                 	3.0815968662e-06                 	5.1003641438e-01                 	9.9914110259e-01                 
5.3560000000e-03	1.1731115211e+04	6.2897921817e-06                 	3.2119648582e-06                 	3.0778273235e-06                 	5.1066311341e-01                 	9.9901706131e-01                 
5.6090000000e-03	1.1201970596e+04	6.2901856020e-06                 	3.2172655253e-06                 	3.0729200768e-06                 	5.1147386243e-01                 	9.9885109636e-01                 
5.8740000000e-03	1.0696604200e+04	6.2905729545e-06                 	3.2215564987e-06                 	3.0690164558e-06                 	5.1212449518e-01                 	9.9868937680e-01                 
6.1520000000e-03	1.0213240096e+04	6.2909736090e-06                 	3.2261233239e-06                 	3.0648502851e-06                 	5.1281781238e-01                 	9.9850569065e-01                 
6.4430000000e-03	9.7519560875e+03	6.2913896257e-06                 	3.2301660413e-06                 	3.0612235843e-06                 	5.1342648183e-01                 	9.9831252370e-01                 
6.7480000000e-03	9.3111815459e+03	6.2917786100e-06                 	3.2342731191e-06                 	3.0575054910e-06                 	5.1404750859e-01                 	9.9812143218e-01                 
7.0670000000e-03	8.8908805818e+03	6.2921893877e-06                 	3.2391549970e-06                 	3.0530343907e-06                 	5.1478981280e-01                 	9.9789195899e-01                 
7.4010000000e-03	8.4896437065e+03	6.2926192303e-06                 	3.2441927654e-06                 	3.0484264649e-06                 	5.1555523172e-01                 	9.9763560844e-01                 
7.7510000000e-03	8.1062899073e+03	6.2930671370e-06                 	3.2499728630e-06                 	3.0430942740e-06                 	5.1643702383e-01                 	9.9733511761e-01                 
8.1170000000e-03	7.7407728313e+03	6.2935253395e-06                 	3.2555124147e-06                 	3.0380129248e-06                 	5.1727962296e-01                 	9.9701853255e-01                 
8.5010000000e-03	7.3911131716e+03	6.2940008035e-06                 	3.2612619887e-06                 	3.0327388148e-06                 	5.1815404708e-01                 	9.9666839187e-01                 
8.9030000000e-03	7.0573798800e+03	6.2944867834e-06                 	3.2673399857e-06                 	3.0271467977e-06                 	5.1907964829e-01                 	9.9628394336e-01                 
9.3240000000e-03	6.7387229807e+03	6.2949890859e-06                 	3.2736355796e-06                 	3.0213535064e-06                 	5.2003832491e-01                 	9.9586189803e-01                 
9.7660000000e-03	6.4337346991e+03	6.2955093194e-06                 	3.2797156071e-06                 	3.0157937124e-06                 	5.2096112334e-01                 	9.9541562379e-01                 
1.0230000000e-02	6.1419211214e+03	6.2960276136e-06                 	3.2859300324e-06                 	3.0100975812e-06                 	5.2190527648e-01                 	9.9495373991e-01                 
1.0710000000e-02	5.8666529479e+03	6.2965703104e-06                 	3.2934184052e-06                 	3.0031519052e-06                 	5.2304957189e-01                 	9.9439463457e-01                 
1.1220000000e-02	5.5999869048e+03	6.2971337613e-06                 	3.3011069407e-06                 	2.9960268206e-06                 	5.2422372873e-01                 	9.9378977472e-01                 
1.1750000000e-02	5.3473917508e+03	6.2977183800e-06                 	3.3092682726e-06                 	2.9884501074e-06                 	5.2547098377e-01                 	9.9311413235e-01                 
1.2300000000e-02	5.1082807375e+03	6.2983181965e-06                 	3.3179446077e-06                 	2.9803735889e-06                 	5.2679850464e-01                 	9.9236740350e-01                 
1.2590000000e-02	4.9906158119e+03	6.2986293589e-06                 	3.3227246062e-06                 	2.9759047527e-06                 	5.2753137498e-01                 	9.9195191394e-01                 
1.2890000000e-02	4.8744649396e+03	6.2989519915e-06                 	3.3273974250e-06                 	2.9715545665e-06                 	5.2824619547e-01                 	9.9152168442e-01                 
1.3190000000e-02	4.7635976552e+03	6.2992736688e-06                 	3.3323656619e-06                 	2.9669080069e-06                 	5.2900792013e-01                 	9.9106316446e-01                 
1.3490000000e-02	4.6576614583e+03	6.2995981515e-06                 	3.3375779871e-06                 	2.9620201644e-06                 	5.2980807772e-01                 	9.9057156475e-01                 
1.3810000000e-02	4.5497359212e+03	6.2999382988e-06                 	3.3430417905e-06                 	2.9568965083e-06                 	5.3064675111e-01                 	9.9004593674e-01                 
1.4130000000e-02	4.4466987312e+03	6.3002784540e-06                 	3.3484377063e-06                 	2.9518407477e-06                 	5.3147455795e-01                 	9.8950738776e-01                 
1.4460000000e-02	4.3452180548e+03	6.3006328376e-06                 	3.3543387188e-06                 	2.9462941189e-06                 	5.3238123935e-01                 	9.8890658653e-01                 
1.5150000000e-02	4.1473170344e+03	6.3013601157e-06                 	3.3665758546e-06                 	2.9347842611e-06                 	5.3426177727e-01                 	9.8762054201e-01                 
1.5860000000e-02	3.9616553009e+03	6.3021147021e-06                 	3.3802116326e-06                 	2.9219030696e-06                 	5.3636149012e-01                 	9.8612318296e-01                 
1.6610000000e-02	3.7827726112e+03	6.3029386890e-06                 	3.3987167251e-06                 	2.9042219639e-06                 	5.3922731805e-01                 	9.8406228109e-01                 
1.7400000000e-02	3.6110260386e+03	6.3038694933e-06                 	3.4156448750e-06                 	2.8882246183e-06                 	5.4183305645e-01                 	9.8173815618e-01                 
1.8220000000e-02	3.4485100478e+03	6.3048242507e-06                 	3.4318810983e-06                 	2.8729431525e-06                 	5.4432621145e-01                 	9.7926512842e-01                 
1.9080000000e-02	3.2930740604e+03	6.3059656361e-06                 	3.4479440495e-06                 	2.8580215866e-06                 	5.4677495065e-01                 	9.7606837457e-01                 
1.9990000000e-02	3.1431642357e+03	6.3071747573e-06                 	3.4466467539e-06                 	2.8605280034e-06                 	5.4646444510e-01                 	9.7427446113e-01                 
2.0930000000e-02	3.0019996690e+03	6.3084243540e-06                 	3.4255693628e-06                 	2.8828549912e-06                 	5.4301504949e-01                 	9.7475605590e-01                 
2.1920000000e-02	2.8664166547e+03	6.3096323862e-06                 	3.3818228476e-06                 	2.9278095386e-06                 	5.3597779404e-01                 	9.7877331488e-01                 
2.2430000000e-02	2.8012417776e+03	6.3103298128e-06                 	3.3529507146e-06                 	2.9573790982e-06                 	5.3134318080e-01                 	9.8181270488e-01                 
2.2960000000e-02	2.7365789665e+03	6.3122789631e-06                 	3.3313512771e-06                 	2.9809276860e-06                 	5.2775729599e-01                 	9.8256381396e-01                 
2.3490000000e-02	2.6748341027e+03	6.3060551787e-06                 	3.2218264093e-06                 	3.0842287693e-06                 	5.1090996162e-01                 	9.9714180761e-01                 
2.4040000000e-02	2.6136378150e+03	6.3053931860e-06                 	3.2717214705e-06                 	3.0336717156e-06                 	5.1887667810e-01                 	9.9456245021e-01                 
2.4800000000e-02	2.5335424626e+03	6.3061921125e-06                 	3.2807010118e-06                 	3.0254911007e-06                 	5.2023486651e-01                 	9.9385583531e-01                 
2.7550000000e-02	2.2806480244e+03	6.3096062859e-06                 	3.3195888948e-06                 	2.9900173911e-06                 	5.2611664570e-01                 	9.9002041249e-01                 
3.1000000000e-02	2.0268339701e+03	6.3128525847e-06                 	3.3594523995e-06                 	2.9534001853e-06                 	5.3216075528e-01                 	9.8550672305e-01                 
4.7690000000e-02	1.3175058308e+03	6.3292213012e-06                 	3.6237795047e-06                 	2.7054417964e-06                 	5.7254744815e-01                 	9.3672892323e-01                 
4.8060000000e-02	1.3073627356e+03	6.3295578365e-06                 	3.6305460615e-06                 	2.6990117750e-06                 	5.7358604744e-01                 	9.3523820726e-01                 
4.8430000000e-02	1.2973746246e+03	6.3299752699e-06                 	3.6411546056e-06                 	2.6888206643e-06                 	5.7522414391e-01                 	9.3280406576e-01                 
4.8810000000e-02	1.2872741871e+03	6.3303118464e-06                 	3.6487845202e-06                 	2.6815273262e-06                 	5.7639885819e-01                 	9.3116241075e-01                 
4.9200000000e-02	1.2770701844e+03	6.3306344873e-06                 	3.6567070813e-06                 	2.6739274060e-06                 	5.7762094599e-01                 	9.2953477497e-01                 
4.9590000000e-02	1.2670266802e+03	6.3309060321e-06                 	3.6634044273e-06                 	2.6675016048e-06                 	5.7865405185e-01                 	9.2829622688e-01                 
4.9990000000e-02	1.2568884391e+03	6.3312498253e-06                 	3.6721400794e-06                 	2.6591097459e-06                 	5.8000239775e-01                 	9.2645783170e-01                 
5.0400000000e-02	1.2466637514e+03	6.3317513541e-06                 	3.6825723481e-06                 	2.6491790060e-06                 	5.8160406847e-01                 	9.2373752275e-01                 
5.0810000000e-02	1.2366040754e+03	6.3320187647e-06                 	3.6885008167e-06                 	2.6435179480e-06                 	5.8251577479e-01                 	9.2267295373e-01                 
5.1230000000e-02	1.2264659979e+03	6.3323737797e-06                 	3.6962318917e-06                 	2.6361418880e-06                 	5.8370399795e-01                 	9.2097867394e-01                 
5.1660000000e-02	1.2162573185e+03	6.3327314293e-06                 	3.7050436334e-06                 	2.6276877960e-06                 	5.8506249234e-01                 	9.1910188510e-01                 
5.2090000000e-02	1.2062171832e+03	6.3332534196e-06                 	3.7214289740e-06                 	2.6118244455e-06                 	5.8760146286e-01                 	9.1523655060e-01                 
5.2540000000e-02	1.1958860501e+03	6.3336421994e-06                 	3.7350673112e-06                 	2.5985748882e-06                 	5.8971871060e-01                 	9.1240383475e-01                 
5.2980000000e-02	1.1859541916e+03	6.3339857841e-06                 	3.7370799691e-06                 	2.5969058150e-06                 	5.9000447687e-01                 	9.1177644729e-01                 
5.3440000000e-02	1.1757457536e+03	6.3344245131e-06                 	3.7449674078e-06                 	2.5894571053e-06                 	5.9120878306e-01                 	9.0977205878e-01                 
5.3910000000e-02	1.1654953269e+03	6.3348676918e-06                 	3.7529431802e-06                 	2.5819245116e-06                 	5.9242645036e-01                 	9.0775246028e-01                 
5.4380000000e-02	1.1554220866e+03	6.3352459958e-06                 	3.7608478907e-06                 	2.5743981050e-06                 	5.9363880949e-01                 	9.0600051263e-01                 
5.4860000000e-02	1.1453126699e+03	6.3355983197e-06                 	3.7622326948e-06                 	2.5733656250e-06                 	5.9382437221e-01                 	9.0554939469e-01                 
5.5350000000e-02	1.1351734972e+03	6.3359903304e-06                 	3.7691435168e-06                 	2.5668468136e-06                 	5.9487835685e-01                 	9.0396627827e-01                 
5.5850000000e-02	1.1250107981e+03	6.3365085456e-06                 	3.7785636505e-06                 	2.5579448951e-06                 	5.9631635045e-01                 	9.0144588869e-01                 
5.6360000000e-02	1.1148306081e+03	6.3370951421e-06                 	3.7875792375e-06                 	2.5495159046e-06                 	5.9768382083e-01                 	8.9874744678e-01                 
5.6870000000e-02	1.1048330064e+03	6.3374788423e-06                 	3.7900389525e-06                 	2.5474398898e-06                 	5.9803575630e-01                 	8.9805597715e-01                 
5.7400000000e-02	1.0946315866e+03	6.3379379022e-06                 	3.7976747856e-06                 	2.5402631166e-06                 	5.9919722222e-01                 	8.9616495951e-01                 
5.7940000000e-02	1.0844296353e+03	6.3382668073e-06                 	3.7979123303e-06                 	2.5403544770e-06                 	5.9920360656e-01                 	8.9617052466e-01                 
5.8480000000e-02	1.0744160922e+03	6.3386574275e-06                 	3.7986662810e-06                 	2.5399911464e-06                 	5.9928562546e-01                 	8.9583863973e-01                 
5.9040000000e-02	1.0642251537e+03	6.3392094603e-06                 	3.8078373291e-06                 	2.5313721312e-06                 	6.0068015625e-01                 	8.9337938068e-01                 
5.9610000000e-02	1.0540488688e+03	6.3397852690e-06                 	3.8117918272e-06                 	2.5279934418e-06                 	6.0124935868e-01                 	8.9182556213e-01                 
6.0190000000e-02	1.0438918935e+03	6.3402629228e-06                 	3.8136243995e-06                 	2.5266385233e-06                 	6.0149309988e-01                 	8.9107012352e-01                 
6.0780000000e-02	1.0337586882e+03	6.3407304238e-06                 	3.8155934488e-06                 	2.5251369749e-06                 	6.0175929172e-01                 	8.9035415690e-01                 
6.1380000000e-02	1.0236535202e+03	6.3411545546e-06                 	3.8175976964e-06                 	2.5235568582e-06                 	6.0203511262e-01                 	8.8981649885e-01                 
6.1990000000e-02	1.0135804657e+03	6.3416469755e-06                 	3.8205739564e-06                 	2.5210730191e-06                 	6.0245768507e-01                 	8.8886970736e-01                 
6.2620000000e-02	1.0033831535e+03	6.3421149101e-06                 	3.8169628153e-06                 	2.5251520948e-06                 	6.0184384380e-01                 	8.8929875244e-01                 
6.3260000000e-02	9.9323194865e+02	6.3426258028e-06                 	3.8201871569e-06                 	2.5224386459e-06                 	6.0230372651e-01                 	8.8831309849e-01                 
6.3910000000e-02	9.8313023113e+02	6.3430702397e-06                 	3.8207136491e-06                 	2.5223565906e-06                 	6.0234452792e-01                 	8.8809447942e-01                 
6.4580000000e-02	9.7293052140e+02	6.3435122916e-06                 	3.8172394158e-06                 	2.5262728758e-06                 	6.0175487022e-01                 	8.8868144907e-01                 
6.5250000000e-02	9.6294027696e+02	6.3439808001e-06                 	3.8187173289e-06                 	2.5252634712e-06                 	6.0194339316e-01                 	8.8824023526e-01                 
6.5950000000e-02	9.5271953104e+02	6.3444626667e-06                 	3.8209809920e-06                 	2.5234816748e-06                 	6.0225446861e-01                 	8.8766784090e-01                 
6.6660000000e-02	9.4257205328e+02	6.3448884765e-06                 	3.8212752391e-06                 	2.5236132374e-06                 	6.0226042637e-01                 	8.8767514350e-01                 
6.7380000000e-02	9.3250004559e+02	6.3453716011e-06                 	3.8219457087e-06                 	2.5234258924e-06                 	6.0232023417e-01                 	8.8743607568e-01                 
6.8120000000e-02	9.2237012730e+02	6.3458124962e-06                 	3.8222491634e-06                 	2.5235633328e-06                 	6.0232620577e-01                 	8.8744359671e-01                 
6.8880000000e-02	9.1219298885e+02	6.3463364112e-06                 	3.8292695331e-06                 	2.5170668782e-06                 	6.0338268962e-01                 	8.8594532997e-01                 
6.9650000000e-02	9.0210844324e+02	6.3469096519e-06                 	3.8319809402e-06                 	2.5149287118e-06                 	6.0375539441e-01                 	8.8512109654e-01                 
7.0450000000e-02	8.9186448647e+02	6.3475278799e-06                 	3.8395663074e-06                 	2.5079615725e-06                 	6.0489160190e-01                 	8.8329004266e-01                 
7.1260000000e-02	8.8172681830e+02	6.3480841293e-06                 	3.8458658985e-06                 	2.5022182308e-06                 	6.0583095941e-01                 	8.8192062159e-01                 
7.2080000000e-02	8.7169607480e+02	6.3486997411e-06                 	3.8526068833e-06                 	2.4960928578e-06                 	6.0683400388e-01                 	8.8029818608e-01                 
7.2930000000e-02	8.6153644689e+02	6.3493419194e-06                 	3.8609780123e-06                 	2.4883639071e-06                 	6.0809105280e-01                 	8.7834249388e-01                 
7.3800000000e-02	8.5138012292e+02	6.3500358723e-06                 	3.8689596213e-06                 	2.4810762510e-06                 	6.0928153779e-01                 	8.7633998338e-01                 
7.4690000000e-02	8.4123514623e+02	6.3506277346e-06                 	3.8706817893e-06                 	2.4799459453e-06                 	6.0949593506e-01                 	8.7588126914e-01                 
7.5600000000e-02	8.3110916762e+02	6.3512545396e-06                 	3.8809355862e-06                 	2.4703189534e-06                 	6.1105023614e-01                 	8.7373201042e-01                 
7.6530000000e-02	8.2100944821e+02	6.3519216581e-06                 	3.8961034177e-06                 	2.4558182404e-06                 	6.1337397207e-01                 	8.7056651532e-01                 
7.7490000000e-02	8.1083821231e+02	6.3525777782e-06                 	3.9065219696e-06                 	2.4460558086e-06                 	6.1495067136e-01                 	8.6839174465e-01                 
7.8470000000e-02	8.0071177612e+02	6.3533640952e-06                 	3.9194042714e-06                 	2.4339598237e-06                 	6.1690219744e-01                 	8.6540068307e-01                 
7.9480000000e-02	7.9053665163e+02	6.3540881391e-06                 	3.9262627750e-06                 	2.4278253641e-06                 	6.1791128625e-01                 	8.6379439575e-01                 
8.0510000000e-02	7.8042296698e+02	6.3548234648e-06                 	3.9331404488e-06                 	2.4216830161e-06                 	6.1892206299e-01                 	8.6218950380e-01                 
8.1570000000e-02	7.7028139110e+02	6.3555701621e-06                 	3.9376791518e-06                 	2.4178910103e-06                 	6.1956347761e-01                 	8.6104908422e-01                 
8.2660000000e-02	7.6012403910e+02	6.3563153727e-06                 	3.9421043228e-06                 	2.4142110499e-06                 	6.2018702530e-01                 	8.5998761177e-01                 
8.3770000000e-02	7.5005196457e+02	6.3573584810e-06                 	3.9604914946e-06                 	2.3968669864e-06                 	6.2297753170e-01                 	8.5549246726e-01                 
8.4920000000e-02	7.3989464286e+02	6.3584154953e-06                 	3.9707280038e-06                 	2.3876874914e-06                 	6.2448388388e-01                 	8.5258976258e-01                 
8.6100000000e-02	7.2975439108e+02	6.3594855161e-06                 	3.9819959159e-06                 	2.3774896002e-06                 	6.2615063841e-01                 	8.4953069916e-01                 
8.7310000000e-02	7.1964096978e+02	6.3603681992e-06                 	3.9888447037e-06                 	2.3715234954e-06                 	6.2714053319e-01                 	8.4787642870e-01                 
8.8560000000e-02	7.0948343577e+02	6.3612408576e-06                 	3.9917978015e-06                 	2.3694430561e-06                 	6.2751873272e-01                 	8.4705075880e-01                 
8.9840000000e-02	6.9937503419e+02	6.3621140551e-06                 	4.0002022116e-06                 	2.3619118434e-06                 	6.2875361507e-01                 	8.4524988895e-01                 
9.1160000000e-02	6.8924805915e+02	6.3631106224e-06                 	4.0057118886e-06                 	2.3573987339e-06                 	6.2952101987e-01                 	8.4374075233e-01                 
9.2530000000e-02	6.7904304627e+02	6.3641510025e-06                 	4.0122363061e-06                 	2.3519146964e-06                 	6.3044329158e-01                 	8.4201714491e-01                 
9.3930000000e-02	6.6892210233e+02	6.3651521785e-06                 	4.0153937240e-06                 	2.3497584545e-06                 	6.3084017654e-01                 	8.4107513827e-01                 
9.5370000000e-02	6.5882198880e+02	6.3663080668e-06                 	4.0180973726e-06                 	2.3482106943e-06                 	6.3115031984e-01                 	8.3990194400e-01                 
9.6860000000e-02	6.4868731232e+02	6.3674055731e-06                 	4.0242374186e-06                 	2.3431681545e-06                 	6.3200582598e-01                 	8.3831663404e-01                 
9.8400000000e-02	6.3853509219e+02	6.3685067358e-06                 	4.0208312672e-06                 	2.3476754686e-06                 	6.3136170439e-01                 	8.3857612649e-01                 
9.9990000000e-02	6.2838136885e+02	6.3694156706e-06                 	4.0128161484e-06                 	2.3565995222e-06                 	6.3001323135e-01                 	8.4021836181e-01                 
1.0160000000e-01	6.1842375071e+02	6.3704349645e-06                 	4.0109345661e-06                 	2.3595003984e-06                 	6.2961706516e-01                 	8.4047840422e-01                 
1.0330000000e-01	6.0824639953e+02	6.3713788290e-06                 	4.0098479815e-06                 	2.3615308475e-06                 	6.2935325133e-01                 	8.4088293401e-01                 
1.0510000000e-01	5.9782923950e+02	6.3724246909e-06                 	4.0039375041e-06                 	2.3684871868e-06                 	6.2832245156e-01                 	8.4207313802e-01                 
1.0690000000e-01	5.8776289122e+02	6.3735121558e-06                 	4.0007179729e-06                 	2.3727941829e-06                 	6.2771010317e-01                 	8.4265717487e-01                 
1.0880000000e-01	5.7749864956e+02	6.3743722316e-06                 	3.9976178753e-06                 	2.3767543562e-06                 	6.2713907034e-01                 	8.4383987937e-01                 
1.1070000000e-01	5.6758674862e+02	6.3753531076e-06                 	3.9940403002e-06                 	2.3813128073e-06                 	6.2648142508e-01                 	8.4482023233e-01                 
1.1270000000e-01	5.5751422424e+02	6.3764129313e-06                 	3.9921830400e-06                 	2.3842298913e-06                 	6.2608602720e-01                 	8.4541797948e-01                 
1.1480000000e-01	5.4731579331e+02	6.3776620464e-06                 	4.0053547262e-06                 	2.3723073201e-06                 	6.2802868780e-01                 	8.4293633808e-01                 
1.1700000000e-01	5.3702438523e+02	6.3792489198e-06                 	4.0491464225e-06                 	2.3301024972e-06                 	6.3473717258e-01                 	8.3424409086e-01                 
1.1920000000e-01	5.2711286134e+02	6.3809589011e-06                 	4.0748556326e-06                 	2.3061032686e-06                 	6.3859612571e-01                 	8.2870529162e-01                 
1.2160000000e-01	5.1670931802e+02	6.3829298262e-06                 	4.1158683226e-06                 	2.2670615037e-06                 	6.4482431025e-01                 	8.2018065301e-01                 
1.2400000000e-01	5.0670849251e+02	6.3847394179e-06                 	4.1485797145e-06                 	2.2361597033e-06                 	6.4976492274e-01                 	8.1356629182e-01                 
1.2650000000e-01	4.9669449069e+02	6.3869782216e-06                 	4.1657916050e-06                 	2.2211866166e-06                 	6.5223200400e-01                 	8.0913861450e-01                 
1.2920000000e-01	4.8631465226e+02	6.3888844126e-06                 	4.1779394529e-06                 	2.2109449597e-06                 	6.5393880732e-01                 	8.0646939882e-01                 
1.3190000000e-01	4.7635976552e+02	6.3907940790e-06                 	4.1900796359e-06                 	2.2007144431e-06                 	6.5564303654e-01                 	8.0382027244e-01                 
1.3480000000e-01	4.6611166967e+02	6.3928641076e-06                 	4.1968084000e-06                 	2.1960557076e-06                 	6.5648328032e-01                 	8.0207664217e-01                 
1.3780000000e-01	4.5596410067e+02	6.3947129758e-06                 	4.2061577645e-06                 	2.1885552113e-06                 	6.5775552091e-01                 	8.0035093537e-01                 
1.4090000000e-01	4.4593224323e+02	6.3968526008e-06                 	4.2184241757e-06                 	2.1784284251e-06                 	6.5945308403e-01                 	7.9775316006e-01                 
1.4420000000e-01	4.3572713642e+02	6.3990611248e-06                 	4.2360761857e-06                 	2.1629849391e-06                 	6.6198401658e-01                 	7.9432846408e-01                 
1.4760000000e-01	4.2569006146e+02	6.4013294912e-06                 	4.2537178000e-06                 	2.1476116912e-06                 	6.6450536656e-01                 	7.9093688119e-01                 
1.5120000000e-01	4.1555458381e+02	6.4037127000e-06                 	4.2713790335e-06                 	2.1323336665e-06                 	6.6701603174e-01                 	7.8758038677e-01                 
1.5500000000e-01	4.0536679401e+02	6.4066311763e-06                 	4.3054286328e-06                 	2.1012025435e-06                 	6.7202692246e-01                 	7.8091916415e-01                 
1.5900000000e-01	3.9516888724e+02	6.4089103572e-06                 	4.2957085246e-06                 	2.1132018327e-06                 	6.7027127626e-01                 	7.8271463163e-01                 
1.6310000000e-01	3.8523515065e+02	6.4122408861e-06                 	4.3374931224e-06                 	2.0747477637e-06                 	6.7643951614e-01                 	7.7459811580e-01                 
1.6750000000e-01	3.7511554073e+02	6.4153244031e-06                 	4.3630307518e-06                 	2.0522936513e-06                 	6.8009510941e-01                 	7.6985567929e-01                 
1.7220000000e-01	3.6487719554e+02	6.4189778313e-06                 	4.4161232076e-06                 	2.0028546238e-06                 	6.8797919601e-01                 	7.6027917627e-01                 
1.7710000000e-01	3.5478177906e+02	6.4227009150e-06                 	4.4376235254e-06                 	1.9850773896e-06                 	6.9092794201e-01                 	7.5603889265e-01                 
1.8230000000e-01	3.4466183802e+02	6.4269653763e-06                 	4.4502082348e-06                 	1.9767571415e-06                 	6.9242760373e-01                 	7.5292400888e-01                 
1.8790000000e-01	3.3438985137e+02	6.4318862585e-06                 	4.4944512878e-06                 	1.9374349707e-06                 	6.9877654970e-01                 	7.4459116222e-01                 
1.9370000000e-01	3.2437714544e+02	6.4367109852e-06                 	4.5356446601e-06                 	1.9010663252e-06                 	7.0465252681e-01                 	7.3721428740e-01                 
2.0000000000e-01	3.1415926536e+02	6.4414533857e-06                 	4.5412071346e-06                 	1.9002462511e-06                 	7.0499728286e-01                 	7.3571382277e-01                 
2.0660000000e-01	3.0412319977e+02	6.4457704933e-06                 	4.5479336906e-06                 	1.8978368027e-06                 	7.0556866636e-01                 	7.3460911462e-01                 
2.1380000000e-01	2.9388144561e+02	6.4504253501e-06                 	4.5549509904e-06                 	1.8954743596e-06                 	7.0614738459e-01                 	7.3350061092e-01                 
2.2140000000e-01	2.8379337431e+02	6.4555614965e-06                 	4.5784596153e-06                 	1.8771018812e-06                 	7.0922717068e-01                 	7.2982855414e-01                 
2.2960000000e-01	2.7365789665e+02	6.4613571103e-06                 	4.6138079801e-06                 	1.8475491302e-06                 	7.1406175224e-01                 	7.2432969520e-01                 
2.3840000000e-01	2.6355643067e+02	6.4682249686e-06                 	4.6530865321e-06                 	1.8151384365e-06                 	7.1937611241e-01                 	7.1794428529e-01                 
2.4800000000e-01	2.5335424626e+02	6.4759934240e-06                 	4.7085964623e-06                 	1.7673969617e-06                 	7.2708481217e-01                 	7.0933629273e-01                 
1.0000000000e+00	6.2831853072e+01	6.8187816029e-06                 	5.4221441364e-06                 	1.3966374665e-06                 	7.9517785613e-01                 	6.2371306467e-01                 
1.1110000000e+00	5.6554323197e+01	6.8427621332e-06                 	5.5036361130e-06                 	1.3391260202e-06                 	8.0430036962e-01                 	6.1661392961e-01                 
1.2500000000e+00	5.0265482457e+01	6.8655635708e-06                 	5.6003032301e-06                 	1.2652603407e-06                 	8.1570917993e-01                 	6.0831566513e-01                 
1.4290000000e+00	4.3969106418e+01	6.8851353209e-06                 	5.7107501970e-06                 	1.1743851238e-06                 	8.2943180212e-01                 	5.9899664046e-01                 
1.6670000000e+00	3.7691573528e+01	6.8967468496e-06                 	5.8345866536e-06                 	1.0621601960e-06                 	8.4599112898e-01                 	5.8841331608e-01                 
2.0000000000e+00	3.1415926536e+01	6.8959630209e-06                 	5.9745362999e-06                 	9.2142672104e-07                 	8.6638171953e-01                 	5.7608390175e-01                 
2.1050000000e+00	2.9848861317e+01	6.8900649406e-06                 	6.0116841602e-06                 	8.7838078046e-07                 	8.7251487642e-01                 	5.7239174415e-01                 
2.2220000000e+00	2.8277161598e+01	6.8874957859e-06                 	6.0449785226e-06                 	8.4251726334e-07                 	8.7767436968e-01                 	5.6931601779e-01                 
2.3530000000e+00	2.6702869984e+01	6.8820468928e-06                 	6.0838691820e-06                 	7.9817771074e-07                 	8.8402030338e-01                 	5.6560948060e-01                 
2.5000000000e+00	2.5132741229e+01	6.8753649145e-06                 	6.1189528233e-06                 	7.5641209118e-07                 	8.8998226268e-01                 	5.6203409650e-01                 
2.6670000000e+00	2.3559000027e+01	6.8692826530e-06                 	6.1532196825e-06                 	7.1606297048e-07                 	8.9575869757e-01                 	5.5853961362e-01                 
2.8570000000e+00	2.1992248188e+01	6.8609029654e-06                 	6.1928597030e-06                 	6.6804326241e-07                 	9.0263041676e-01                 	5.5448075128e-01                 
3.0770000000e+00	2.0419841752e+01	6.8539288236e-06                 	6.2298143395e-06                 	6.2411448409e-07                 	9.0894062367e-01                 	5.5063959265e-01                 
3.3330000000e+00	1.8851441066e+01	6.8438414506e-06                 	6.2738392578e-06                 	5.7000219282e-07                 	9.1671312129e-01                 	5.4601858824e-01                 
3.6360000000e+00	1.7280487644e+01	6.8340066650e-06                 	6.3182094434e-06                 	5.1579722165e-07                 	9.2452491680e-01                 	5.4127368947e-01                 
4.0000000000e+00	1.5707963268e+01	6.8217948613e-06                 	6.3668656583e-06                 	4.5492920299e-07                 	9.3331238886e-01                 	5.3586055275e-01                 
4.4440000000e+00	1.4138580799e+01	6.8092501173e-06                 	6.4135498252e-06                 	3.9570029209e-07                 	9.4188783122e-01                 	5.3019033415e-01                 
5.0000000000e+00	1.2566370614e+01	6.7952242830e-06                 	6.4658917173e-06                 	3.2933256572e-07                 	9.5153470261e-01                 	5.2363641376e-01                 
5.2630000000e+00	1.1938410236e+01	6.7882943876e-06                 	6.4859188247e-06                 	3.0237556299e-07                 	9.5545632736e-01                 	5.2067738667e-01                 
5.5550000000e+00	1.1310864639e+01	6.7815814303e-06                 	6.5047647190e-06                 	2.7681671137e-07                 	9.5918109747e-01                 	5.1770468073e-01                 
5.8820000000e+00	1.0682055946e+01	6.7773667871e-06                 	6.5253481579e-06                 	2.5201862921e-07                 	9.6281466872e-01                 	5.1468744169e-01                 
6.2500000000e+00	1.0053096491e+01	6.7737167850e-06                 	6.5343871253e-06                 	2.3932965968e-07                 	9.6466789692e-01                 	5.1181811756e-01                 
6.6670000000e+00	9.4243067454e+00	6.7679904641e-06                 	6.5625102072e-06                 	2.0548025696e-07                 	9.6963939916e-01                 	5.0785128650e-01                 
7.1430000000e+00	8.7962835044e+00	6.7679563939e-06                 	6.5821497861e-06                 	1.8580660778e-07                 	9.7254612811e-01                 	5.0429303270e-01                 
7.6920000000e+00	8.1684676380e+00	6.7662702499e-06                 	6.5976205340e-06                 	1.6864971596e-07                 	9.7507493645e-01                 	5.0001939239e-01                 
8.3330000000e+00	7.5401239736e+00	6.7691376069e-06                 	6.6151637952e-06                 	1.5397381171e-07                 	9.7725355567e-01                 	4.9580331956e-01                 
9.0910000000e+00	6.9114347236e+00	6.7795534122e-06                 	6.6417066210e-06                 	1.3784679124e-07                 	9.7966727558e-01                 	4.9073344252e-01                 
1.0000000000e+01	6.2831853072e+00	6.7840371970e-06                 	6.6624687899e-06                 	1.2156840711e-07                 	9.8208022692e-01                 	4.8375500569e-01                 
1.0530000000e+01	5.9669376137e+00	6.7964119221e-06                 	6.6828702326e-06                 	1.1354168953e-07                 	9.8329387759e-01                 	4.8075570409e-01                 
1.1110000000e+01	5.6554323197e+00	6.7963524068e-06                 	6.6900972974e-06                 	1.0625510944e-07                 	9.8436586229e-01                 	4.7663861687e-01                 
1.1760000000e+01	5.3428446490e+00	6.8027800082e-06                 	6.7044049958e-06                 	9.8375012406e-08                 	9.8553899843e-01                 	4.7086068096e-01                 
1.2500000000e+01	5.0265482457e+00	6.8254795015e-06                 	6.7336697616e-06                 	9.1809739925e-08                 	9.8654896848e-01                 	4.6665742654e-01                 
1.3330000000e+01	4.7135673722e+00	6.8248576652e-06                 	6.7386412344e-06                 	8.6216430780e-08                 	9.8736729248e-01                 	4.6073958352e-01                 
1.4290000000e+01	4.3969106418e+00	6.8345262250e-06                 	6.7542655871e-06                 	8.0260637940e-08                 	9.8825659083e-01                 	4.5116972392e-01                 
1.5380000000e+01	4.0852960385e+00	6.8722542578e-06                 	6.7977894330e-06                 	7.4464824869e-08                 	9.8916442523e-01                 	4.4435612618e-01                 
1.6670000000e+01	3.7691573528e+00	6.8689214134e-06                 	6.7986881398e-06                 	7.0233273519e-08                 	9.8977521079e-01                 	4.3488176024e-01                 
1.8180000000e+01	3.4560975287e+00	6.8787267491e-06                 	6.8140075020e-06                 	6.4719247073e-08                 	9.9059139148e-01                 	4.1679439587e-01                 
2.0000000000e+01	3.1415926536e+00	6.9514235791e-06                 	6.8913013354e-06                 	6.0122243683e-08                 	9.9135108903e-01                 	4.0318562234e-01                 
2.0830000000e+01	3.0164115733e+00	6.9592373884e-06                 	6.9006826841e-06                 	5.8554704317e-08                 	9.9158604585e-01                 	3.9856134419e-01                 
2.1740000000e+01	2.8901496353e+00	6.9422191675e-06                 	6.8859363625e-06                 	5.6282805041e-08                 	9.9189267816e-01                 	3.9117293460e-01                 
2.2730000000e+01	2.7642698228e+00	6.9130217418e-06                 	6.8587349046e-06                 	5.4286837270e-08                 	9.9214716237e-01                 	3.7906863387e-01                 
2.3810000000e+01	2.6388850513e+00	6.8980026154e-06                 	6.8453862577e-06                 	5.2616357696e-08                 	9.9237223286e-01                 	3.6225098313e-01                 
2.5000000000e+01	2.5132741229e+00	6.9193801231e-06                 	6.8677247244e-06                 	5.1655398682e-08                 	9.9253467829e-01                 	3.4310696141e-01                 
2.6320000000e+01	2.3872284602e+00	6.9798929561e-06                 	6.9285423403e-06                 	5.1350615848e-08                 	9.9264306542e-01                 	3.2535452425e-01                 
2.7780000000e+01	2.2617657693e+00	7.0529868039e-06                 	7.0014060474e-06                 	5.1580756521e-08                 	9.9268667900e-01                 	3.1163835668e-01                 
2.9410000000e+01	2.1364111891e+00	7.0945753747e-06                 	7.0414307081e-06                 	5.3144666562e-08                 	9.9250911242e-01                 	3.0118661525e-01                 
3.1250000000e+01	2.0106192983e+00	7.0618272348e-06                 	7.0075704439e-06                 	5.4256790991e-08                 	9.9231689063e-01                 	2.8900402810e-01                 
3.3330000000e+01	1.8851441066e+00	6.9502356802e-06                 	6.8951579461e-06                 	5.5077734071e-08                 	9.9207541491e-01                 	2.6667198854e-01                 
3.5710000000e+01	1.7595030264e+00	6.8157302904e-06                 	6.7610776189e-06                 	5.4652671524e-08                 	9.9198139169e-01                 	2.2515510941e-01                 
3.8460000000e+01	1.6336935276e+00	6.7545341002e-06                 	6.7004211998e-06                 	5.4112900450e-08                 	9.9198865538e-01                 	1.6140891895e-01                 
4.1670000000e+01	1.5078438462e+00	6.8395484973e-06                 	6.7848083848e-06                 	5.4740112459e-08                 	9.9199653128e-01                 	8.2954392477e-02                 
4.5450000000e+01	1.3824390115e+00	7.0542252321e-06                 	6.9973897863e-06                 	5.6835445810e-08                 	9.9194306335e-01                 	3.1670986087e-03                 
5.0000000000e+01	1.2566370614e+00	7.2664419591e-06                 	7.2066554413e-06                 	5.9786517842e-08                 	9.9177224312e-01                 	-6.8831105231e-02                
5.5550000000e+01	1.1310864639e+00	7.2140117981e-06                 	7.1502263924e-06                 	6.3785405708e-08                 	9.9115812290e-01                 	-1.2960829833e-01                
8.0000000000e+01	7.8539816340e-01	3.7755504007e-06                 	3.7043508549e-06                 	7.1199545870e-08                 	9.8114194268e-01                 	-2.5433671086e-01                
1.0000000000e+02	6.2831853072e-01	1.7385357509e-06                 	1.6830947938e-06                 	5.5440957120e-08                 	9.6811054527e-01                 	-2.9958989695e-01                
1.2500000000e+02	5.0265482457e-01	7.4171497953e-07                 	6.9641406414e-07                 	4.5300915392e-08                 	9.3892409262e-01                 	-3.3105010614e-01                
1.5380000000e+02	4.0852960385e-01	3.4055525192e-07                 	3.0077459562e-07                 	3.9780656301e-08                 	8.8318883331e-01                 	-3.5122579164e-01                
2.0000000000e+02	3.1415926536e-01	1.3856148421e-07                 	1.0367100512e-07                 	3.4890479094e-08                 	7.4819496707e-01                 	-3.6783428773e-01                
2.8570000000e+02	2.1992248188e-01	5.4298217887e-08                 	2.4558110457e-08                 	2.9740107430e-08                 	4.5228207136e-01                 	-3.8014016367e-01                
