#wavelengths (mu)	size parameter  	extinction cross section (cm^2)  	scattering cross section (cm^2)  	absorption cross section (cm^2)  	single scattering albedo         	asymmetry parameter              
1.2400000000e-04	1.6023529460e+07	6.2831101081e-03                 	3.1424901348e-03                 	3.1406199732e-03                 	5.0014882452e-01                 	9.9999999737e-01                 
1.2980000000e-04	1.5307531996e+07	6.2831021581e-03                 	3.1422936359e-03                 	3.1408085222e-03                 	5.0011818315e-01                 	9.9999999695e-01                 
1.3600000000e-04	1.4609688625e+07	6.2830987725e-03                 	3.1421513946e-03                 	3.1409473779e-03                 	5.0009581393e-01                 	9.9999999652e-01                 
1.4240000000e-04	1.3953073406e+07	6.2830991145e-03                 	3.1420502593e-03                 	3.1410488552e-03                 	5.0007969030e-01                 	9.9999999602e-01                 
1.4920000000e-04	1.3317142447e+07	6.2831030996e-03                 	3.1419733093e-03                 	3.1411297902e-03                 	5.0006712599e-01                 	9.9999999552e-01                 
1.5620000000e-04	1.2720343489e+07	6.2831094347e-03                 	3.1419214492e-03                 	3.1411879855e-03                 	5.0005836790e-01                 	9.9999999498e-01                 
1.6360000000e-04	1.2144973429e+07	6.2831173700e-03                 	3.1418833784e-03                 	3.1412339916e-03                 	5.0005167712e-01                 	9.9999999444e-01                 
1.6740000000e-04	1.1869281082e+07	6.2831195630e-03                 	3.1418653264e-03                 	3.1412542366e-03                 	5.0004862949e-01                 	9.9999999429e-01                 
1.7130000000e-04	1.1599052265e+07	6.2831186746e-03                 	3.1418437226e-03                 	3.1412749520e-03                 	5.0004526180e-01                 	9.9999999437e-01                 
1.7530000000e-04	1.1334384786e+07	6.2830606204e-03                 	3.1510315884e-03                 	3.1320290321e-03                 	5.0151220539e-01                 	9.9999999089e-01                 
1.7940000000e-04	1.1075349237e+07	6.2830961000e-03                 	3.1499806256e-03                 	3.1331154744e-03                 	5.0134210514e-01                 	9.9999998868e-01                 
1.8360000000e-04	1.0821991574e+07	6.2831241717e-03                 	3.1490357759e-03                 	3.1340883958e-03                 	5.0118948629e-01                 	9.9999998730e-01                 
1.8790000000e-04	1.0574335567e+07	6.2831527267e-03                 	3.1482088269e-03                 	3.1349438998e-03                 	5.0105559484e-01                 	9.9999998596e-01                 
1.9680000000e-04	1.0096126286e+07	6.2832057215e-03                 	3.1468463675e-03                 	3.1363593540e-03                 	5.0083452731e-01                 	9.9999998327e-01                 
2.0610000000e-04	9.6405514462e+06	6.2832464807e-03                 	3.1458091768e-03                 	3.1374373039e-03                 	5.0066620599e-01                 	9.9999998037e-01                 
2.1590000000e-04	9.2029534648e+06	6.2832659551e-03                 	3.1449649124e-03                 	3.1383010427e-03                 	5.0053028710e-01                 	9.9999997699e-01                 
2.2610000000e-04	8.7877826318e+06	6.2832544837e-03                 	3.1443205042e-03                 	3.1389339795e-03                 	5.0042864130e-01                 	9.9999997314e-01                 
2.3680000000e-04	8.3906995484e+06	6.2832154647e-03                 	3.1437816929e-03                 	3.1394337718e-03                 	5.0034599491e-01                 	9.9999996873e-01                 
2.4800000000e-04	8.0117647301e+06	6.2831663809e-03                 	3.1433615914e-03                 	3.1398047896e-03                 	5.0028304215e-01                 	9.9999996341e-01                 
2.5970000000e-04	7.6508188412e+06	6.2831430729e-03                 	3.1430540111e-03                 	3.1400890618e-03                 	5.0023594475e-01                 	9.9999995736e-01                 
2.7200000000e-04	7.3048443127e+06	6.2831667886e-03                 	3.1428807787e-03                 	3.1402860099e-03                 	5.0020648575e-01                 	9.9999995030e-01                 
2.8480000000e-04	6.9765367031e+06	6.2832269828e-03                 	3.1427952928e-03                 	3.1404316901e-03                 	5.0018808828e-01                 	9.9999994191e-01                 
2.9830000000e-04	6.6608033961e+06	6.2832708680e-03                 	3.1427436497e-03                 	3.1405272183e-03                 	5.0017637561e-01                 	9.9999993195e-01                 
3.1240000000e-04	6.3601717447e+06	6.2832536525e-03                 	3.1426677908e-03                 	3.1405858617e-03                 	5.0016567285e-01                 	9.9999992009e-01                 
3.2720000000e-04	6.0724867147e+06	6.2832049371e-03                 	3.1425949558e-03                 	3.1406099812e-03                 	5.0015795877e-01                 	9.9999990532e-01                 
3.4260000000e-04	5.7995261327e+06	6.2832114308e-03                 	3.1425966184e-03                 	3.1406148124e-03                 	5.0015770645e-01                 	9.9999988917e-01                 
3.5880000000e-04	5.5376746183e+06	6.2832594967e-03                 	3.1426609676e-03                 	3.1405985291e-03                 	5.0016412170e-01                 	9.9999986991e-01                 
3.7580000000e-04	5.2871677835e+06	6.2832655000e-03                 	3.1427063198e-03                 	3.1405591802e-03                 	5.0017086175e-01                 	9.9999984496e-01                 
3.9360000000e-04	5.0480631429e+06	6.2832426339e-03                 	3.1427361458e-03                 	3.1405064881e-03                 	5.0017742890e-01                 	9.9999981575e-01                 
4.1220000000e-04	4.8202757231e+06	6.2832638885e-03                 	3.1428128739e-03                 	3.1404510146e-03                 	5.0018794845e-01                 	9.9999978455e-01                 
4.3170000000e-04	4.6025426293e+06	6.2832762456e-03                 	3.1429025385e-03                 	3.1403737071e-03                 	5.0020123510e-01                 	9.9999974301e-01                 
4.5210000000e-04	4.3948632007e+06	6.2832740397e-03                 	3.1429830424e-03                 	3.1402909974e-03                 	5.0021422311e-01                 	9.9999969557e-01                 
4.7350000000e-04	4.1962358037e+06	6.2832878484e-03                 	3.1430913277e-03                 	3.1401965207e-03                 	5.0023035766e-01                 	9.9999963831e-01                 
4.9590000000e-04	4.0066901655e+06	6.2832923533e-03                 	3.1431978608e-03                 	3.1400944925e-03                 	5.0024695400e-01                 	9.9999957044e-01                 
5.1930000000e-04	3.8261460679e+06	6.2833015631e-03                 	3.1433180085e-03                 	3.1399835546e-03                 	5.0026534250e-01                 	9.9999949031e-01                 
5.4390000000e-04	3.6530936809e+06	6.2833090718e-03                 	3.1434432368e-03                 	3.1398658350e-03                 	5.0028467498e-01                 	9.9999939674e-01                 
5.6960000000e-04	3.4882683516e+06	6.2833174475e-03                 	3.1435744581e-03                 	3.1397429894e-03                 	5.0030489218e-01                 	9.9999928850e-01                 
5.9650000000e-04	3.3309600219e+06	6.2833261651e-03                 	3.1437232925e-03                 	3.1396028726e-03                 	5.0032788525e-01                 	9.9999915448e-01                 
6.2480000000e-04	3.1800858724e+06	6.2833348390e-03                 	3.1438681904e-03                 	3.1394666487e-03                 	5.0035025522e-01                 	9.9999900686e-01                 
6.5430000000e-04	3.0367074019e+06	6.2833441166e-03                 	3.1440355058e-03                 	3.1393086108e-03                 	5.0037614485e-01                 	9.9999882252e-01                 
6.8520000000e-04	2.8997630663e+06	6.2833534674e-03                 	3.1442026429e-03                 	3.1391508245e-03                 	5.0040200017e-01                 	9.9999861476e-01                 
7.1760000000e-04	2.7688373092e+06	6.2833632045e-03                 	3.1443784921e-03                 	3.1389847124e-03                 	5.0042921120e-01                 	9.9999836972e-01                 
7.5160000000e-04	2.6435838918e+06	6.2833731123e-03                 	3.1445681072e-03                 	3.1388050051e-03                 	5.0045859939e-01                 	9.9999808610e-01                 
7.8710000000e-04	2.5243522463e+06	6.2833834702e-03                 	3.1447679811e-03                 	3.1386154891e-03                 	5.0048958431e-01                 	9.9999774976e-01                 
8.2440000000e-04	2.4101378615e+06	6.2833941443e-03                 	3.1449741635e-03                 	3.1384199808e-03                 	5.0052154796e-01                 	9.9999736081e-01                 
8.6330000000e-04	2.3015378814e+06	6.2834050303e-03                 	3.1451774759e-03                 	3.1382275544e-03                 	5.0055303784e-01                 	9.9999692243e-01                 
9.0410000000e-04	2.1976746522e+06	6.2834162848e-03                 	3.1453979334e-03                 	3.1380183514e-03                 	5.0058722689e-01                 	9.9999640861e-01                 
9.4690000000e-04	2.0983394794e+06	6.2834278711e-03                 	3.1456218877e-03                 	3.1378059835e-03                 	5.0062194588e-01                 	9.9999582180e-01                 
9.9170000000e-04	2.0035470939e+06	6.2834397723e-03                 	3.1458390543e-03                 	3.1376007180e-03                 	5.0065555942e-01                 	9.9999516408e-01                 
1.0390000000e-03	1.9123365284e+06	6.2834520748e-03                 	3.1460638199e-03                 	3.1373882549e-03                 	5.0069035022e-01                 	9.9999441331e-01                 
1.0880000000e-03	1.8262110782e+06	6.2834647735e-03                 	3.1462981772e-03                 	3.1371665963e-03                 	5.0072663580e-01                 	9.9999354599e-01                 
1.1390000000e-03	1.7444404329e+06	6.2834777318e-03                 	3.1465122460e-03                 	3.1369654858e-03                 	5.0075967169e-01                 	9.9999260254e-01                 
1.1930000000e-03	1.6654800109e+06	6.2834911146e-03                 	3.1467151003e-03                 	3.1367760143e-03                 	5.0079088883e-01                 	9.9999156737e-01                 
1.2490000000e-03	1.5908067679e+06	6.2835045486e-03                 	3.1468613327e-03                 	3.1366432159e-03                 	5.0081309059e-01                 	9.9999054313e-01                 
1.3090000000e-03	1.5178897273e+06	6.2835187580e-03                 	3.1470127827e-03                 	3.1365059753e-03                 	5.0083606080e-01                 	9.9998938422e-01                 
1.3700000000e-03	1.4503048562e+06	6.2835330434e-03                 	3.1470841509e-03                 	3.1364488925e-03                 	5.0084628014e-01                 	9.9998829064e-01                 
1.4020000000e-03	1.4172023203e+06	6.2835402647e-03                 	3.1470690133e-03                 	3.1364712514e-03                 	5.0084329546e-01                 	9.9998784539e-01                 
1.4350000000e-03	1.3846116049e+06	6.2835473103e-03                 	3.1469499945e-03                 	3.1365973157e-03                 	5.0082379254e-01                 	9.9998767808e-01                 
1.4690000000e-03	1.3525647740e+06	6.2835488604e-03                 	3.1467805126e-03                 	3.1367683477e-03                 	5.0079669667e-01                 	9.9998851824e-01                 
1.5030000000e-03	1.3219678330e+06	6.2835580362e-03                 	3.1469844373e-03                 	3.1365735989e-03                 	5.0082841906e-01                 	9.9998735423e-01                 
1.5380000000e-03	1.2918840397e+06	6.2835661157e-03                 	3.1470092435e-03                 	3.1365568722e-03                 	5.0083172287e-01                 	9.9998674337e-01                 
1.5740000000e-03	1.2623365013e+06	6.2835741564e-03                 	3.1469449333e-03                 	3.1366292231e-03                 	5.0082084733e-01                 	9.9998637631e-01                 
1.6110000000e-03	1.2333442912e+06	6.2835826307e-03                 	3.1467841211e-03                 	3.1367985096e-03                 	5.0079457947e-01                 	9.9998624295e-01                 
1.6490000000e-03	1.2049227732e+06	6.2835911095e-03                 	3.1465255001e-03                 	3.1370656094e-03                 	5.0075274556e-01                 	9.9998647966e-01                 
1.6870000000e-03	1.1777816556e+06	6.2836003515e-03                 	3.1460735786e-03                 	3.1375267729e-03                 	5.0068008826e-01                 	9.9998735028e-01                 
1.7270000000e-03	1.1505024048e+06	6.2836172434e-03                 	3.1451471034e-03                 	3.1384701400e-03                 	5.0053129934e-01                 	9.9998957873e-01                 
1.7670000000e-03	1.1244582077e+06	6.2833565498e-03                 	3.1425972130e-03                 	3.1407593367e-03                 	5.0014624956e-01                 	9.9999950093e-01                 
1.8080000000e-03	1.0989588789e+06	6.2835120848e-03                 	3.1461237476e-03                 	3.1373883373e-03                 	5.0069510572e-01                 	9.9999532197e-01                 
1.8510000000e-03	1.0734293101e+06	6.2835523039e-03                 	3.1481483022e-03                 	3.1354040017e-03                 	5.0101409997e-01                 	9.9999111539e-01                 
1.8940000000e-03	1.0490589509e+06	6.2835761052e-03                 	3.1496154802e-03                 	3.1339606250e-03                 	5.0124569631e-01                 	9.9998719465e-01                 
1.9380000000e-03	1.0252413070e+06	6.2835936301e-03                 	3.1507508125e-03                 	3.1328428177e-03                 	5.0142498034e-01                 	9.9998360252e-01                 
2.0300000000e-03	9.7877716899e+05	6.2836233091e-03                 	3.1528204474e-03                 	3.1308028617e-03                 	5.0175198167e-01                 	9.9997588702e-01                 
2.1260000000e-03	9.3458026955e+05	6.2836493734e-03                 	3.1546893418e-03                 	3.1289600316e-03                 	5.0204732224e-01                 	9.9996744443e-01                 
2.2260000000e-03	8.9259553147e+05	6.2836739430e-03                 	3.1564645401e-03                 	3.1272094030e-03                 	5.0232786880e-01                 	9.9995799167e-01                 
2.3310000000e-03	8.5238852555e+05	6.2836982447e-03                 	3.1582866442e-03                 	3.1254116005e-03                 	5.0261589930e-01                 	9.9994689439e-01                 
2.4420000000e-03	8.1364359257e+05	6.2837223319e-03                 	3.1600720785e-03                 	3.1236502534e-03                 	5.0289810904e-01                 	9.9993444387e-01                 
2.5570000000e-03	7.7705031406e+05	6.2837465959e-03                 	3.1619470147e-03                 	3.1217995812e-03                 	5.0319454588e-01                 	9.9991978314e-01                 
2.6780000000e-03	7.4194087119e+05	6.2837712920e-03                 	3.1638949857e-03                 	3.1198763063e-03                 	5.0350256855e-01                 	9.9990271456e-01                 
2.8050000000e-03	7.0834853941e+05	6.2837964231e-03                 	3.1659144768e-03                 	3.1178819463e-03                 	5.0382193560e-01                 	9.9988300036e-01                 
2.9370000000e-03	6.7651265000e+05	6.2838221911e-03                 	3.1681096067e-03                 	3.1157125845e-03                 	5.0416919994e-01                 	9.9985937662e-01                 
3.0760000000e-03	6.4594201985e+05	6.2838483698e-03                 	3.1702595597e-03                 	3.1135888101e-03                 	5.0450923910e-01                 	9.9983321239e-01                 
3.2220000000e-03	6.1667214558e+05	6.2838754525e-03                 	3.1726751428e-03                 	3.1112003097e-03                 	5.0489147450e-01                 	9.9980165159e-01                 
3.3740000000e-03	5.8889082782e+05	6.2839032761e-03                 	3.1750822453e-03                 	3.1088210308e-03                 	5.0527229745e-01                 	9.9976552143e-01                 
3.5340000000e-03	5.6222910386e+05	6.2839317332e-03                 	3.1774938528e-03                 	3.1064378804e-03                 	5.0565378297e-01                 	9.9972524552e-01                 
3.7010000000e-03	5.3685967389e+05	6.2839607930e-03                 	3.1798356584e-03                 	3.1041251346e-03                 	5.0602410854e-01                 	9.9968087878e-01                 
3.8760000000e-03	5.1262065352e+05	6.2839904149e-03                 	3.1824475124e-03                 	3.1015429026e-03                 	5.0643735942e-01                 	9.9963007685e-01                 
4.0590000000e-03	4.8950915325e+05	6.2840210084e-03                 	3.1852711232e-03                 	3.0987498852e-03                 	5.0688422572e-01                 	9.9957081981e-01                 
4.2510000000e-03	4.6740005953e+05	6.2840527493e-03                 	3.1882914737e-03                 	3.0957612756e-03                 	5.0736230279e-01                 	9.9950162761e-01                 
4.4520000000e-03	4.4629776574e+05	6.2840850547e-03                 	3.1910989352e-03                 	3.0929861195e-03                 	5.0780645192e-01                 	9.9942886182e-01                 
4.6630000000e-03	4.2610286362e+05	6.2841178171e-03                 	3.1939851342e-03                 	3.0901326830e-03                 	5.0826308913e-01                 	9.9935121897e-01                 
4.8830000000e-03	4.0690511019e+05	6.2841516766e-03                 	3.1972587992e-03                 	3.0868928774e-03                 	5.0878129042e-01                 	9.9925945097e-01                 
5.1140000000e-03	3.8852515703e+05	6.2841872670e-03                 	3.2013840845e-03                 	3.0828031824e-03                 	5.0943486382e-01                 	9.9914134640e-01                 
5.3560000000e-03	3.7097043560e+05	6.2842236177e-03                 	3.2052611974e-03                 	3.0789624203e-03                 	5.1004887674e-01                 	9.9901702866e-01                 
5.6090000000e-03	3.5423741363e+05	6.2842620168e-03                 	3.2102754635e-03                 	3.0739865533e-03                 	5.1084366866e-01                 	9.9885064109e-01                 
5.8740000000e-03	3.3825632500e+05	6.2843010687e-03                 	3.2143235281e-03                 	3.0699775407e-03                 	5.1148464927e-01                 	9.9868853198e-01                 
6.1520000000e-03	3.2297100992e+05	6.2843414158e-03                 	3.2186336823e-03                 	3.0657077335e-03                 	5.1216722156e-01                 	9.9850438551e-01                 
6.4430000000e-03	3.0838392877e+05	6.2843831165e-03                 	3.2224392893e-03                 	3.0619438272e-03                 	5.1276938875e-01                 	9.9831075702e-01                 
6.7480000000e-03	2.9444541391e+05	6.2844248473e-03                 	3.2262887164e-03                 	3.0581361310e-03                 	5.1337851828e-01                 	9.9811918375e-01                 
7.0670000000e-03	2.8115433042e+05	6.2844681315e-03                 	3.2308830180e-03                 	3.0535851135e-03                 	5.1410603896e-01                 	9.9788907444e-01                 
7.4010000000e-03	2.6846610634e+05	6.2845129589e-03                 	3.2356260781e-03                 	3.0488868809e-03                 	5.1485709381e-01                 	9.9763199022e-01                 
7.7510000000e-03	2.5634339479e+05	6.2845593397e-03                 	3.2410837472e-03                 	3.0434755924e-03                 	5.1572171923e-01                 	9.9733057000e-01                 
8.1170000000e-03	2.4478472996e+05	6.2846070104e-03                 	3.2463048009e-03                 	3.0383022094e-03                 	5.1654857584e-01                 	9.9701299174e-01                 
8.5010000000e-03	2.3372752065e+05	6.2846563248e-03                 	3.2517247913e-03                 	3.0329315336e-03                 	5.1740693893e-01                 	9.9666171033e-01                 
8.9030000000e-03	2.2317394733e+05	6.2847070239e-03                 	3.2574575453e-03                 	3.0272494786e-03                 	5.1831494021e-01                 	9.9627594203e-01                 
9.3240000000e-03	2.1309713139e+05	6.2847593419e-03                 	3.2633965361e-03                 	3.0213628057e-03                 	5.1925560847e-01                 	9.9585238971e-01                 
9.7660000000e-03	2.0345255509e+05	6.2848134642e-03                 	3.2691193170e-03                 	3.0156941472e-03                 	5.2016170975e-01                 	9.9540449400e-01                 
1.0230000000e-02	1.9422459952e+05	6.2848687885e-03                 	3.2749623695e-03                 	3.0099064190e-03                 	5.2108683247e-01                 	9.9494083077e-01                 
1.0710000000e-02	1.8551985556e+05	6.2849255989e-03                 	3.2820447306e-03                 	3.0028808683e-03                 	5.2220900295e-01                 	9.9437942319e-01                 
1.1220000000e-02	1.7708713485e+05	6.2849849017e-03                 	3.2893122684e-03                 	2.9956726334e-03                 	5.2336040894e-01                 	9.9377197147e-01                 
1.1750000000e-02	1.6909937473e+05	6.2850458384e-03                 	3.2970373601e-03                 	2.9880084783e-03                 	5.2458445728e-01                 	9.9309331784e-01                 
1.2300000000e-02	1.6153802057e+05	6.2851081855e-03                 	3.3052612455e-03                 	2.9798469400e-03                 	5.2588772507e-01                 	9.9234311003e-01                 
1.2590000000e-02	1.5781712892e+05	6.2851406349e-03                 	3.3098000178e-03                 	2.9753406171e-03                 	5.2660715329e-01                 	9.9192560345e-01                 
1.2890000000e-02	1.5414411583e+05	6.2851740478e-03                 	3.3142309412e-03                 	2.9709431066e-03                 	5.2730933400e-01                 	9.9149327245e-01                 
1.3190000000e-02	1.5063818446e+05	6.2852072485e-03                 	3.3189525300e-03                 	2.9662547185e-03                 	5.2805777101e-01                 	9.9103245038e-01                 
1.3490000000e-02	1.4728818777e+05	6.2852403626e-03                 	3.3239151245e-03                 	2.9613252381e-03                 	5.2884455212e-01                 	9.9053833696e-01                 
1.3810000000e-02	1.4387528263e+05	6.2852753104e-03                 	3.3291159575e-03                 	2.9561593529e-03                 	5.2966907464e-01                 	9.9000995874e-01                 
1.4130000000e-02	1.4061696058e+05	6.2853100733e-03                 	3.3342521265e-03                 	2.9510579467e-03                 	5.3048331549e-01                 	9.8946855100e-01                 
1.4460000000e-02	1.3740785982e+05	6.2853458454e-03                 	3.3398809056e-03                 	2.9454649398e-03                 	5.3137583639e-01                 	9.8886450385e-01                 
1.5150000000e-02	1.3114968007e+05	6.2854196147e-03                 	3.3515562275e-03                 	2.9338633871e-03                 	5.3322712452e-01                 	9.8757127936e-01                 
1.5860000000e-02	1.2527854055e+05	6.2854949167e-03                 	3.3646043487e-03                 	2.9208905681e-03                 	5.3529664621e-01                 	9.8606526313e-01                 
1.6610000000e-02	1.1962177321e+05	6.2855744664e-03                 	3.3824324656e-03                 	2.9031420008e-03                 	5.3812622596e-01                 	9.8399198801e-01                 
1.7400000000e-02	1.1419066972e+05	6.2856594020e-03                 	3.3987069562e-03                 	2.8869524459e-03                 	5.4070810058e-01                 	9.8165406059e-01                 
1.8220000000e-02	1.0905146285e+05	6.2857463273e-03                 	3.4142941356e-03                 	2.8714521917e-03                 	5.4318038906e-01                 	9.7916591258e-01                 
1.9080000000e-02	1.0413614534e+05	6.2858410102e-03                 	3.4296990121e-03                 	2.8561419980e-03                 	5.4562293360e-01                 	9.7595012287e-01                 
1.9990000000e-02	9.9395580443e+04	6.2859403286e-03                 	3.4279525633e-03                 	2.8579877653e-03                 	5.4533647857e-01                 	9.7414664943e-01                 
2.0930000000e-02	9.4931564885e+04	6.2860419940e-03                 	3.4066946056e-03                 	2.8793473884e-03                 	5.4194588723e-01                 	9.7463386430e-01                 
2.1920000000e-02	9.0644053515e+04	6.2861446729e-03                 	3.3631903642e-03                 	2.9229543087e-03                 	5.3501637954e-01                 	9.7867951094e-01                 
2.2430000000e-02	8.8583042936e+04	6.2861995135e-03                 	3.3346408663e-03                 	2.9515586471e-03                 	5.3047009711e-01                 	9.8173987038e-01                 
2.2960000000e-02	8.6538225307e+04	6.2862943845e-03                 	3.3129795685e-03                 	2.9733148160e-03                 	5.2701629384e-01                 	9.8249957285e-01                 
2.3490000000e-02	8.4585681271e+04	6.2861369113e-03                 	3.2099731348e-03                 	3.0761637764e-03                 	5.1064321063e-01                 	9.9715510627e-01                 
2.4040000000e-02	8.2650484736e+04	6.2861489422e-03                 	3.2566127794e-03                 	3.0295361628e-03                 	5.1806166373e-01                 	9.9455993852e-01                 
2.4800000000e-02	8.0117647301e+04	6.2862212883e-03                 	3.2648997997e-03                 	3.0213214886e-03                 	5.1937398478e-01                 	9.9384976371e-01                 
2.7550000000e-02	7.2120422978e+04	6.2864956795e-03                 	3.3011203794e-03                 	2.9853753001e-03                 	5.2511296399e-01                 	9.8999227428e-01                 
3.1000000000e-02	6.4094117840e+04	6.2868002928e-03                 	3.3383942487e-03                 	2.9484060440e-03                 	5.3101643019e-01                 	9.8544738808e-01                 
4.7690000000e-02	4.1663192557e+04	6.2882068672e-03                 	3.5907050503e-03                 	2.6975018169e-03                 	5.7102209360e-01                 	9.3620032017e-01                 
4.8060000000e-02	4.1342439722e+04	6.2882359243e-03                 	3.5972284657e-03                 	2.6910074587e-03                 	5.7205685489e-01                 	9.3469300144e-01                 
4.8430000000e-02	4.1026587922e+04	6.2882674723e-03                 	3.6075358692e-03                 	2.6807316031e-03                 	5.7369313330e-01                 	9.3223289890e-01                 
4.8810000000e-02	4.0707184041e+04	6.2882969325e-03                 	3.6149093444e-03                 	2.6733875881e-03                 	5.7486301668e-01                 	9.3057269266e-01                 
4.9200000000e-02	4.0384505143e+04	6.2883264006e-03                 	3.6225688980e-03                 	2.6657575025e-03                 	5.7607838195e-01                 	9.2892627841e-01                 
4.9590000000e-02	4.0066901655e+04	6.2883542129e-03                 	3.6290226000e-03                 	2.6593316128e-03                 	5.7710212835e-01                 	9.2767249306e-01                 
4.9990000000e-02	3.9746302322e+04	6.2883847364e-03                 	3.6374820441e-03                 	2.6509026923e-03                 	5.7844457624e-01                 	9.2581292350e-01                 
5.0400000000e-02	3.9422969307e+04	6.2884206568e-03                 	3.6476123556e-03                 	2.6408083013e-03                 	5.8005221893e-01                 	9.2306335540e-01                 
5.0810000000e-02	3.9104854419e+04	6.2884491667e-03                 	3.6533036189e-03                 	2.6351455478e-03                 	5.8095462364e-01                 	9.2198480682e-01                 
5.1230000000e-02	3.8784260259e+04	6.2884808637e-03                 	3.6607695695e-03                 	2.6277112942e-03                 	5.8213893766e-01                 	9.2027042772e-01                 
5.1660000000e-02	3.8461433470e+04	6.2885130733e-03                 	3.6692985367e-03                 	2.6192145365e-03                 	5.8349223322e-01                 	9.1837131077e-01                 
5.2090000000e-02	3.8143936515e+04	6.2885503832e-03                 	3.6853019427e-03                 	2.6032484405e-03                 	5.8603361954e-01                 	9.1446354063e-01                 
5.2540000000e-02	3.7817237401e+04	6.2885844189e-03                 	3.6985902804e-03                 	2.5899941385e-03                 	5.8814353661e-01                 	9.1159772877e-01                 
5.2980000000e-02	3.7503164459e+04	6.2886165035e-03                 	3.7004112744e-03                 	2.5882052291e-03                 	5.8843010578e-01                 	9.1096103544e-01                 
5.3440000000e-02	3.7180345304e+04	6.2886524772e-03                 	3.7080241180e-03                 	2.5806283592e-03                 	5.8963730806e-01                 	9.0893285402e-01                 
5.3910000000e-02	3.6856198350e+04	6.2886890073e-03                 	3.7157214845e-03                 	2.5729675228e-03                 	5.9085788471e-01                 	9.0688905693e-01                 
5.4380000000e-02	3.6537654525e+04	6.2887234316e-03                 	3.7233480694e-03                 	2.5653753622e-03                 	5.9206739013e-01                 	9.0511497898e-01                 
5.4860000000e-02	3.6217966698e+04	6.2887574606e-03                 	3.7245354052e-03                 	2.5642220554e-03                 	5.9225298933e-01                 	9.0465570092e-01                 
5.5350000000e-02	3.5897337905e+04	6.2887931392e-03                 	3.7311744994e-03                 	2.5576186398e-03                 	5.9330533170e-01                 	9.0305199079e-01                 
5.5850000000e-02	3.5575965140e+04	6.2888331891e-03                 	3.7402912082e-03                 	2.5485419808e-03                 	5.9475121947e-01                 	9.0050167315e-01                 
5.6360000000e-02	3.5254039266e+04	6.2888757923e-03                 	3.7490088821e-03                 	2.5398669101e-03                 	5.9613339585e-01                 	8.9777178018e-01                 
5.6870000000e-02	3.4937887340e+04	6.2889119513e-03                 	3.7512480874e-03                 	2.5376638639e-03                 	5.9648602437e-01                 	8.9706896456e-01                 
5.7400000000e-02	3.4615290123e+04	6.2889513412e-03                 	3.7585925847e-03                 	2.5303587566e-03                 	5.9765012968e-01                 	8.9515348815e-01                 
5.7940000000e-02	3.4292676097e+04	6.2889870415e-03                 	3.7586249175e-03                 	2.5303621241e-03                 	5.9765187822e-01                 	8.9515439151e-01                 
5.8480000000e-02	3.3976020059e+04	6.2890246037e-03                 	3.7591706220e-03                 	2.5298539817e-03                 	5.9773507958e-01                 	8.9481474687e-01                 
5.9040000000e-02	3.3653754286e+04	6.2890680829e-03                 	3.7680240928e-03                 	2.5210439900e-03                 	5.9913870278e-01                 	8.9232477594e-01                 
5.9610000000e-02	3.3331951905e+04	6.2891127008e-03                 	3.7717275636e-03                 	2.5173851372e-03                 	5.9972332236e-01                 	8.9075065668e-01                 
6.0190000000e-02	3.3010760144e+04	6.2891546142e-03                 	3.7733287561e-03                 	2.5158258581e-03                 	5.9997392138e-01                 	8.8998272632e-01                 
6.0780000000e-02	3.2690320057e+04	6.2891965836e-03                 	3.7750610853e-03                 	2.5141354983e-03                 	6.0024536284e-01                 	8.8925439548e-01                 
6.1380000000e-02	3.2370766586e+04	6.2892375607e-03                 	3.7768223241e-03                 	2.5124152365e-03                 	6.0052149210e-01                 	8.8870573637e-01                 
6.1990000000e-02	3.2052228635e+04	6.2892810531e-03                 	3.7795438782e-03                 	2.5097371749e-03                 	6.0095006827e-01                 	8.8774375144e-01                 
6.2620000000e-02	3.1729761307e+04	6.2893246120e-03                 	3.7757586690e-03                 	2.5135659429e-03                 	6.0034405950e-01                 	8.8817326371e-01                 
6.3260000000e-02	3.1408752024e+04	6.2893698671e-03                 	3.7787165937e-03                 	2.5106532734e-03                 	6.0081004513e-01                 	8.8717162768e-01                 
6.3910000000e-02	3.1089307668e+04	6.2894133930e-03                 	3.7790058676e-03                 	2.5104075254e-03                 	6.0085188101e-01                 	8.8694519900e-01                 
6.4580000000e-02	3.0766764525e+04	6.2894576588e-03                 	3.7753436714e-03                 	2.5141139874e-03                 	6.0026537679e-01                 	8.8753378777e-01                 
6.5250000000e-02	3.0450845258e+04	6.2895026410e-03                 	3.7765678451e-03                 	2.5129347959e-03                 	6.0045572133e-01                 	8.8708213198e-01                 
6.5950000000e-02	3.0127636892e+04	6.2895492857e-03                 	3.7785566996e-03                 	2.5109925861e-03                 	6.0076748395e-01                 	8.8649736140e-01                 
6.6660000000e-02	2.9806745470e+04	6.2895945077e-03                 	3.7785970385e-03                 	2.5109974692e-03                 	6.0076957804e-01                 	8.8649857028e-01                 
6.7380000000e-02	2.9488240621e+04	6.2896418666e-03                 	3.7790102865e-03                 	2.5106315801e-03                 	6.0083075741e-01                 	8.8625095604e-01                 
6.8120000000e-02	2.9167904478e+04	6.2896886718e-03                 	3.7790519847e-03                 	2.5106366871e-03                 	6.0083291589e-01                 	8.8625220784e-01                 
6.8880000000e-02	2.8846075102e+04	6.2897388375e-03                 	3.7857115558e-03                 	2.5040272818e-03                 	6.0188692306e-01                 	8.8472948782e-01                 
6.9650000000e-02	2.8527173770e+04	6.2897908861e-03                 	3.7881267796e-03                 	2.5016641065e-03                 	6.0226593351e-01                 	8.8388961763e-01                 
7.0450000000e-02	2.8203231413e+04	6.2898455287e-03                 	3.7953366093e-03                 	2.4945089194e-03                 	6.0340696635e-01                 	8.8203013069e-01                 
7.1260000000e-02	2.7882650197e+04	6.2898985282e-03                 	3.8012711363e-03                 	2.4886273920e-03                 	6.0434538319e-01                 	8.8063704658e-01                 
7.2080000000e-02	2.7565450237e+04	6.2899536965e-03                 	3.8076425781e-03                 	2.4823111185e-03                 	6.0535303784e-01                 	8.7898812630e-01                 
7.2930000000e-02	2.7244174593e+04	6.2900108621e-03                 	3.8156111215e-03                 	2.4743997406e-03                 	6.0661439307e-01                 	8.7700130091e-01                 
7.3800000000e-02	2.6923003429e+04	6.2900703800e-03                 	3.8231939186e-03                 	2.4668764614e-03                 	6.0781417181e-01                 	8.7496714580e-01                 
7.4690000000e-02	2.6602191097e+04	6.2901274205e-03                 	3.8245947350e-03                 	2.4655326855e-03                 	6.0803136078e-01                 	8.7449513232e-01                 
7.5600000000e-02	2.6281979538e+04	6.2901862336e-03                 	3.8343941751e-03                 	2.4557920585e-03                 	6.0958356918e-01                 	8.7231039848e-01                 
7.6530000000e-02	2.5962598367e+04	6.2902469930e-03                 	3.8490300592e-03                 	2.4412169337e-03                 	6.1190443929e-01                 	8.6909587534e-01                 
7.7490000000e-02	2.5640955647e+04	6.2903085392e-03                 	3.8589761348e-03                 	2.4313324044e-03                 	6.1347962675e-01                 	8.6688419468e-01                 
7.8470000000e-02	2.5320729617e+04	6.2903748490e-03                 	3.8713545731e-03                 	2.4190202758e-03                 	6.1544099773e-01                 	8.6384634500e-01                 
7.9480000000e-02	2.4998963929e+04	6.2904403163e-03                 	3.8777825140e-03                 	2.4126578023e-03                 	6.1645645122e-01                 	8.6221017902e-01                 
8.0510000000e-02	2.4679141138e+04	6.2905067976e-03                 	3.8842235104e-03                 	2.4062832872e-03                 	6.1747385948e-01                 	8.6057502914e-01                 
8.1570000000e-02	2.4358436350e+04	6.2905747176e-03                 	3.8883517462e-03                 	2.4022229714e-03                 	6.1812344988e-01                 	8.5941011734e-01                 
8.2660000000e-02	2.4037232677e+04	6.2906436492e-03                 	3.8923576580e-03                 	2.3982859912e-03                 	6.1875348137e-01                 	8.5832457974e-01                 
8.3770000000e-02	2.3718725714e+04	6.2907225099e-03                 	3.9101360691e-03                 	2.3805864408e-03                 	6.2157185649e-01                 	8.5376134218e-01                 
8.4920000000e-02	2.3397522999e+04	6.2908032962e-03                 	3.9198794266e-03                 	2.3709238697e-03                 	6.2311269992e-01                 	8.5081155387e-01                 
8.6100000000e-02	2.3076860082e+04	6.2908855030e-03                 	3.9306310220e-03                 	2.3602544810e-03                 	6.2481363238e-01                 	8.4770248260e-01                 
8.7310000000e-02	2.2757045620e+04	6.2909628424e-03                 	3.9369961983e-03                 	2.3539666441e-03                 	6.2581774793e-01                 	8.4601437467e-01                 
8.8560000000e-02	2.2435836191e+04	6.2910412929e-03                 	3.9395124650e-03                 	2.3515288278e-03                 	6.2620992005e-01                 	8.4516555551e-01                 
8.9840000000e-02	2.2116180466e+04	6.2911206939e-03                 	3.9473800773e-03                 	2.3437406166e-03                 	6.2745260652e-01                 	8.4332691935e-01                 
9.1160000000e-02	2.1795937396e+04	6.2912053695e-03                 	3.9524054353e-03                 	2.3387999343e-03                 	6.2824295236e-01                 	8.4178502757e-01                 
9.2530000000e-02	2.1473226554e+04	6.2912931660e-03                 	3.9584175874e-03                 	2.3328755786e-03                 	6.2918981566e-01                 	8.4002504841e-01                 
9.3930000000e-02	2.1153174205e+04	6.2913806837e-03                 	3.9611038247e-03                 	2.3302768591e-03                 	6.2960803420e-01                 	8.3905681509e-01                 
9.5370000000e-02	2.0833780571e+04	6.2914744056e-03                 	3.9633612047e-03                 	2.3281132009e-03                 	6.2995745500e-01                 	8.3785557808e-01                 
9.6860000000e-02	2.0513293961e+04	6.2915679360e-03                 	3.9689658684e-03                 	2.3226020676e-03                 	6.3083891150e-01                 	8.3623404848e-01                 
9.8400000000e-02	2.0192252572e+04	6.2916633668e-03                 	3.9651829948e-03                 	2.3264803720e-03                 	6.3022809130e-01                 	8.3648436705e-01                 
9.9990000000e-02	1.9871163647e+04	6.2917544200e-03                 	3.9568227410e-03                 	2.3349316791e-03                 	6.2889020721e-01                 	8.3813493089e-01                 
1.0160000000e-01	1.9556276113e+04	6.2918493442e-03                 	3.9545047364e-03                 	2.3373446079e-03                 	6.2851230537e-01                 	8.3838398228e-01                 
1.0330000000e-01	1.9234440010e+04	6.2919450060e-03                 	3.9529154721e-03                 	2.3390295339e-03                 	6.2825016244e-01                 	8.3877703256e-01                 
1.0510000000e-01	1.8905020486e+04	6.2920474619e-03                 	3.9465872006e-03                 	2.3454602613e-03                 	6.2723417529e-01                 	8.3996857981e-01                 
1.0690000000e-01	1.8586694603e+04	6.2921508154e-03                 	3.9429155834e-03                 	2.3492352321e-03                 	6.2664034906e-01                 	8.4054561604e-01                 
1.0880000000e-01	1.8262110782e+04	6.2922503366e-03                 	3.9392714384e-03                 	2.3529788983e-03                 	6.2605128970e-01                 	8.4172570359e-01                 
1.1070000000e-01	1.7948668953e+04	6.2923532978e-03                 	3.9351987800e-03                 	2.3571545177e-03                 	6.2539380639e-01                 	8.4270300421e-01                 
1.1270000000e-01	1.7630147764e+04	6.2924620777e-03                 	3.9327953600e-03                 	2.3596667177e-03                 	6.2500104275e-01                 	8.4329145437e-01                 
1.1480000000e-01	1.7307645061e+04	6.2925798815e-03                 	3.9451017723e-03                 	2.3474781092e-03                 	6.2694504426e-01                 	8.4075014224e-01                 
1.1700000000e-01	1.6982202163e+04	6.2927110616e-03                 	3.9873994218e-03                 	2.3053116399e-03                 	6.3365366417e-01                 	8.3189529953e-01                 
1.1920000000e-01	1.6668772257e+04	6.2928459080e-03                 	4.0120249867e-03                 	2.2808209213e-03                 	6.3755334953e-01                 	8.2624772206e-01                 
1.2160000000e-01	1.6339783331e+04	6.2929954763e-03                 	4.0515945169e-03                 	2.2414009594e-03                 	6.4382606537e-01                 	8.1756135382e-01                 
1.2400000000e-01	1.6023529460e+04	6.2931394584e-03                 	4.0830003922e-03                 	2.2101390662e-03                 	6.4880182922e-01                 	8.1081341261e-01                 
1.2650000000e-01	1.5706858917e+04	6.2933002728e-03                 	4.0992802904e-03                 	2.1940199824e-03                 	6.5137211205e-01                 	8.0629358128e-01                 
1.2920000000e-01	1.5378619606e+04	6.2934572677e-03                 	4.1104586908e-03                 	2.1829985769e-03                 	6.5313205699e-01                 	8.0355276140e-01                 
1.3190000000e-01	1.5063818446e+04	6.2936136782e-03                 	4.1216320968e-03                 	2.1719815814e-03                 	6.5489118137e-01                 	8.0083177409e-01                 
1.3480000000e-01	1.4739745201e+04	6.2937817085e-03                 	4.1274786639e-03                 	2.1663030446e-03                 	6.5580264061e-01                 	7.9903098798e-01                 
1.3780000000e-01	1.4418850893e+04	6.2939454209e-03                 	4.1357928945e-03                 	2.1581525264e-03                 	6.5710657115e-01                 	7.9724202822e-01                 
1.4090000000e-01	1.4101615707e+04	6.2941209389e-03                 	4.1469855264e-03                 	2.1471354125e-03                 	6.5886651474e-01                 	7.9456724518e-01                 
1.4420000000e-01	1.3778901894e+04	6.2943045192e-03                 	4.1633613529e-03                 	2.1309431663e-03                 	6.6144898776e-01                 	7.9104562806e-01                 
1.4760000000e-01	1.3461501714e+04	6.2944924909e-03                 	4.1796959720e-03                 	2.1147965189e-03                 	6.6402430030e-01                 	7.8755542230e-01                 
1.5120000000e-01	1.3140989769e+04	6.2946899322e-03                 	4.1959905907e-03                 	2.0986993415e-03                 	6.6659210158e-01                 	7.8409745141e-01                 
1.5500000000e-01	1.2818823568e+04	6.2949092633e-03                 	4.2282765796e-03                 	2.0666326837e-03                 	6.7169778034e-01                 	7.7727150348e-01                 
1.5900000000e-01	1.2496337441e+04	6.2951159224e-03                 	4.2177360184e-03                 	2.0773799040e-03                 	6.7000132649e-01                 	7.7905784915e-01                 
1.6310000000e-01	1.2182205108e+04	6.2953554507e-03                 	4.2574904524e-03                 	2.0378649983e-03                 	6.7629071715e-01                 	7.7074211630e-01                 
1.6750000000e-01	1.1862194944e+04	6.2955964948e-03                 	4.2812459987e-03                 	2.0143504961e-03                 	6.8003818259e-01                 	7.6585663170e-01                 
1.7220000000e-01	1.1538430041e+04	6.2958621771e-03                 	4.3317356173e-03                 	1.9641265597e-03                 	6.8802897768e-01                 	7.5603161853e-01                 
1.7710000000e-01	1.1219184941e+04	6.2961365719e-03                 	4.3514620512e-03                 	1.9446745207e-03                 	6.9113209371e-01                 	7.5165148538e-01                 
1.8230000000e-01	1.0899164306e+04	6.2964366095e-03                 	4.3625631854e-03                 	1.9338734241e-03                 	6.9286224193e-01                 	7.4842346467e-01                 
1.8790000000e-01	1.0574335567e+04	6.2967655521e-03                 	4.4042731262e-03                 	1.8924924259e-03                 	6.9945007318e-01                 	7.3985436134e-01                 
1.9370000000e-01	1.0257706004e+04	6.2970954815e-03                 	4.4428517272e-03                 	1.8542437543e-03                 	7.0553983821e-01                 	7.3224888871e-01                 
2.0000000000e-01	9.9345882653e+03	6.2974401208e-03                 	4.4468313891e-03                 	1.8506087317e-03                 	7.0613317535e-01                 	7.3064942101e-01                 
2.0660000000e-01	9.6172200051e+03	6.2977783660e-03                 	4.4517071161e-03                 	1.8460712499e-03                 	7.0686944783e-01                 	7.2944013702e-01                 
2.1380000000e-01	9.2933473015e+03	6.2981432843e-03                 	4.4567293422e-03                 	1.8414139421e-03                 	7.0762590513e-01                 	7.2822004985e-01                 
2.2140000000e-01	8.9743344763e+03	6.2985300082e-03                 	4.4775211921e-03                 	1.8210088161e-03                 	7.1088352144e-01                 	7.2436363341e-01                 
2.2960000000e-01	8.6538225307e+03	6.2989499314e-03                 	4.5095293177e-03                 	1.7894206136e-03                 	7.1591763181e-01                 	7.1862117305e-01                 
2.3840000000e-01	8.3343861286e+03	6.2994167936e-03                 	4.5452656529e-03                 	1.7541511406e-03                 	7.2153753306e-01                 	7.1196443204e-01                 
2.4800000000e-01	8.0117647301e+03	6.2999263807e-03                 	4.5962291179e-03                 	1.7036972628e-03                 	7.2956870290e-01                 	7.0299855320e-01                 
1.0000000000e+00	1.9869176531e+03	6.3362751875e-03                 	5.1637676238e-03                 	1.1725075637e-03                 	8.1495318164e-01                 	6.0931512815e-01                 
1.1110000000e+00	1.7884047282e+03	6.3418609397e-03                 	5.2283742517e-03                 	1.1134866880e-03                 	8.2442272093e-01                 	6.0154359432e-01                 
1.2500000000e+00	1.5895341224e+03	6.3491125036e-03                 	5.3063058574e-03                 	1.0428066462e-03                 	8.3575552558e-01                 	5.9260910094e-01                 
1.4290000000e+00	1.3904252296e+03	6.3587111038e-03                 	5.3970488494e-03                 	9.6166225443e-04                 	8.4876459416e-01                 	5.8282686419e-01                 
1.6670000000e+00	1.1919122094e+03	6.3716070289e-03                 	5.5028475684e-03                 	8.6875946057e-04                 	8.6365143729e-01                 	5.7222934181e-01                 
2.0000000000e+00	9.9345882653e+02	6.3888025981e-03                 	5.6293380701e-03                 	7.5946452799e-04                 	8.8112568571e-01                 	5.6070931708e-01                 
2.1050000000e+00	9.4390387318e+02	6.3936494205e-03                 	5.6661790146e-03                 	7.2747040589e-04                 	8.8621984753e-01                 	5.5751506148e-01                 
2.2220000000e+00	8.9420236411e+02	6.3984759233e-03                 	5.6978753691e-03                 	7.0060055414e-04                 	8.9050508863e-01                 	5.5492904072e-01                 
2.3530000000e+00	8.4441889208e+02	6.4035802553e-03                 	5.7362409884e-03                 	6.6733926689e-04                 	8.9578653811e-01                 	5.5184844778e-01                 
2.5000000000e+00	7.9476706122e+02	6.4082475922e-03                 	5.7720207635e-03                 	6.3622682867e-04                 	9.0071750201e-01                 	5.4904405787e-01                 
2.6670000000e+00	7.4500099477e+02	6.4126619265e-03                 	5.8068068287e-03                 	6.0585509774e-04                 	9.0552205860e-01                 	5.4641304822e-01                 
2.8570000000e+00	6.9545595137e+02	6.4167922816e-03                 	5.8476880420e-03                 	5.6910423958e-04                 	9.1131016642e-01                 	5.4337115986e-01                 
3.0770000000e+00	6.4573209394e+02	6.4202343616e-03                 	5.8852407521e-03                 	5.3499360945e-04                 	9.1667070401e-01                 	5.4066078366e-01                 
3.3330000000e+00	5.9613490941e+02	6.4229247184e-03                 	5.9308015024e-03                 	4.9212321601e-04                 	9.2338019865e-01                 	5.3741090444e-01                 
3.6360000000e+00	5.4645700029e+02	6.4242986621e-03                 	5.9760707705e-03                 	4.4822789154e-04                 	9.3022928803e-01                 	5.3421875705e-01                 
4.0000000000e+00	4.9672941326e+02	6.4238565860e-03                 	6.0258974401e-03                 	3.9795914592e-04                 	9.3804980846e-01                 	5.3070542517e-01                 
4.4440000000e+00	4.4710118206e+02	6.4209768014e-03                 	6.0731382724e-03                 	3.4783852904e-04                 	9.4582778605e-01                 	5.2728690871e-01                 
5.0000000000e+00	3.9738353061e+02	6.4149351331e-03                 	6.1244069360e-03                 	2.9052819717e-04                 	9.5471065706e-01                 	5.2346403852e-01                 
5.2630000000e+00	3.7752567985e+02	6.4113081020e-03                 	6.1442821759e-03                 	2.6702592605e-04                 	9.5835078867e-01                 	5.2189083588e-01                 
5.5550000000e+00	3.5768094564e+02	6.4070807785e-03                 	6.1626543805e-03                 	2.4442639804e-04                 	9.6185058274e-01                 	5.2036180562e-01                 
5.8820000000e+00	3.3779626880e+02	6.4024929105e-03                 	6.1801698248e-03                 	2.2232308566e-04                 	9.6527554364e-01                 	5.1886258341e-01                 
6.2500000000e+00	3.1790682449e+02	6.3974122114e-03                 	6.1868015573e-03                 	2.1061065416e-04                 	9.6707877385e-01                 	5.1790163976e-01                 
6.6670000000e+00	2.9802274682e+02	6.3922971197e-03                 	6.2117660455e-03                 	1.8053107423e-04                 	9.7175802832e-01                 	5.1598624765e-01                 
7.1430000000e+00	2.7816290817e+02	6.3866215381e-03                 	6.2240509077e-03                 	1.6257063047e-04                 	9.7454512852e-01                 	5.1468179484e-01                 
7.6920000000e+00	2.5830962728e+02	6.3810461506e-03                 	6.2341600645e-03                 	1.4688608606e-04                 	9.7698087702e-01                 	5.1350329091e-01                 
8.3330000000e+00	2.3843965595e+02	6.3758422240e-03                 	6.2427579906e-03                 	1.3308423340e-04                 	9.7912679945e-01                 	5.1244262898e-01                 
9.0910000000e+00	2.1855875625e+02	6.3707920491e-03                 	6.2526709353e-03                 	1.1812111371e-04                 	9.8145895945e-01                 	5.1133190999e-01                 
1.0000000000e+01	1.9869176531e+02	6.3658984627e-03                 	6.2626470739e-03                 	1.0325138888e-04                 	9.8378054732e-01                 	5.1023143237e-01                 
1.0530000000e+01	1.8869113514e+02	6.3632749013e-03                 	6.2675851828e-03                 	9.5689718525e-05                 	9.8496219007e-01                 	5.0966060424e-01                 
1.1110000000e+01	1.7884047282e+02	6.3608892256e-03                 	6.2719501623e-03                 	8.8939063296e-05                 	9.8601782547e-01                 	5.0914211386e-01                 
1.1760000000e+01	1.6895558274e+02	6.3583689867e-03                 	6.2764662184e-03                 	8.1902768288e-05                 	9.8711890290e-01                 	5.0859742910e-01                 
1.2500000000e+01	1.5895341224e+02	6.3564034539e-03                 	6.2808087498e-03                 	7.5594704080e-05                 	9.8810731499e-01                 	5.0811844667e-01                 
1.3330000000e+01	1.4905608800e+02	6.3541034856e-03                 	6.2838297101e-03                 	7.0273775506e-05                 	9.8894041061e-01                 	5.0765949983e-01                 
1.4290000000e+01	1.3904252296e+02	6.3520682268e-03                 	6.2871282824e-03                 	6.4939944413e-05                 	9.8977656692e-01                 	5.0720866511e-01                 
1.5380000000e+01	1.2918840397e+02	6.3501825661e-03                 	6.2909017839e-03                 	5.9280782218e-05                 	9.9066471214e-01                 	5.0674342446e-01                 
1.6670000000e+01	1.1919122094e+02	6.3487037257e-03                 	6.2936479321e-03                 	5.5055793611e-05                 	9.9132802601e-01                 	5.0635892637e-01                 
1.8180000000e+01	1.0929140006e+02	6.3474498794e-03                 	6.2971879198e-03                 	5.0261959651e-05                 	9.9208155076e-01                 	5.0594613412e-01                 
2.0000000000e+01	9.9345882653e+01	6.3464266267e-03                 	6.3009317405e-03                 	4.5494886286e-05                 	9.9283141696e-01                 	5.0552656598e-01                 
2.0830000000e+01	9.5387309316e+01	6.3461203159e-03                 	6.3023559954e-03                 	4.3764320468e-05                 	9.9310376761e-01                 	5.0536590241e-01                 
2.1740000000e+01	9.1394556258e+01	6.3458142739e-03                 	6.3041353639e-03                 	4.1678909939e-05                 	9.9343206275e-01                 	5.0518230383e-01                 
2.2730000000e+01	8.7413887068e+01	6.3455667379e-03                 	6.3055676873e-03                 	3.9999050644e-05                 	9.9369653613e-01                 	5.0501526821e-01                 
2.3810000000e+01	8.3448872451e+01	6.3455417752e-03                 	6.3068932903e-03                 	3.8648484875e-05                 	9.9390934829e-01                 	5.0487063498e-01                 
2.5000000000e+01	7.9476706122e+01	6.3456124575e-03                 	6.3078960100e-03                 	3.7716447531e-05                 	9.9405629515e-01                 	5.0474274053e-01                 
2.6320000000e+01	7.5490792289e+01	6.3458830623e-03                 	6.3088810019e-03                 	3.7002060355e-05                 	9.9416912351e-01                 	5.0462679124e-01                 
2.7780000000e+01	7.1523313645e+01	6.3462597023e-03                 	6.3098663434e-03                 	3.6393358900e-05                 	9.9426538456e-01                 	5.0451031773e-01                 
2.9410000000e+01	6.7559253759e+01	6.3470379035e-03                 	6.3104620838e-03                 	3.6575819698e-05                 	9.9423734028e-01                 	5.0444119527e-01                 
3.1250000000e+01	6.3581364898e+01	6.3480440558e-03                 	6.3114868954e-03                 	3.6557160368e-05                 	9.9424119303e-01                 	5.0435762643e-01                 
3.3330000000e+01	5.9613490941e+01	6.3493836200e-03                 	6.3126732318e-03                 	3.6710388218e-05                 	9.9421827528e-01                 	5.0428015020e-01                 
3.5710000000e+01	5.5640371130e+01	6.3509998839e-03                 	6.3145813074e-03                 	3.6418576468e-05                 	9.9426569404e-01                 	5.0416971218e-01                 
3.8460000000e+01	5.1661925456e+01	6.3527360178e-03                 	6.3166382921e-03                 	3.6097725628e-05                 	9.9431776710e-01                 	5.0402861529e-01                 
4.1670000000e+01	4.7682209097e+01	6.3551602988e-03                 	6.3190853155e-03                 	3.6074983341e-05                 	9.9432351323e-01                 	5.0389621893e-01                 
4.5450000000e+01	4.3716560023e+01	6.3583221255e-03                 	6.3221778221e-03                 	3.6144303384e-05                 	9.9431543375e-01                 	5.0375170158e-01                 
5.0000000000e+01	3.9738353061e+01	6.3619314605e-03                 	6.3260398801e-03                 	3.5891580445e-05                 	9.9435838304e-01                 	5.0353432546e-01                 
5.5550000000e+01	3.5768094564e+01	6.3667637311e-03                 	6.3307606428e-03                 	3.6003088275e-05                 	9.9434515088e-01                 	5.0329139353e-01                 
8.0000000000e+01	2.4836470663e+01	6.3932548616e-03                 	6.3502571898e-03                 	4.2997671828e-05                 	9.9327452561e-01                 	5.0253363465e-01                 
1.0000000000e+02	1.9869176531e+01	6.4109922151e-03                 	6.3710090606e-03                 	3.9983154440e-05                 	9.9376334379e-01                 	5.0099120322e-01                 
1.2500000000e+02	1.5895341224e+01	6.4335703638e-03                 	6.3959797937e-03                 	3.7590570167e-05                 	9.9415712147e-01                 	4.9882489571e-01                 
1.5380000000e+02	1.2918840397e+01	6.4597498942e-03                 	6.4238344953e-03                 	3.5915398879e-05                 	9.9444012547e-01                 	4.9598066526e-01                 
2.0000000000e+02	9.9345882653e+00	6.5014028789e-03                 	6.4676651512e-03                 	3.3737727691e-05                 	9.9481070035e-01                 	4.9060548888e-01                 
2.8570000000e+02	6.9545595137e+00	6.5761112852e-03                 	6.5453459480e-03                 	3.0765337157e-05                 	9.9532165199e-01                 	4.7819897497e-01                 
