#wavelengths (mu)	size parameter  	extinction cross section (cm^2)  	scattering cross section (cm^2)  	absorption cross section (cm^2)  	single scattering albedo         	asymmetry parameter              
4.7690000000e-02	5.2451224631e+00	1.0011665905e-10                 	5.9790401203e-11                 	4.0326257845e-11                 	5.9720731566e-01                 	8.2282594136e-01                 
4.8620000000e-02	5.1447941231e+00	1.0086272641e-10                 	5.8468474511e-11                 	4.2394251902e-11                 	5.7968366106e-01                 	8.2173682143e-01                 
4.9590000000e-02	5.0441599166e+00	1.0168510559e-10                 	5.7905350683e-11                 	4.3779754902e-11                 	5.6945754592e-01                 	8.1880731936e-01                 
5.0610000000e-02	4.9424993137e+00	1.0277983467e-10                 	5.7694242742e-11                 	4.5085591927e-11                 	5.6133815478e-01                 	8.1473673409e-01                 
5.1660000000e-02	4.8420420105e+00	1.0380058265e-10                 	5.7282698730e-11                 	4.6517883922e-11                 	5.5185334481e-01                 	8.1202975551e-01                 
5.2760000000e-02	4.7410896563e+00	1.0478197076e-10                 	5.6941226498e-11                 	4.7840744263e-11                 	5.4342580202e-01                 	8.0940071799e-01                 
5.3910000000e-02	4.6399534458e+00	1.0582433081e-10                 	5.6747852841e-11                 	4.9076477967e-11                 	5.3624579913e-01                 	8.0637908217e-01                 
5.5100000000e-02	4.5397439249e+00	1.0702966947e-10                 	5.6727311542e-11                 	5.0302357932e-11                 	5.3001482506e-01                 	8.0287255524e-01                 
5.6360000000e-02	4.4382521339e+00	1.0823095901e-10                 	5.6662340214e-11                 	5.1568618794e-11                 	5.2353172081e-01                 	7.9969143356e-01                 
5.7670000000e-02	4.3374352395e+00	1.0957436674e-10                 	5.6769378383e-11                 	5.2804988358e-11                 	5.1808995179e-01                 	7.9596803381e-01                 
5.9040000000e-02	4.2367867592e+00	1.1109425956e-10                 	5.6969289191e-11                 	5.4124970369e-11                 	5.1280137620e-01                 	7.9211001113e-01                 
6.0480000000e-02	4.1359108840e+00	1.1252796948e-10                 	5.7017122689e-11                 	5.5510846796e-11                 	5.0669289555e-01                 	7.8901235842e-01                 
6.1990000000e-02	4.0351651922e+00	1.1401279594e-10                 	5.7186279620e-11                 	5.6826516324e-11                 	5.0157773210e-01                 	7.8541961796e-01                 
6.3580000000e-02	3.9342543294e+00	1.1569019259e-10                 	5.7543284025e-11                 	5.8146908567e-11                 	4.9739120262e-01                 	7.8116508304e-01                 
6.5260000000e-02	3.8329741076e+00	1.1755239934e-10                 	5.8026005922e-11                 	5.9526393420e-11                 	4.9361821832e-01                 	7.7656529676e-01                 
6.7020000000e-02	3.7323170735e+00	1.1959852842e-10                 	5.8644578342e-11                 	6.0953950074e-11                 	4.9034531711e-01                 	7.7162483263e-01                 
6.8880000000e-02	3.6315315079e+00	1.2202503413e-10                 	5.9605573159e-11                 	6.2419460974e-11                 	4.8847003881e-01                 	7.6556376647e-01                 
6.9850000000e-02	3.5811007912e+00	1.2392267465e-10                 	6.0666400389e-11                 	6.3256274259e-11                 	4.8955044394e-01                 	7.6083509791e-01                 
7.0850000000e-02	3.5305559670e+00	1.2599679885e-10                 	6.1599244388e-11                 	6.4397554462e-11                 	4.8889531282e-01                 	7.5747420850e-01                 
7.1250000000e-02	3.5107353020e+00	1.2674029448e-10                 	6.1794240366e-11                 	6.4946054118e-11                 	4.8756585755e-01                 	7.5708990778e-01                 
7.1870000000e-02	3.4804492871e+00	1.2764177985e-10                 	6.1884415171e-11                 	6.5757364677e-11                 	4.8482883304e-01                 	7.5722575267e-01                 
7.2930000000e-02	3.4298627487e+00	1.2797912288e-10                 	6.1025412136e-11                 	6.6953710741e-11                 	4.7683880593e-01                 	7.6074210317e-01                 
7.4020000000e-02	3.3793554480e+00	1.2773550573e-10                 	5.9894245877e-11                 	6.7841259855e-11                 	4.6889269772e-01                 	7.6451056712e-01                 
7.5140000000e-02	3.3289844326e+00	1.2713542962e-10                 	5.8635884184e-11                 	6.8499545439e-11                 	4.6120805473e-01                 	7.6811440410e-01                 
7.6290000000e-02	3.2788031231e+00	1.2611367279e-10                 	5.7181424414e-11                 	6.8932248380e-11                 	4.5341177643e-01                 	7.7155780584e-01                 
7.7490000000e-02	3.2280280070e+00	1.2477683612e-10                 	5.5695600395e-11                 	6.9081235724e-11                 	4.4636169763e-01                 	7.7336862642e-01                 
7.8720000000e-02	3.1775900694e+00	1.2428053940e-10                 	5.5121750826e-11                 	6.9158788572e-11                 	4.4352680712e-01                 	7.7086310972e-01                 
7.9990000000e-02	3.1271395207e+00	1.2401056682e-10                 	5.4725320170e-11                 	6.9285246654e-11                 	4.4129562159e-01                 	7.6776421418e-01                 
8.1300000000e-02	3.0767514178e+00	1.2424801755e-10                 	5.4825829839e-11                 	6.9422187716e-11                 	4.4126120415e-01                 	7.6253571883e-01                 
8.2660000000e-02	3.0261298121e+00	1.2536930623e-10                 	5.5683163562e-11                 	6.9686142671e-11                 	4.4415308048e-01                 	7.5500048775e-01                 
8.3770000000e-02	2.9860318761e+00	1.2730242760e-10                 	5.7240485381e-11                 	7.0061942218e-11                 	4.4964174258e-01                 	7.4675695636e-01                 
8.4920000000e-02	2.9455945627e+00	1.3030847099e-10                 	5.9590163871e-11                 	7.0718307117e-11                 	4.5730076809e-01                 	7.3750963795e-01                 
8.6100000000e-02	2.9052252063e+00	1.3299055670e-10                 	6.1436962186e-11                 	7.1553594516e-11                 	4.6196484705e-01                 	7.3162723463e-01                 
8.6700000000e-02	2.8851198416e+00	1.3409950826e-10                 	6.2085994154e-11                 	7.2013514106e-11                 	4.6298450277e-01                 	7.3022639467e-01                 
8.7310000000e-02	2.8649626648e+00	1.3457887617e-10                 	6.2099461539e-11                 	7.2479414627e-11                 	4.6143542960e-01                 	7.3127396674e-01                 
8.8560000000e-02	2.8245245061e+00	1.3464281313e-10                 	6.1373178150e-11                 	7.3269634985e-11                 	4.5582216177e-01                 	7.3541912655e-01                 
8.9840000000e-02	2.7842819486e+00	1.3375902158e-10                 	5.9923221219e-11                 	7.3835800359e-11                 	4.4799386622e-01                 	7.4113577620e-01                 
9.1160000000e-02	2.7439654483e+00	1.3217469855e-10                 	5.8172730037e-11                 	7.4001968513e-11                 	4.4012001295e-01                 	7.4454807049e-01                 
9.2520000000e-02	2.7036304611e+00	1.3106210169e-10                 	5.7046682923e-11                 	7.4015418769e-11                 	4.3526452107e-01                 	7.4283996541e-01                 
9.3920000000e-02	2.6633293256e+00	1.3027913037e-10                 	5.6231190119e-11                 	7.4047940249e-11                 	4.3162085869e-01                 	7.3957045048e-01                 
9.5370000000e-02	2.6228362196e+00	1.2958046793e-10                 	5.5516772361e-11                 	7.4063695565e-11                 	4.2843472670e-01                 	7.3499907575e-01                 
9.6860000000e-02	2.5824890591e+00	1.2975891111e-10                 	5.5559027795e-11                 	7.4199883311e-11                 	4.2817119319e-01                 	7.2752129539e-01                 
9.8390000000e-02	2.5423304224e+00	1.3083083394e-10                 	5.6343445241e-11                 	7.4487388695e-11                 	4.3065876404e-01                 	7.1846038198e-01                 
9.9980000000e-02	2.5018992825e+00	1.3269814602e-10                 	5.7812134347e-11                 	7.4886011672e-11                 	4.3566648127e-01                 	7.0800087543e-01                 
1.0160000000e-01	2.4620067939e+00	1.3553709889e-10                 	6.0187473854e-11                 	7.5349625037e-11                 	4.4406641684e-01                 	6.9570545123e-01                 
1.0330000000e-01	2.4214897412e+00	1.3838729839e-10                 	6.2647165751e-11                 	7.5740132639e-11                 	4.5269447760e-01                 	6.8404151205e-01                 
1.0420000000e-01	2.4005747626e+00	1.3962354465e-10                 	6.3734145534e-11                 	7.5889399112e-11                 	4.5647133294e-01                 	6.7877863509e-01                 
1.0510000000e-01	2.3800179854e+00	1.4067812402e-10                 	6.4672257639e-11                 	7.6005866376e-11                 	4.5971794187e-01                 	6.7401760409e-01                 
1.0600000000e-01	2.3598102855e+00	1.4168497352e-10                 	6.5591331650e-11                 	7.6093641875e-11                 	4.6293781209e-01                 	6.6938493755e-01                 
1.0690000000e-01	2.3399428463e+00	1.4243081154e-10                 	6.6200566717e-11                 	7.6230244819e-11                 	4.6479105190e-01                 	6.6630384676e-01                 
1.0780000000e-01	2.3204071453e+00	1.4311616839e-10                 	6.6714457284e-11                 	7.6401711106e-11                 	4.6615597688e-01                 	6.6380908796e-01                 
1.0880000000e-01	2.2990798738e+00	1.4377602609e-10                 	6.7101222637e-11                 	7.6674803450e-11                 	4.6670661627e-01                 	6.6219398102e-01                 
1.0970000000e-01	2.2802177782e+00	1.4450039960e-10                 	6.7450708858e-11                 	7.7049690744e-11                 	4.6678562166e-01                 	6.6209683593e-01                 
1.1070000000e-01	2.2596196049e+00	1.4531595911e-10                 	6.7678530208e-11                 	7.7637428899e-11                 	4.6573363741e-01                 	6.6462725355e-01                 
1.1170000000e-01	2.2393902441e+00	1.4618456235e-10                 	6.7912304238e-11                 	7.8272258108e-11                 	4.6456549959e-01                 	6.6932059090e-01                 
1.1270000000e-01	2.2195198781e+00	1.4672957550e-10                 	6.7957651585e-11                 	7.8771923912e-11                 	4.6314896881e-01                 	6.7642264987e-01                 
1.1370000000e-01	2.1999990349e+00	1.4506829256e-10                 	6.6361769958e-11                 	7.8706522606e-11                 	4.5745192685e-01                 	6.8586984916e-01                 
1.1430000000e-01	2.1884504835e+00	1.4218759808e-10                 	6.3934268098e-11                 	7.8253329981e-11                 	4.4964728965e-01                 	6.8980953003e-01                 
1.1450000000e-01	2.1846278626e+00	1.3946556047e-10                 	6.1692519038e-11                 	7.7773041429e-11                 	4.4234948636e-01                 	6.9198145938e-01                 
1.1480000000e-01	2.1789189047e+00	1.3603963574e-10                 	5.8632182340e-11                 	7.7407453395e-11                 	4.3099337942e-01                 	6.8953495771e-01                 
1.1530000000e-01	2.1694699936e+00	1.3443630965e-10                 	5.6992333592e-11                 	7.7443976063e-11                 	4.2393557022e-01                 	6.8046494707e-01                 
1.1590000000e-01	2.1582389151e+00	1.3480232578e-10                 	5.7213866743e-11                 	7.7588459035e-11                 	4.2442789034e-01                 	6.6973172258e-01                 
1.1640000000e-01	2.1489681294e+00	1.3747533174e-10                 	5.9710421545e-11                 	7.7764910190e-11                 	4.3433553345e-01                 	6.5472738485e-01                 
1.1700000000e-01	2.1379477800e+00	1.4186190818e-10                 	6.4189295874e-11                 	7.7672612301e-11                 	4.5247731896e-01                 	6.3619771112e-01                 
1.1750000000e-01	2.1288501299e+00	1.4676757341e-10                 	7.0020562834e-11                 	7.6747010577e-11                 	4.7708469389e-01                 	6.1497233393e-01                 
1.1810000000e-01	2.1180346339e+00	1.4917502895e-10                 	7.3713483740e-11                 	7.5461545214e-11                 	4.9414090453e-01                 	6.0005762342e-01                 
1.1860000000e-01	2.1091053142e+00	1.4991004958e-10                 	7.5622120660e-11                 	7.4287928923e-11                 	5.0444997430e-01                 	5.8995648698e-01                 
1.1920000000e-01	2.0984890123e+00	1.4983659203e-10                 	7.6306044034e-11                 	7.3530547994e-11                 	5.0926174309e-01                 	5.8329990808e-01                 
1.1960000000e-01	2.0914706544e+00	1.4957758307e-10                 	7.6315706573e-11                 	7.3261876502e-11                 	5.1020818096e-01                 	5.8036546590e-01                 
1.1980000000e-01	2.0879790506e+00	1.4929796615e-10                 	7.5987030547e-11                 	7.3310935605e-11                 	5.0896226188e-01                 	5.8009784906e-01                 
1.2040000000e-01	2.0775738394e+00	1.4879717477e-10                 	7.4694432378e-11                 	7.4102742395e-11                 	5.0198824334e-01                 	5.8269073552e-01                 
1.2100000000e-01	2.0672718204e+00	1.4856716207e-10                 	7.3266604186e-11                 	7.5300557883e-11                 	4.9315476694e-01                 	5.8664970570e-01                 
1.2150000000e-01	2.0587645289e+00	1.4854930942e-10                 	7.1941832179e-11                 	7.6607477244e-11                 	4.8429597188e-01                 	5.9032958395e-01                 
1.2270000000e-01	2.0386299125e+00	1.4930453255e-10                 	7.0073037143e-11                 	7.9231495410e-11                 	4.6932960403e-01                 	5.9201945754e-01                 
1.2400000000e-01	2.0172571795e+00	1.5233547203e-10                 	7.0676380598e-11                 	8.1659091433e-11                 	4.6395222108e-01                 	5.8503733630e-01                 
1.2520000000e-01	1.9979224462e+00	1.5859834064e-10                 	7.5878071145e-11                 	8.2720269498e-11                 	4.7842916160e-01                 	5.6975306199e-01                 
1.2650000000e-01	1.9773904369e+00	1.6907672059e-10                 	8.7822352595e-11                 	8.1254367999e-11                 	5.1942308963e-01                 	5.5553942481e-01                 
1.2780000000e-01	1.9572761367e+00	1.8205131397e-10                 	1.0424937358e-10                 	7.7801940382e-11                 	5.7263730381e-01                 	5.5477443367e-01                 
1.2910000000e-01	1.9375669269e+00	1.9957709170e-10                 	1.2728069735e-10                 	7.2296394350e-11                 	6.3775203990e-01                 	5.5811361816e-01                 
1.3050000000e-01	1.9167807683e+00	2.2328279518e-10                 	1.5574754634e-10                 	6.7535248835e-11                 	6.9753491853e-01                 	5.6585270824e-01                 
1.3190000000e-01	1.8964358625e+00	2.4532766895e-10                 	1.8578457777e-10                 	5.9543091180e-11                 	7.5729157891e-01                 	5.5250447295e-01                 
1.3330000000e-01	1.8765183066e+00	2.4280996353e-10                 	1.9897393078e-10                 	4.3836032743e-11                 	8.1946361629e-01                 	5.1584385767e-01                 
1.3480000000e-01	1.8556371681e+00	2.2145427210e-10                 	1.9610270209e-10                 	2.5351570009e-11                 	8.8552232581e-01                 	4.7496517188e-01                 
1.3620000000e-01	1.8365630710e+00	2.0309695146e-10                 	1.8942020770e-10                 	1.3676743758e-11                 	9.3265903964e-01                 	4.5098585904e-01                 
1.3780000000e-01	1.8152386812e+00	1.9219567456e-10                 	1.8550569966e-10                 	6.6899748918e-12                 	9.6519185509e-01                 	4.3694827617e-01                 
1.3930000000e-01	1.7956919617e+00	1.8718358348e-10                 	1.8388943835e-10                 	3.2941451219e-12                 	9.8240152763e-01                 	4.3202809588e-01                 
1.4090000000e-01	1.7753008535e+00	1.8536589279e-10                 	1.8396975036e-10                 	1.3961424259e-12                 	9.9246818061e-01                 	4.3191394680e-01                 
1.4250000000e-01	1.7553676510e+00	1.8530084579e-10                 	1.8485360538e-10                 	4.4724040962e-13                 	9.9758640924e-01                 	4.3689323467e-01                 
1.4420000000e-01	1.7346733028e+00	1.8616150257e-10                 	1.8605658201e-10                 	1.0492056466e-13                 	9.9943640031e-01                 	4.4577258284e-01                 
1.4590000000e-01	1.7144612081e+00	1.8692136567e-10                 	1.8690478209e-10                 	1.6583577081e-14                 	9.9991128046e-01                 	4.5852227528e-01                 
1.4760000000e-01	1.6947147037e+00	1.8667226115e-10                 	1.8667092075e-10                 	1.3404022166e-15                 	9.9999281949e-01                 	4.7436309946e-01                 
1.4940000000e-01	1.6742964542e+00	1.8452603781e-10                 	1.8452463259e-10                 	1.4052151900e-15                 	9.9999238473e-01                 	4.9274833653e-01                 
1.5120000000e-01	1.6543643536e+00	1.7955964057e-10                 	1.7955818243e-10                 	1.4581397327e-15                 	9.9999187936e-01                 	5.1226596357e-01                 
1.5310000000e-01	1.6338333786e+00	1.7206119634e-10                 	1.7205970780e-10                 	1.4885330112e-15                 	9.9999134882e-01                 	5.3071096625e-01                 
1.5500000000e-01	1.6138057436e+00	1.6153629745e-10                 	1.6153480855e-10                 	1.4888995632e-15                 	9.9999078288e-01                 	5.4800766279e-01                 
1.5900000000e-01	1.5732068570e+00	1.3652613199e-10                 	1.3652472460e-10                 	1.4073892558e-15                 	9.9998969143e-01                 	5.7212518513e-01                 
1.6310000000e-01	1.5336596583e+00	1.1168848940e-10                 	1.1168722891e-10                 	1.2604967495e-15                 	9.9998871417e-01                 	5.7867940059e-01                 
1.6750000000e-01	1.4933724792e+00	9.1333592703e-11                 	9.1332486981e-11                 	1.1057223280e-15                 	9.9998789359e-01                 	5.6724700505e-01                 
1.7220000000e-01	1.4526126032e+00	7.5761108393e-11                 	7.5760137946e-11                 	9.7044687377e-16                 	9.9998719070e-01                 	5.4185729392e-01                 
1.7710000000e-01	1.4124217406e+00	6.4220602675e-11                 	6.4219739085e-11                 	8.6359025744e-16                 	9.9998655275e-01                 	5.0878343943e-01                 
1.8370000000e-01	1.3616760493e+00	5.3365057274e-11                 	5.3364295834e-11                 	7.6144008035e-16                 	9.9998573149e-01                 	4.6276233094e-01                 
1.8510000000e-01	1.3513770409e+00	5.1828933626e-11                 	5.1828187586e-11                 	7.4603994572e-16                 	9.9998560572e-01                 	4.5405261746e-01                 
1.8546700000e-01	1.3487029513e+00	5.1224483471e-11                 	5.1223742538e-11                 	7.4093282378e-16                 	9.9998553557e-01                 	4.5129452393e-01                 
1.9358300000e-01	1.2921583520e+00	4.2680947062e-11                 	4.2680283467e-11                 	6.6359572071e-16                 	9.9998445218e-01                 	4.0133887706e-01                 
1.9800000000e-01	1.2633327791e+00	3.8733631720e-11                 	3.8733000879e-11                 	6.3084106236e-16                 	9.9998371335e-01                 	3.7667671624e-01                 
2.0006000000e-01	1.2503243540e+00	3.7340672381e-11                 	3.7340053877e-11                 	6.1850352449e-16                 	9.9998343620e-01                 	3.6663597763e-01                 
2.0255000000e-01	1.2349537905e+00	3.5542909752e-11                 	3.5542305828e-11                 	6.0392411374e-16                 	9.9998300859e-01                 	3.5451642494e-01                 
2.0444800000e-01	1.2234890547e+00	3.4250763939e-11                 	3.4250170308e-11                 	5.9363062251e-16                 	9.9998266811e-01                 	3.4570478036e-01                 
2.1107000000e-01	1.1851039478e+00	3.0199745563e-11                 	3.0199183301e-11                 	5.6226235781e-16                 	9.9998138188e-01                 	3.1763815037e-01                 
2.1443900000e-01	1.1664850623e+00	2.8371895758e-11                 	2.8371347262e-11                 	5.4849656267e-16                 	9.9998066761e-01                 	3.0480515715e-01                 
2.1946200000e-01	1.1397867980e+00	2.5890973504e-11                 	2.5890443401e-11                 	5.3010310753e-16                 	9.9997952556e-01                 	2.8725541893e-01                 
2.2650300000e-01	1.1043557492e+00	2.2839597306e-11                 	2.2839089568e-11                 	5.0773844540e-16                 	9.9997776938e-01                 	2.6544155804e-01                 
2.3100000000e-01	1.0828566678e+00	2.1093443562e-11                 	2.1092948480e-11                 	4.9508205778e-16                 	9.9997652910e-01                 	2.5292339332e-01                 
2.3128800000e-01	1.0815082938e+00	2.1008350438e-11                 	2.1007856095e-11                 	4.9434257081e-16                 	9.9997646923e-01                 	2.5220683796e-01                 
2.4279600000e-01	1.0302471633e+00	1.7271942153e-11                 	1.7271475492e-11                 	4.6666120234e-16                 	9.9997298154e-01                 	2.2467682882e-01                 
2.5032900000e-01	9.9924455522e-01	1.5251096851e-11                 	1.5250645592e-11                 	4.5125927686e-16                 	9.9997041136e-01                 	2.0934326521e-01                 
2.5730400000e-01	9.7215702152e-01	1.3626382378e-11                 	1.3625943862e-11                 	4.3851594485e-16                 	9.9996781861e-01                 	1.9667736872e-01                 
2.6315500000e-01	9.5054203897e-01	1.2421505965e-11                 	1.2421077176e-11                 	4.2878840690e-16                 	9.9996548016e-01                 	1.8702512342e-01                 
2.7486700000e-01	9.1003972927e-01	1.0372648058e-11                 	1.0372236506e-11                 	4.1155155286e-16                 	9.9996032339e-01                 	1.6993721404e-01                 
2.9135800000e-01	8.5853105205e-01	8.1381449211e-12                 	8.1377535046e-12                 	3.9141652664e-16                 	9.9995190347e-01                 	1.4991055791e-01                 
3.0341200000e-01	8.2442319442e-01	6.9280484725e-12                 	6.9276694707e-12                 	3.7900182821e-16                 	9.9994529458e-01                 	1.3776654230e-01                 
3.1227900000e-01	8.0101412604e-01	6.0895694801e-12                 	6.0891982142e-12                 	3.7126590375e-16                 	9.9993903249e-01                 	1.2954376621e-01                 
3.2525300000e-01	7.6906251522e-01	5.1350559807e-12                 	5.1346948215e-12                 	3.6115918912e-16                 	9.9992966792e-01                 	1.1904959507e-01                 
3.4000000000e-01	7.3570555960e-01	4.2635617102e-12                 	4.2632102313e-12                 	3.5147887272e-16                 	9.9991756215e-01                 	1.0866651196e-01                 
3.4036500000e-01	7.3491660501e-01	4.2455164050e-12                 	4.2451651516e-12                 	3.5125335813e-16                 	9.9991726487e-01                 	1.0843177469e-01                 
3.5868000000e-01	6.9739012564e-01	3.4092337469e-12                 	3.4088922599e-12                 	3.4148697466e-16                 	9.9989983468e-01                 	9.7433808615e-02                 
3.9400000000e-01	6.3487281793e-01	2.3028330054e-12                 	2.3025049553e-12                 	3.2805015945e-16                 	9.9985754496e-01                 	8.0574320052e-02                 
3.9684800000e-01	6.3031662063e-01	2.2350317553e-12                 	2.2347045408e-12                 	3.2721457375e-16                 	9.9985359735e-01                 	7.9415783952e-02                 
4.0465600000e-01	6.1815440835e-01	2.0608195660e-12                 	2.0604944622e-12                 	3.2510381549e-16                 	9.9984224538e-01                 	7.6363595703e-02                 
4.1017400000e-01	6.0983848382e-01	1.9478610702e-12                 	1.9475373186e-12                 	3.2375162974e-16                 	9.9983379121e-01                 	7.4313510928e-02                 
4.3400000000e-01	5.7635919416e-01	1.5404584093e-12                 	1.5401393094e-12                 	3.1909986105e-16                 	9.9979285396e-01                 	6.6358172352e-02                 
4.3404700000e-01	5.7629678414e-01	1.5398039381e-12                 	1.5394848467e-12                 	3.1909137298e-16                 	9.9979277143e-01                 	6.6344013964e-02                 
4.3583400000e-01	5.7393386075e-01	1.5137748553e-12                 	1.5134560419e-12                 	3.1881338446e-16                 	9.9978939181e-01                 	6.5800472753e-02                 
4.6781500000e-01	5.3469831079e-01	1.1289645624e-12                 	1.1286493037e-12                 	3.1525874860e-16                 	9.9972075408e-01                 	5.7113660677e-02                 
4.7999100000e-01	5.2113454266e-01	1.0152308104e-12                 	1.0149162786e-12                 	3.1453180659e-16                 	9.9969018690e-01                 	5.4257619229e-02                 
4.8613300000e-01	5.1455031908e-01	9.6330150047e-13                 	9.6298721986e-13                 	3.1428060385e-16                 	9.9967374638e-01                 	5.2898135073e-02                 
5.0800000000e-01	4.9240135879e-01	8.0335119761e-13                 	8.0303723564e-13                 	3.1396196496e-16                 	9.9960918467e-01                 	4.8452688747e-02                 
5.0858200000e-01	4.9183787524e-01	7.9968452450e-13                 	7.9937056712e-13                 	3.1395738293e-16                 	9.9960739845e-01                 	4.8343181417e-02                 
5.1836200000e-01	4.8255830918e-01	7.3936094970e-13                 	7.3904686468e-13                 	3.1408501645e-16                 	9.9957519393e-01                 	4.6541859975e-02                 
5.3385000000e-01	4.6855837832e-01	6.5503715122e-13                 	6.5472256431e-13                 	3.1458690917e-16                 	9.9951974188e-01                 	4.3889511105e-02                 
5.4607200000e-01	4.5807126215e-01	5.9686421250e-13                 	5.9654898917e-13                 	3.1522332955e-16                 	9.9947186760e-01                 	4.1953914667e-02                 
5.7906600000e-01	4.3197129561e-01	4.6921387114e-13                 	4.6889598804e-13                 	3.1788310070e-16                 	9.9932251981e-01                 	3.7326523505e-02                 
5.8756300000e-01	4.2572437384e-01	4.4203794949e-13                 	4.4171917973e-13                 	3.1876976418e-16                 	9.9927886335e-01                 	3.6259046693e-02                 
5.8929000000e-01	4.2447672668e-01	4.3675742449e-13                 	4.3643846508e-13                 	3.1895941105e-16                 	9.9926971039e-01                 	3.6047693873e-02                 
5.8930000000e-01	4.2446952361e-01	4.3671929476e-13                 	4.3640033319e-13                 	3.1896157005e-16                 	9.9926964168e-01                 	3.6046382156e-02                 
6.2782000000e-01	3.9842612574e-01	3.3709862025e-13                 	3.3677466923e-13                 	3.2395101456e-16                 	9.9903900225e-01                 	3.1775365743e-02                 
6.4384700000e-01	3.8850827955e-01	3.0412903845e-13                 	3.0380261629e-13                 	3.2642216221e-16                 	9.9892669847e-01                 	3.0219254025e-02                 
6.5627800000e-01	3.8114928470e-01	2.8130330314e-13                 	2.8097481931e-13                 	3.2848383008e-16                 	9.9883227880e-01                 	2.9089720009e-02                 
6.6781500000e-01	3.7456464779e-01	2.6200896399e-13                 	2.6167845890e-13                 	3.3050508864e-16                 	9.9873857335e-01                 	2.8097139674e-02                 
6.7078600000e-01	3.7290565138e-01	2.5731100386e-13                 	2.5697996198e-13                 	3.3104187937e-16                 	9.9871345619e-01                 	2.7849753474e-02                 
7.0652000000e-01	3.5404502387e-01	2.0829135698e-13                 	2.0795336785e-13                 	3.3798913046e-16                 	9.9837732523e-01                 	2.5113618433e-02                 
7.2813500000e-01	3.4353504538e-01	1.8426690373e-13                 	1.8392429939e-13                 	3.4260433110e-16                 	9.9814071695e-01                 	2.3649768944e-02                 
7.6649400000e-01	3.2634292018e-01	1.4958577877e-13                 	1.4923428670e-13                 	3.5149206824e-16                 	9.9765023072e-01                 	2.1349148271e-02                 
7.6800000000e-01	3.2570298211e-01	1.4839507892e-13                 	1.4804321859e-13                 	3.5186033642e-16                 	9.9762889485e-01                 	2.1265679957e-02                 
7.9476300000e-01	3.1473519812e-01	1.2915043507e-13                 	1.2879186249e-13                 	3.5857258633e-16                 	9.9722360528e-01                 	1.9861760184e-02                 
8.3250000000e-01	3.0046833665e-01	1.0702191127e-13                 	1.0665323368e-13                 	3.6867759437e-16                 	9.9655512044e-01                 	1.8106382233e-02                 
8.4467000000e-01	2.9613919077e-01	1.0092429247e-13                 	1.0055221133e-13                 	3.7208113835e-16                 	9.9631326483e-01                 	1.7589831910e-02                 
9.9140000000e-01	2.5230975415e-01	5.2900566424e-14                 	5.2482127290e-14                 	4.1843913384e-16                 	9.9209008216e-01                 	1.2775988626e-02                 
1.0000000000e+00	2.5013989026e-01	5.1099050478e-14                 	5.0677615642e-14                 	4.2143483684e-16                 	9.9175258967e-01                 	1.2557539216e-02                 
1.0140600000e+00	2.4667168635e-01	4.8314074243e-14                 	4.7887670740e-14                 	4.2640350270e-16                 	9.9117434186e-01                 	1.2212126719e-02                 
1.0830300000e+00	2.3096302989e-01	3.7122710663e-14                 	3.6670792691e-14                 	4.5191797199e-16                 	9.8782637464e-01                 	1.0707370034e-02                 
1.1592000000e+00	2.1578665482e-01	2.8315619009e-14                 	2.7833366921e-14                 	4.8225208791e-16                 	9.8296868990e-01                 	9.3466378115e-03                 
1.2000000000e+00	2.0844990855e-01	2.4690501643e-14                 	2.4191102146e-14                 	4.9939949681e-16                 	9.7977361886e-01                 	8.7218324786e-03                 
1.3000000000e+00	1.9241530020e-01	1.8025434156e-14                 	1.7481317184e-14                 	5.4411697234e-16                 	9.6981393249e-01                 	7.4307111537e-03                 
1.3070000000e+00	1.9138476684e-01	1.7650105169e-14                 	1.7102704867e-14                 	5.4740030221e-16                 	9.6898600337e-01                 	7.3511357506e-03                 
1.3958000000e+00	1.7920897712e-01	1.3686687272e-14                 	1.3096171303e-14                 	5.9051596953e-16                 	9.5685471891e-01                 	6.4443394357e-03                 
1.4000000000e+00	1.7867135019e-01	1.3530077016e-14                 	1.2937448749e-14                 	5.9262826629e-16                 	9.5619919490e-01                 	6.4056753658e-03                 
1.4792000000e+00	1.6910484739e-01	1.0976821401e-14                 	1.0343038897e-14                 	6.3378250462e-16                 	9.4226174578e-01                 	5.7366619515e-03                 
1.5296100000e+00	1.6353180893e-01	9.6865569963e-15                 	9.0253284989e-15                 	6.6122849740e-16                 	9.3173751028e-01                 	5.3638984846e-03                 
1.5414000000e+00	1.6228097202e-01	9.4145420417e-15                 	8.7467325294e-15                 	6.6780951233e-16                 	9.2906617132e-01                 	5.2818480448e-03                 
1.6000000000e+00	1.5633743142e-01	8.2153101929e-15                 	7.5140560736e-15                 	7.0125411927e-16                 	9.1464057926e-01                 	4.9009488765e-03                 
1.6815000000e+00	1.4875997042e-01	6.8850938373e-15                 	6.1349794156e-15                 	7.5011442163e-16                 	8.9105240403e-01                 	4.4356515259e-03                 
1.7614000000e+00	1.4201197358e-01	5.8763179454e-15                 	5.0756801209e-15                 	8.0063782454e-16                 	8.6375178607e-01                 	4.0407744206e-03                 
1.8000000000e+00	1.3896660570e-01	5.4715475298e-15                 	4.6455522675e-15                 	8.2599526235e-16                 	8.4903809062e-01                 	3.8685762873e-03                 
1.9457000000e+00	1.2856035888e-01	4.3044985142e-15                 	3.3769007731e-15                 	9.2759774110e-16                 	7.8450503861e-01                 	3.3080039492e-03                 
2.0531000000e+00	1.2183522004e-01	3.7163152005e-15                 	2.7077329620e-15                 	1.0085822385e-15                 	7.2860691731e-01                 	2.9688259553e-03                 
2.0582000000e+00	1.2153332536e-01	3.6929175972e-15                 	2.6803701495e-15                 	1.0125474476e-15                 	7.2581369039e-01                 	2.9540499059e-03                 
2.3000000000e+00	1.0875647403e-01	2.9096671757e-15                 	1.6941369332e-15                 	1.2155302425e-15                 	5.8224423307e-01                 	2.3612013631e-03                 
2.5000000000e+00	1.0005595611e-01	2.6034147324e-15                 	1.1974436088e-15                 	1.4059711236e-15                 	4.5995115336e-01                 	1.9949493642e-03                 
2.6000000000e+00	9.6207650102e-02	2.5266218845e-15                 	1.0177785411e-15                 	1.5088433434e-15                 	4.0282186555e-01                 	1.8430577759e-03                 
3.0000000000e+00	8.3379963421e-02	2.5372233805e-15                 	5.5453833071e-16                 	1.9826850498e-15                 	2.1856109910e-01                 	1.3777919590e-03                 
3.5000000000e+00	7.1468540075e-02	3.0109174009e-15                 	2.8413295256e-16                 	2.7267844484e-15                 	9.4367567995e-02                 	1.0051984824e-03                 
4.0000000000e+00	6.2534972566e-02	3.8287575325e-15                 	1.5588376389e-16                 	3.6728737686e-15                 	4.0713929406e-02                 	7.6302392509e-04                 
4.2000000000e+00	5.9557116730e-02	4.2432907312e-15                 	1.2392609006e-16                 	4.1193646412e-15                 	2.9205184823e-02                 	6.8911881284e-04                 
4.4000000000e+00	5.6849975060e-02	4.7050966897e-15                 	9.9402247971e-17                 	4.6056944417e-15                 	2.1126504837e-02                 	6.2525904826e-04                 
4.6000000000e+00	5.4378237014e-02	5.2218929640e-15                 	7.9691292413e-17                 	5.1422016716e-15                 	1.5260996915e-02                 	5.6914070105e-04                 
4.8000000000e+00	5.2112477138e-02	5.7938197327e-15                 	6.4026729424e-17                 	5.7297930033e-15                 	1.1050866678e-02                 	5.1978907594e-04                 
5.0000000000e+00	5.0027978053e-02	6.4241285096e-15                 	5.1495186023e-17                 	6.3726333236e-15                 	8.0159022264e-03                 	4.7615807013e-04                 
5.2000000000e+00	4.8103825051e-02	7.1165910410e-15                 	4.1413011508e-17                 	7.0751780295e-15                 	5.8192203640e-03                 	4.3739761879e-04                 
5.4000000000e+00	4.6322201901e-02	7.8806860056e-15                 	3.3108284512e-17                 	7.8475777211e-15                 	4.2011932069e-03                 	4.0262632936e-04                 
5.6000000000e+00	4.4667837547e-02	8.7226284997e-15                 	2.6259644969e-17                 	8.6963688548e-15                 	3.0105197040e-03                 	3.7131514925e-04                 
5.8000000000e+00	4.3127567287e-02	9.6554481191e-15                 	2.0504145456e-17                 	9.6349439736e-15                 	2.1235829972e-03                 	3.4286815711e-04                 
6.0000000000e+00	4.1689981711e-02	1.0681108242e-14                 	1.5782905562e-17                 	1.0665325337e-14                 	1.4776468138e-03                 	3.1709635680e-04                 
6.1000000000e+00	4.1006539388e-02	1.1874175660e-14                 	1.3694078516e-17                 	1.1860481582e-14                 	1.1532656168e-03                 	3.0501122238e-04                 
6.2000000000e+00	4.0345143591e-02	1.3243655364e-14                 	1.1851044927e-17                 	1.3231804320e-14                 	8.9484697395e-04                 	2.9355420260e-04                 
6.3000000000e+00	3.9704744486e-02	1.4840655628e-14                 	1.0091565610e-17                 	1.4830564062e-14                 	6.7999459481e-04                 	2.8243590999e-04                 
6.4000000000e+00	3.9084357854e-02	1.6706342608e-14                 	8.4913034037e-18                 	1.6697851304e-14                 	5.0826824297e-04                 	2.7176991190e-04                 
6.5000000000e+00	3.8483060041e-02	1.8913809621e-14                 	6.9909220505e-18                 	1.8906818699e-14                 	3.6961998617e-04                 	2.6142274104e-04                 
6.6000000000e+00	3.7899983373e-02	2.1529075298e-14                 	5.6511598263e-18                 	2.1523424139e-14                 	2.6248966795e-04                 	2.5149898567e-04                 
6.7000000000e+00	3.7334311980e-02	2.4662735899e-14                 	4.4662528058e-18                 	2.4658269646e-14                 	1.8109316112e-04                 	2.4198055035e-04                 
6.8000000000e+00	3.6785277980e-02	2.8486732899e-14                 	3.3604933737e-18                 	2.8483372405e-14                 	1.1796696327e-04                 	2.3265622899e-04                 
6.9000000000e+00	3.6252158009e-02	3.3178829779e-14                 	2.3930556118e-18                 	3.3176436724e-14                 	7.2125979962e-05                 	2.2363270569e-04                 
7.0000000000e+00	3.5734270038e-02	3.9028281383e-14                 	1.5523218268e-18                 	3.9026729061e-14                 	3.9774280901e-05                 	2.1482269236e-04                 
7.0500000000e+00	3.5480835498e-02	4.2504426359e-14                 	1.1911027649e-18                 	4.2503235256e-14                 	2.8023028821e-05                 	2.1051300475e-04                 
7.1000000000e+00	3.5230970460e-02	4.6412153608e-14                 	8.6747132999e-19                 	4.6411286136e-14                 	1.8690607148e-05                 	2.0624134488e-04                 
7.1500000000e+00	3.4984600037e-02	5.0873436134e-14                 	6.0131629902e-19                 	5.0872834818e-14                 	1.1819848328e-05                 	2.0209051251e-04                 
7.2000000000e+00	3.4741651426e-02	5.5954168209e-14                 	3.6760805651e-19                 	5.5953800601e-14                 	6.5698064734e-06                 	1.9790379227e-04                 
7.2500000000e+00	3.4502053830e-02	6.1721387688e-14                 	1.8946096903e-19                 	6.1721198228e-14                 	3.0696161593e-06                 	1.9376663526e-04                 
7.3000000000e+00	3.4265738392e-02	6.8421835590e-14                 	6.8948253751e-20                 	6.8421766642e-14                 	1.0076937158e-06                 	1.8961189534e-04                 
7.3500000000e+00	3.4032638131e-02	7.6134372580e-14                 	2.3756665477e-20                 	7.6134348823e-14                 	3.1203600519e-07                 	1.8558796215e-04                 
7.4000000000e+00	3.3802687874e-02	8.5146540839e-14                 	5.8243101270e-20                 	8.5146482595e-14                 	6.8403367531e-07                 	1.8150063150e-04                 
7.4500000000e+00	3.3575824197e-02	9.5667422346e-14                 	1.8873893994e-19                 	9.5667233607e-14                 	1.9728653215e-06                 	1.7746971510e-04                 
7.5000000000e+00	3.3351985369e-02	1.0803961650e-13                 	4.3253783588e-19                 	1.0803918396e-13                 	4.0035113959e-06                 	1.7345970232e-04                 
7.5500000000e+00	3.3131111293e-02	1.2265830116e-13                 	8.1220073818e-19                 	1.2265748896e-13                 	6.6216532472e-06                 	1.6946591842e-04                 
7.6000000000e+00	3.2913143456e-02	1.4000783771e-13                 	1.3575080342e-18                 	1.4000648020e-13                 	9.6959431442e-06                 	1.6548205118e-04                 
7.6500000000e+00	3.2698024871e-02	1.6075640058e-13                 	2.1031115096e-18                 	1.6075429747e-13                 	1.3082598901e-05                 	1.6151183637e-04                 
7.7000000000e+00	3.2485700034e-02	1.8551545619e-13                 	3.0944719046e-18                 	1.8551236172e-13                 	1.6680399402e-05                 	1.5755371158e-04                 
7.7500000000e+00	3.2276114873e-02	2.1524900049e-13                 	4.3924598137e-18                 	2.1524460803e-13                 	2.0406412126e-05                 	1.5360409196e-04                 
7.8000000000e+00	3.2069216701e-02	2.5085023697e-13                 	6.0725115246e-18                 	2.5084416446e-13                 	2.4207716915e-05                 	1.4966527977e-04                 
7.8500000000e+00	3.1864954174e-02	2.9334641929e-13                 	8.2374355049e-18                 	2.9333818186e-13                 	2.8080913770e-05                 	1.4573665562e-04                 
7.9000000000e+00	3.1663277249e-02	3.4619853989e-13                 	1.0542767168e-17                 	3.4618799712e-13                 	3.0452950990e-05                 	1.4212807500e-04                 
7.9500000000e+00	3.1464137140e-02	4.0326944744e-13                 	1.4610557145e-17                 	4.0325483689e-13                 	3.6230260530e-05                 	1.3792383722e-04                 
7.9526000000e+00	3.1453850346e-02	8.7473624274e-13                 	2.3593062822e-17                 	8.7471264968e-13                 	2.6971630611e-05                 	1.3437843418e-04                 
7.9898400000e+00	3.1307246486e-02	1.1342529559e-12                 	2.8625652702e-17                 	1.1342243303e-12                 	2.5237450387e-05                 	1.3149164086e-04                 
8.0274200000e+00	3.1160683042e-02	1.4339898957e-12                 	3.4156549855e-17                 	1.4339557392e-12                 	2.3819240259e-05                 	1.2867538976e-04                 
8.0654300000e+00	3.1013831905e-02	1.7612912525e-12                 	4.0036245756e-17                 	1.7612512162e-12                 	2.2731189802e-05                 	1.2592273590e-04                 
8.1037300000e+00	3.0867253754e-02	2.1155255894e-12                 	4.6381831582e-17                 	2.1154792076e-12                 	2.1924495650e-05                 	1.2317462776e-04                 
8.1423900000e+00	3.0720696290e-02	2.4930659416e-12                 	5.3030793462e-17                 	2.4930129108e-12                 	2.1271316004e-05                 	1.2042492908e-04                 
8.1814300000e+00	3.0574103826e-02	2.8761881759e-12                 	5.9702783913e-17                 	2.8761284731e-12                 	2.0757607035e-05                 	1.1769624025e-04                 
8.2209100000e+00	3.0427275115e-02	3.2598753420e-12                 	6.6660226469e-17                 	3.2598086818e-12                 	2.0448704161e-05                 	1.1493467181e-04                 
8.2607100000e+00	3.0280676875e-02	3.6499071997e-12                 	7.3988225387e-17                 	3.6498332115e-12                 	2.0271262073e-05                 	1.1211536273e-04                 
8.3008900000e+00	3.0134104929e-02	4.0291399665e-12                 	8.1413046791e-17                 	4.0290585535e-12                 	2.0206060714e-05                 	1.0929456425e-04                 
8.3414700000e+00	2.9987507030e-02	4.4158848760e-12                 	9.0146293103e-17                 	4.4157947297e-12                 	2.0414094940e-05                 	1.0634332267e-04                 
8.3824400000e+00	2.9840940140e-02	4.8503435232e-12                 	1.0093120146e-16                 	4.8502425920e-12                 	2.0809083104e-05                 	1.0312381773e-04                 
8.4238900000e+00	2.9694106911e-02	5.3243644795e-12                 	1.1364831847e-16                 	5.3242508312e-12                 	2.1344954671e-05                 	9.9684911434e-05                 
8.4656800000e+00	2.9547524861e-02	5.8642237691e-12                 	1.2989115706e-16                 	5.8640938780e-12                 	2.2149761362e-05                 	9.5913466101e-05                 
8.5078900000e+00	2.9400931402e-02	6.5396984323e-12                 	1.5215330702e-16                 	6.5395462790e-12                 	2.3266104485e-05                 	9.1498777955e-05                 
8.5505200000e+00	2.9254348304e-02	7.3416047438e-12                 	1.8058108493e-16                 	7.3414241627e-12                 	2.4596950018e-05                 	8.6484578880e-05                 
8.5936500000e+00	2.9107525936e-02	8.3575780195e-12                 	2.2107874844e-16                 	8.3573569408e-12                 	2.6452489935e-05                 	8.0518605185e-05                 
8.6371500000e+00	2.8960929272e-02	9.7363477434e-12                 	2.8256564035e-16                 	9.7360651778e-12                 	2.9021728455e-05                 	7.2840362404e-05                 
8.6810800000e+00	2.8814374509e-02	1.1464115944e-11                 	3.7061918196e-16                 	1.1463745324e-11                 	3.2328631688e-05                 	6.3145551825e-05                 
8.7254700000e+00	2.8667784115e-02	1.3410888251e-11                 	4.9621938553e-16                 	1.3410392031e-11                 	3.7001231854e-05                 	5.1087787666e-05                 
8.7703100000e+00	2.8521214218e-02	1.4292065591e-11                 	6.2282140619e-16                 	1.4291442769e-11                 	4.3578123977e-05                 	3.6731859296e-05                 
8.8157000000e+00	2.8374365083e-02	1.1680184879e-11                 	5.9689805974e-16                 	1.1679587981e-11                 	5.1103477037e-05                 	2.2265620330e-05                 
8.8614800000e+00	2.8227778008e-02	7.5733957426e-12                 	4.4389366259e-16                 	7.5729518489e-12                 	5.8612236528e-05                 	6.7286179954e-06                 
8.9077300000e+00	2.8081216007e-02	4.6462544358e-12                 	2.9705117119e-16                 	4.6459573846e-12                 	6.3933470561e-05                 	-1.2125626641e-05                
8.9544800000e+00	2.7934608181e-02	3.1912542566e-12                 	2.0330509535e-16                 	3.1910509515e-12                 	6.3706956262e-05                 	-3.1114049780e-05                
9.0017900000e+00	2.7787794457e-02	2.5074069652e-12                 	1.5072439116e-16                 	2.5072562408e-12                 	6.0111658480e-05                 	-4.2287764547e-05                
9.0495300000e+00	2.7641202390e-02	2.1282637522e-12                 	1.1943393843e-16                 	2.1281443183e-12                 	5.6118015590e-05                 	-3.8623931263e-05                
9.0977700000e+00	2.7494637726e-02	1.8869494662e-12                 	9.9195166881e-17                 	1.8868502711e-12                 	5.2569063802e-05                 	-1.6645682203e-05                
9.1465400000e+00	2.7348034368e-02	1.7113200907e-12                 	8.5323551781e-17                 	1.7112347671e-12                 	4.9858324135e-05                 	1.8581533659e-05                 
9.1958200000e+00	2.7201477439e-02	1.5612458359e-12                 	7.5271668109e-17                 	1.5611705642e-12                 	4.8212566130e-05                 	5.8527676613e-05                 
9.2457300000e+00	2.7054639305e-02	1.4216004870e-12                 	6.7271927329e-17                 	1.4215332150e-12                 	4.7321260752e-05                 	1.0075943609e-04                 
9.2961000000e+00	2.6908046413e-02	1.2983814291e-12                 	6.0787544285e-17                 	1.2983206416e-12                 	4.6817940338e-05                 	1.4054479928e-04                 
9.3470200000e+00	2.6761458761e-02	1.1826344971e-12                 	5.5579842091e-17                 	1.1825789172e-12                 	4.6996635248e-05                 	1.7449811340e-04                 
9.3985000000e+00	2.6614873678e-02	1.0632797305e-12                 	5.1019590452e-17                 	1.0632287109e-12                 	4.7983224911e-05                 	2.0540824938e-04                 
9.4506300000e+00	2.6468065120e-02	9.4945514215e-13                 	4.6913992649e-17                 	9.4940822816e-13                 	4.9411489354e-05                 	2.3053547915e-04                 
9.5032600000e+00	2.6321482340e-02	8.4659511522e-13                 	4.3349840003e-17                 	8.4655176538e-13                 	5.1204925736e-05                 	2.4745633615e-04                 
9.5564800000e+00	2.6174898107e-02	7.3928827547e-13                 	4.0137285202e-17                 	7.3924813818e-13                 	5.4291791894e-05                 	2.5963223318e-04                 
9.6103000000e+00	2.6028312359e-02	6.3557857821e-13                 	3.7084447793e-17                 	6.3554149376e-13                 	5.8347542010e-05                 	2.6485335814e-04                 
9.6648200000e+00	2.5881484628e-02	5.4100337054e-13                 	3.4275301289e-17                 	5.4096909524e-13                 	6.3355060532e-05                 	2.6348231254e-04                 
9.7198700000e+00	2.5734900803e-02	4.4566776449e-13                 	3.1668331614e-17                 	4.4563609616e-13                 	7.1058160669e-05                 	2.5836854319e-04                 
9.7755500000e+00	2.5588318843e-02	3.5494251612e-13                 	2.9033384789e-17                 	3.5491348274e-13                 	8.1797427668e-05                 	2.4829731612e-04                 
9.8318700000e+00	2.5441741018e-02	2.8643850522e-13                 	2.6557427265e-17                 	2.8641194779e-13                 	9.2715981898e-05                 	2.3530471038e-04                 
9.8888500000e+00	2.5295144558e-02	2.2640489902e-13                 	2.4335772773e-17                 	2.2638056325e-13                 	1.0748783652e-04                 	2.2282709803e-04                 
9.9465900000e+00	2.5148306129e-02	1.7344982859e-13                 	2.2214068836e-17                 	1.7342761452e-13                 	1.2807201377e-04                 	2.1041720494e-04                 
1.0004900000e+01	2.5001738175e-02	1.4464632380e-13                 	2.0252839828e-17                 	1.4462607096e-13                 	1.4001627761e-04                 	1.9860425908e-04                 
1.0063900000e+01	2.4855164525e-02	1.2328810172e-13                 	1.8648693093e-17                 	1.2326945303e-13                 	1.5126109359e-04                 	1.8923484691e-04                 
1.0123600000e+01	2.4708590844e-02	1.0164620668e-13                 	1.7162588490e-17                 	1.0162904409e-13                 	1.6884632542e-04                 	1.8073221485e-04                 
1.0184100000e+01	2.4561806175e-02	9.4945862498e-14                 	1.5798821862e-17                 	9.4930063676e-14                 	1.6639821311e-04                 	1.7293353465e-04                 
1.0245200000e+01	2.4415325251e-02	8.9976080614e-14                 	1.4719329601e-17                 	8.9961361284e-14                 	1.6359158457e-04                 	1.6684390670e-04                 
1.0307200000e+01	2.4268461878e-02	7.5639909474e-14                 	1.3713688441e-17                 	7.5626195785e-14                 	1.8130228522e-04                 	1.6124734016e-04                 
1.0369800000e+01	2.4121958983e-02	7.0433633927e-14                 	1.2710664403e-17                 	7.0420923262e-14                 	1.8046299324e-04                 	1.5561691076e-04                 
1.0433200000e+01	2.3975375749e-02	7.0220785698e-14                 	1.1901935528e-17                 	7.0208883762e-14                 	1.6949305551e-04                 	1.5101484445e-04                 
1.0497400000e+01	2.3828747143e-02	6.0039281913e-14                 	1.1154310361e-17                 	6.0028127602e-14                 	1.8578354047e-04                 	1.4676378273e-04                 
1.0562400000e+01	2.3682107311e-02	5.5526086712e-14                 	1.0371937018e-17                 	5.5515714775e-14                 	1.8679394915e-04                 	1.4228634005e-04                 
1.0628200000e+01	2.3535489572e-02	5.9853344210e-14                 	9.7319853437e-18                 	5.9843612224e-14                 	1.6259718604e-04                 	1.3850246257e-04                 
1.0694900000e+01	2.3388707726e-02	5.3868515444e-14                 	9.1490601178e-18                 	5.3859366384e-14                 	1.6984058392e-04                 	1.3502103300e-04                 
1.0762400000e+01	2.3242017604e-02	4.9786221369e-14                 	8.5495684373e-18                 	4.9777671801e-14                 	1.7172559399e-04                 	1.3142114129e-04                 
1.0830700000e+01	2.3095449995e-02	5.4558889209e-14                 	8.0062026646e-18                 	5.4550883006e-14                 	1.4674423876e-04                 	1.2805999064e-04                 
1.0899900000e+01	2.2948824325e-02	5.1410112214e-14                 	7.5582697243e-18                 	5.1402553944e-14                 	1.4701912520e-04                 	1.2518043637e-04                 
1.0970000000e+01	2.2802177782e-02	4.7294679137e-14                 	7.0640933129e-18                 	4.7287615044e-14                 	1.4936338383e-04                 	1.2203958696e-04                 
1.1041000000e+01	2.2655546623e-02	5.0076053637e-14                 	6.6096952689e-18                 	5.0069443942e-14                 	1.3199313422e-04                 	1.1905959477e-04                 
1.1112900000e+01	2.2508966180e-02	4.9985208792e-14                 	6.2130326526e-18                 	4.9978995760e-14                 	1.2429742323e-04                 	1.1635531474e-04                 
1.1185800000e+01	2.2362270939e-02	4.9661175654e-14                 	5.7727032940e-18                 	4.9655402950e-14                 	1.1624177676e-04                 	1.1340200766e-04                 
1.1259600000e+01	2.2215699515e-02	5.5831564316e-14                 	5.3951681739e-18                 	5.5826169148e-14                 	9.6632939449e-05                 	1.1073102718e-04                 
1.1334400000e+01	2.2069089697e-02	5.9484741606e-14                 	5.0449231853e-18                 	5.9479696683e-14                 	8.4810374042e-05                 	1.0818078242e-04                 
1.1410300000e+01	2.1922288657e-02	5.6672916072e-14                 	4.6445410943e-18                 	5.6668271531e-14                 	8.1953451776e-05                 	1.0536021290e-04                 
1.1487100000e+01	2.1775721484e-02	7.0681747103e-14                 	4.2480810085e-18                 	7.0677499022e-14                 	6.0101528083e-05                 	1.0249354325e-04                 
1.1565000000e+01	2.1629043689e-02	9.2209651575e-14                 	3.8962005305e-18                 	9.2205755375e-14                 	4.2253717088e-05                 	9.9801135965e-05                 
1.1643900000e+01	2.1482483555e-02	1.2098985228e-13                 	3.5438327165e-18                 	1.2098630844e-13                 	2.9290330138e-05                 	9.7036789431e-05                 
1.1723900000e+01	2.1335894222e-02	1.7443390337e-13                 	3.2625585197e-18                 	1.7443064082e-13                 	1.8703694962e-05                 	9.4461642165e-05                 
1.1805100000e+01	2.1189137768e-02	2.3538602778e-13                 	3.1097529438e-18                 	2.3538291803e-13                 	1.3211289443e-05                 	9.2404138180e-05                 
1.1887300000e+01	2.1042616091e-02	2.9007765251e-13                 	3.0275858412e-18                 	2.9007462492e-13                 	1.0437156448e-05                 	9.0664024042e-05                 
1.1970800000e+01	2.0895837393e-02	3.4831139336e-13                 	2.9787127684e-18                 	3.4830841465e-13                 	8.5518671660e-06                 	8.8970901845e-05                 
1.2055400000e+01	2.0749198721e-02	4.1323704411e-13                 	3.0497479330e-18                 	4.1323399436e-13                 	7.3801416800e-06                 	8.7726483973e-05                 
1.2141200000e+01	2.0602567313e-02	4.5745405301e-13                 	3.1750554498e-18                 	4.5745087796e-13                 	6.9407089716e-06                 	8.6948940170e-05                 
1.2228200000e+01	2.0455986185e-02	4.9356032683e-13                 	3.3127767967e-18                 	4.9355701405e-13                 	6.7119997630e-06                 	8.6309920571e-05                 
1.2316500000e+01	2.0309332218e-02	5.1828917539e-13                 	3.4946919548e-18                 	5.1828568070e-13                 	6.7427454029e-06                 	8.6061884460e-05                 
1.2406100000e+01	2.0162653071e-02	5.1633317811e-13                 	3.6939040544e-18                 	5.1632948421e-13                 	7.1541094219e-06                 	8.6385906188e-05                 
1.2497000000e+01	2.0015995060e-02	4.8653644546e-13                 	3.7966458656e-18                 	4.8653264882e-13                 	7.8034151418e-06                 	8.6746517474e-05                 
1.2589200000e+01	1.9869403160e-02	4.4680714575e-13                 	3.8590452396e-18                 	4.4680328671e-13                 	8.6369371580e-06                 	8.7100764485e-05                 
1.2682800000e+01	1.9722765498e-02	3.8747186586e-13                 	3.8366365894e-18                 	3.8746802922e-13                 	9.9017165565e-06                 	8.7289938193e-05                 
1.2777800000e+01	1.9576131280e-02	3.1703515481e-13                 	3.7416176203e-18                 	3.1703141319e-13                 	1.1801901346e-05                 	8.7100168036e-05                 
1.2874200000e+01	1.9429548264e-02	2.5027760153e-13                 	3.5210240700e-18                 	2.5027408050e-13                 	1.4068474560e-05                 	8.5859635767e-05                 
1.2972100000e+01	1.9282914121e-02	1.8791499337e-13                 	3.2691296924e-18                 	1.8791172424e-13                 	1.7396853938e-05                 	8.4141354497e-05                 
1.3071500000e+01	1.9136280478e-02	1.6012888202e-13                 	2.9754248486e-18                 	1.6012590659e-13                 	1.8581437721e-05                 	8.1719607021e-05                 
1.3172500000e+01	1.8989553256e-02	1.4199498696e-13                 	2.7416138432e-18                 	1.4199224534e-13                 	1.9307821367e-05                 	7.9582740909e-05                 
1.3275000000e+01	1.8842929587e-02	1.3297969014e-13                 	2.5515045586e-18                 	1.3297713864e-13                 	1.9187174792e-05                 	7.7659815993e-05                 
1.3379100000e+01	1.8696316663e-02	1.2101797337e-13                 	2.3710201441e-18                 	1.2101560234e-13                 	1.9592297558e-05                 	7.5790771385e-05                 
1.3484800000e+01	1.8549766423e-02	1.2012935989e-13                 	2.1944999133e-18                 	1.2012716539e-13                 	1.8267806599e-05                 	7.3874015625e-05                 
1.3592300000e+01	1.8403058369e-02	1.1683630344e-13                 	2.0466675101e-18                 	1.1683425677e-13                 	1.7517393566e-05                 	7.2150352870e-05                 
1.3701500000e+01	1.8256387276e-02	1.1982989952e-13                 	1.9196390026e-18                 	1.1982797988e-13                 	1.6019699677e-05                 	7.0532870586e-05                 
1.3812400000e+01	1.8109806425e-02	1.1964957761e-13                 	1.8042473693e-18                 	1.1964777336e-13                 	1.5079429492e-05                 	6.8999605709e-05                 
1.3925200000e+01	1.7963109346e-02	1.1928037668e-13                 	1.6937762167e-18                 	1.1927868290e-13                 	1.4199956975e-05                 	6.7489407425e-05                 
1.4039800000e+01	1.7816485296e-02	1.1942995997e-13                 	1.5881566313e-18                 	1.1942837181e-13                 	1.3297807617e-05                 	6.6000543308e-05                 
1.4156300000e+01	1.7669863613e-02	1.2058608824e-13                 	1.4872325475e-18                 	1.2058460100e-13                 	1.2333367549e-05                 	6.4530415140e-05                 
1.4274800000e+01	1.7523180028e-02	1.2366144388e-13                 	1.3906960787e-18                 	1.2366005319e-13                 	1.1245995801e-05                 	6.3073469356e-05                 
1.4395200000e+01	1.7376617919e-02	1.3257243587e-13                 	1.3160495201e-18                 	1.3257111982e-13                 	9.9270222462e-06                 	6.1753333187e-05                 
1.4517700000e+01	1.7229994439e-02	1.3168518843e-13                 	1.2442647752e-18                 	1.3168394416e-13                 	9.4487830412e-06                 	6.0489295279e-05                 
1.4642300000e+01	1.7083374215e-02	1.2843730102e-13                 	1.1715072962e-18                 	1.2843612951e-13                 	9.1212388219e-06                 	5.9219077919e-05                 
1.4769100000e+01	1.6936705030e-02	1.3140676174e-13                 	1.0877186928e-18                 	1.3140567402e-13                 	8.2774940833e-06                 	5.7821709710e-05                 
1.4898100000e+01	1.6790053112e-02	1.3004821846e-13                 	1.0184420951e-18                 	1.3004720002e-13                 	7.8312652581e-06                 	5.6552756347e-05                 
1.5029400000e+01	1.6643371676e-02	1.3183626213e-13                 	9.4404210004e-19                 	1.3183531809e-13                 	7.1607165189e-06                 	5.5216903593e-05                 
1.5163000000e+01	1.6496728237e-02	1.3338476899e-13                 	8.6965378903e-19                 	1.3338389934e-13                 	6.5198882570e-06                 	5.3870210241e-05                 
1.5299000000e+01	1.6350081068e-02	1.3912721683e-13                 	8.0686029935e-19                 	1.3912640997e-13                 	5.7994425369e-06                 	5.2597466362e-05                 
1.5437400000e+01	1.6203498663e-02	1.4228776597e-13                 	7.4173312061e-19                 	1.4228702423e-13                 	5.2129086121e-06                 	5.1303792332e-05                 
1.5578400000e+01	1.6056840899e-02	1.5309812252e-13                 	6.8426171189e-19                 	1.5309743826e-13                 	4.4694324177e-06                 	5.0035748975e-05                 
1.5722000000e+01	1.5910182564e-02	1.5660582427e-13                 	6.2828444849e-19                 	1.5660519598e-13                 	4.0118843052e-06                 	4.8803132436e-05                 
1.5868200000e+01	1.5763595762e-02	1.6756450460e-13                 	5.7676235731e-19                 	1.6756392784e-13                 	3.4420318234e-06                 	4.7568265642e-05                 
1.6017200000e+01	1.5616954915e-02	1.8114238490e-13                 	5.2800383307e-19                 	1.8114185689e-13                 	2.9148552581e-06                 	4.6334615263e-05                 
1.6169000000e+01	1.5470337700e-02	1.9065300354e-13                 	4.8805428712e-19                 	1.9065251549e-13                 	2.5599087245e-06                 	4.5199683650e-05                 
1.6323800000e+01	1.5323631156e-02	1.9568734133e-13                 	4.4549239262e-19                 	1.9568689584e-13                 	2.2765519199e-06                 	4.4052421089e-05                 
1.6481500000e+01	1.5177009997e-02	2.1071673095e-13                 	3.9709002171e-19                 	2.1071633386e-13                 	1.8844731499e-06                 	4.2773858279e-05                 
1.6642300000e+01	1.5030367814e-02	2.2887624258e-13                 	3.6235649032e-19                 	2.2887588022e-13                 	1.5831983532e-06                 	4.1608697782e-05                 
1.6806200000e+01	1.4883786356e-02	2.4892713720e-13                 	3.3213868092e-19                 	2.4892680506e-13                 	1.3342807243e-06                 	4.0466905227e-05                 
1.6973500000e+01	1.4737083705e-02	2.6956026749e-13                 	3.0534697693e-19                 	2.6955996215e-13                 	1.1327595857e-06                 	3.9344455715e-05                 
1.7144000000e+01	1.4590520897e-02	2.9065910468e-13                 	2.8713415246e-19                 	2.9065881755e-13                 	9.8787255529e-07                 	3.8308739510e-05                 
1.7318100000e+01	1.4443841430e-02	3.0524520424e-13                 	2.6441071913e-19                 	3.0524493983e-13                 	8.6622399124e-07                 	3.7257222712e-05                 
1.7495700000e+01	1.4297221047e-02	3.1705140450e-13                 	2.3536761279e-19                 	3.1705116914e-13                 	7.4236420167e-07                 	3.6133440915e-05                 
1.7677000000e+01	1.4150584956e-02	3.4742412911e-13                 	2.2053008831e-19                 	3.4742390858e-13                 	6.3475754798e-07                 	3.5018233032e-05                 
1.7862100000e+01	1.4003946359e-02	3.7303858048e-13                 	2.0638028283e-19                 	3.7303837410e-13                 	5.5324112206e-07                 	3.3932792695e-05                 
1.8051200000e+01	1.3857244408e-02	3.9061336232e-13                 	1.9185011102e-19                 	3.9061317047e-13                 	4.9115091680e-07                 	3.2904044519e-05                 
1.8244200000e+01	1.3710652715e-02	4.1638323936e-13                 	1.7785834746e-19                 	4.1638306150e-13                 	4.2715059264e-07                 	3.1765342618e-05                 
1.8441400000e+01	1.3564040163e-02	4.4053242016e-13                 	1.6562106500e-19                 	4.4053225454e-13                 	3.7595658668e-07                 	3.0628391533e-05                 
1.8643000000e+01	1.3417362563e-02	4.6314332189e-13                 	1.5498863139e-19                 	4.6314316690e-13                 	3.3464507436e-07                 	2.9471481108e-05                 
1.8849000000e+01	1.3270724721e-02	4.9670399104e-13                 	1.5102163243e-19                 	4.9670384002e-13                 	3.0404755177e-07                 	2.8089682972e-05                 
1.9059600000e+01	1.3124089187e-02	5.5922306140e-13                 	1.8127102873e-19                 	5.5922288013e-13                 	3.2414798538e-07                 	2.6584906207e-05                 
1.9275000000e+01	1.2977426213e-02	6.8137388832e-13                 	2.8556303792e-19                 	6.8137360275e-13                 	4.1909888655e-07                 	2.4961303623e-05                 
1.9495200000e+01	1.2830845042e-02	8.6175591517e-13                 	5.0127669753e-19                 	8.6175541389e-13                 	5.8169220391e-07                 	2.3242430588e-05                 
1.9720600000e+01	1.2684192685e-02	1.1675924975e-12                 	9.6334927538e-19                 	1.1675915342e-12                 	8.2507319755e-07                 	2.1350571937e-05                 
1.9951300000e+01	1.2537523383e-02	1.7338678145e-12                 	2.0483421878e-18                 	1.7338657661e-12                 	1.1813715963e-06                 	1.9077044295e-05                 
2.0187400000e+01	1.2390891857e-02	2.9218048410e-12                 	4.9070853569e-18                 	2.9217999339e-12                 	1.6794706094e-06                 	1.5793043721e-05                 
2.0429100000e+01	1.2244293203e-02	4.4753497021e-12                 	1.0198825040e-17                 	4.4753395033e-12                 	2.2788889626e-06                 	1.0598645660e-05                 
2.0676800000e+01	1.2097611345e-02	3.4368908059e-12                 	9.7511034672e-18                 	3.4368810548e-12                 	2.8371874516e-06                 	5.4645181404e-06                 
2.0930500000e+01	1.1950975383e-02	1.8718439358e-12                 	5.9437734292e-18                 	1.8718379920e-12                 	3.1753573658e-06                 	1.4070534140e-06                 
2.1190500000e+01	1.1804341109e-02	1.1800047350e-12                 	3.8599294714e-18                 	1.1800008751e-12                 	3.2711135445e-06                 	7.0109046872e-07                 
2.1457000000e+01	1.1657728959e-02	8.6067105397e-13                 	2.8112709033e-18                 	8.6066824270e-13                 	3.2663709210e-06                 	6.3246587381e-06                 
2.1730300000e+01	1.1511110765e-02	6.7934170786e-13                 	2.2101516174e-18                 	6.7933949771e-13                 	3.2533724807e-06                 	1.7020329771e-05                 
2.2010800000e+01	1.1364416117e-02	5.5911867623e-13                 	1.8183565142e-18                 	5.5911685787e-13                 	3.2521834657e-06                 	2.7972852588e-05                 
2.2298500000e+01	1.1217789998e-02	4.7066288448e-13                 	1.5421254950e-18                 	4.7066134235e-13                 	3.2764969278e-06                 	3.5665437836e-05                 
2.2593800000e+01	1.1071173962e-02	3.9974611111e-13                 	1.3294989322e-18                 	3.9974478162e-13                 	3.3258583266e-06                 	3.9914985554e-05                 
2.2897100000e+01	1.0924522768e-02	3.4327391145e-13                 	1.1592171418e-18                 	3.4327275224e-13                 	3.3769450667e-06                 	4.1318002609e-05                 
2.3208600000e+01	1.0777896567e-02	2.9920862299e-13                 	1.0207494694e-18                 	2.9920760224e-13                 	3.4114975003e-06                 	4.0904869984e-05                 
2.3528700000e+01	1.0631266932e-02	2.6077872358e-13                 	9.0697127478e-19                 	2.6077781660e-13                 	3.4779343282e-06                 	3.9811648778e-05                 
2.3857800000e+01	1.0484616782e-02	2.2773962469e-13                 	8.0697449647e-19                 	2.2773881771e-13                 	3.5434083883e-06                 	3.8209561677e-05                 
2.4196200000e+01	1.0337982421e-02	2.0336070492e-13                 	7.2233935036e-19                 	2.0335998258e-13                 	3.5520104567e-06                 	3.6372810386e-05                 
2.4544300000e+01	1.0191363790e-02	1.8059465893e-13                 	6.5082368252e-19                 	1.8059400811e-13                 	3.6037814538e-06                 	3.4695942190e-05                 
2.4902700000e+01	1.0044689542e-02	1.6122092866e-13                 	5.8484609670e-19                 	1.6122034381e-13                 	3.6276065494e-06                 	3.2929035785e-05                 
2.5271600000e+01	9.8980630536e-03	1.4941551573e-13                 	5.2826607454e-19                 	1.4941498746e-13                 	3.5355503207e-06                 	3.1225632954e-05                 
2.5651600000e+01	9.7514342288e-03	1.3753634041e-13                 	4.8283611636e-19                 	1.3753585758e-13                 	3.5106075594e-06                 	2.9869206194e-05                 
2.6043200000e+01	9.6048062552e-03	1.2398710799e-13                 	4.3842055462e-19                 	1.2398666957e-13                 	3.5360172661e-06                 	2.8484796120e-05                 
2.6447100000e+01	9.4581216944e-03	1.1526185106e-13                 	3.9901653252e-19                 	1.1526145204e-13                 	3.4618265182e-06                 	2.7155000501e-05                 
2.6863500000e+01	9.3115152629e-03	1.0837746216e-13                 	3.6635685252e-19                 	1.0837709581e-13                 	3.3803785880e-06                 	2.6017930044e-05                 
2.7293300000e+01	9.1648825999e-03	9.7142423003e-14                 	3.3513911233e-19                 	9.7142087864e-14                 	3.4499768687e-06                 	2.4926487878e-05                 
2.7737100000e+01	9.0182423636e-03	9.0534954075e-14                 	3.0617795566e-19                 	9.0534647897e-14                 	3.3818756390e-06                 	2.3827245284e-05                 
2.8195600000e+01	8.8715930948e-03	8.4334645008e-14                 	2.8183144399e-19                 	8.4334363176e-14                 	3.3418228530e-06                 	2.2876288620e-05                 
2.8669500000e+01	8.7249477760e-03	7.3687621981e-14                 	2.5830568295e-19                 	7.3687363676e-14                 	3.5054148310e-06                 	2.1945871681e-05                 
2.9159500000e+01	8.5783326279e-03	6.6976832128e-14                 	2.3506507071e-19                 	6.6976597063e-14                 	3.5096474891e-06                 	2.0951539080e-05                 
2.9666600000e+01	8.4317006419e-03	6.2714811083e-14                 	2.1484560804e-19                 	6.2714596237e-14                 	3.4257554847e-06                 	2.0040410888e-05                 
3.0191800000e+01	8.2850274003e-03	5.5885132067e-14                 	1.9675048949e-19                 	5.5884935316e-14                 	3.5206231464e-06                 	1.9203981512e-05                 
3.0735800000e+01	8.1383887930e-03	5.2961186023e-14                 	1.7812789757e-19                 	5.2961007895e-14                 	3.3633668530e-06                 	1.8285551521e-05                 
3.1299700000e+01	7.9917663832e-03	5.2336105392e-14                 	1.6323412057e-19                 	5.2335942158e-14                 	3.1189581141e-06                 	1.7508780153e-05                 
3.1884700000e+01	7.8451385857e-03	4.9995481574e-14                 	1.4996691245e-19                 	4.9995331607e-14                 	2.9996093193e-06                 	1.6792741166e-05                 
3.2492100000e+01	7.6984833318e-03	4.6304694530e-14                 	1.3697382748e-19                 	4.6304557557e-14                 	2.9580980692e-06                 	1.6067386701e-05                 
3.3123000000e+01	7.5518488743e-03	4.5921793849e-14                 	1.2558558985e-19                 	4.5921668264e-14                 	2.7347709949e-06                 	1.5389919841e-05                 
3.3778900000e+01	7.4052112492e-03	4.1289741402e-14                 	1.1560033142e-19                 	4.1289625802e-14                 	2.7997349339e-06                 	1.4780114966e-05                 
3.4461300000e+01	7.2585738282e-03	3.6363799527e-14                 	1.0545744739e-19                 	3.6363694070e-14                 	2.9000667907e-06                 	1.4136544447e-05                 
3.5171800000e+01	7.1119445199e-03	3.3545600844e-14                 	9.6111935590e-20                 	3.3545504732e-14                 	2.8651129559e-06                 	1.3509212618e-05                 
3.5912300000e+01	6.9652985262e-03	2.8930713304e-14                 	8.7747469105e-20                 	2.8930625556e-14                 	3.0330212803e-06                 	1.2922488007e-05                 
3.6684600000e+01	6.8186620616e-03	2.4125642779e-14                 	7.9527304843e-20                 	2.4125563252e-14                 	3.2963807667e-06                 	1.2320625943e-05                 
3.7490800000e+01	6.6720339460e-03	2.1698576143e-14                 	7.1641972543e-20                 	2.1698504501e-14                 	3.3016900312e-06                 	1.1711812904e-05                 
3.8333300000e+01	6.5253941159e-03	1.8172785389e-14                 	6.4829563424e-20                 	1.8172720559e-14                 	3.5673982847e-06                 	1.1154929192e-05                 
3.9214600000e+01	6.3787438929e-03	1.5875915461e-14                 	5.7997570822e-20                 	1.5875857463e-14                 	3.6531796207e-06                 	1.0571841939e-05                 
4.0137300000e+01	6.2321055543e-03	1.6742060234e-14                 	5.1924887585e-20                 	1.6742008309e-14                 	3.1014634316e-06                 	1.0018903757e-05                 
4.1104400000e+01	6.0854772303e-03	1.6908486584e-14                 	4.6991168931e-20                 	1.6908439593e-14                 	2.7791469507e-06                 	9.5349575112e-06                 
4.2119300000e+01	5.9388425321e-03	1.5303707905e-14                 	4.2240360337e-20                 	1.5303665664e-14                 	2.7601389545e-06                 	9.0499054295e-06                 
4.3185700000e+01	5.7921925606e-03	1.4032190387e-14                 	3.7757170242e-20                 	1.4032152629e-14                 	2.6907538454e-06                 	8.5684644816e-06                 
4.4307400000e+01	5.6455556016e-03	1.7266892632e-14                 	3.3786929239e-20                 	1.7266858845e-14                 	1.9567463561e-06                 	8.1100628613e-06                 
4.5488900000e+01	5.4989215009e-03	1.5064235161e-14                 	3.0350519046e-20                 	1.5064204810e-14                 	2.0147401260e-06                 	7.6900529573e-06                 
4.6735100000e+01	5.3522917521e-03	1.6472603412e-14                 	2.7386479609e-20                 	1.6472576026e-14                 	1.6625471350e-06                 	7.2986616380e-06                 
4.8051700000e+01	5.2056408049e-03	1.2457558542e-14                 	2.4361698776e-20                 	1.2457534180e-14                 	1.9555757008e-06                 	6.8916026202e-06                 
4.9444500000e+01	5.0590033323e-03	9.6089727963e-15                 	2.1710512386e-20                 	9.6089510858e-15                 	2.2593999220e-06                 	6.5081454656e-06                 
5.0920400000e+01	4.9123708821e-03	8.5142806404e-15                 	1.9020614797e-20                 	8.5142616197e-15                 	2.2339661564e-06                 	6.1028670267e-06                 
5.2487100000e+01	4.7657403489e-03	7.1238927699e-15                 	1.6827320956e-20                 	7.1238759426e-15                 	2.3620963284e-06                 	5.7416755735e-06                 
5.4153600000e+01	4.6190814695e-03	4.7027178469e-15                 	1.4710608416e-20                 	4.7027031362e-15                 	3.1281078081e-06                 	5.3755638919e-06                 
5.5929000000e+01	4.4724541877e-03	3.8448818508e-15                 	1.2731727226e-20                 	3.8448691191e-15                 	3.3113442025e-06                 	5.0112990216e-06                 
5.7824900000e+01	4.3258162187e-03	4.1860943187e-15                 	1.1074757387e-20                 	4.1860832439e-15                 	2.6456062727e-06                 	4.6776070183e-06                 
5.9853700000e+01	4.1791884255e-03	2.7832533279e-15                 	9.5738168096e-21                 	2.7832437541e-15                 	3.4397935372e-06                 	4.3539973380e-06                 
6.2030100000e+01	4.0325566179e-03	3.2305147806e-15                 	8.1857097984e-21                 	3.2305065949e-15                 	2.5338716441e-06                 	4.0338600731e-06                 
6.4371200000e+01	3.8858975794e-03	4.9745837719e-15                 	7.0459027031e-21                 	4.9745767260e-15                 	1.4163803498e-06                 	3.7430386987e-06                 
6.6895400000e+01	3.7392689223e-03	3.7403994879e-15                 	6.0732554071e-21                 	3.7403934147e-15                 	1.6236916476e-06                 	3.4726619707e-06                 
6.9625800000e+01	3.5926321890e-03	2.6937699693e-15                 	5.1228142526e-21                 	2.6937648465e-15                 	1.9017266920e-06                 	3.1942921280e-06                 
7.2588400000e+01	3.4460036351e-03	3.1986897761e-15                 	4.3222722606e-21                 	3.1986854538e-15                 	1.3512633494e-06                 	2.9354321548e-06                 
7.5815000000e+01	3.2993456475e-03	2.8622909988e-15                 	3.6420711387e-21                 	2.8622873567e-15                 	1.2724321672e-06                 	2.6935081057e-06                 
7.9341100000e+01	3.1527151787e-03	1.5677937577e-15                 	3.0000589770e-21                 	1.5677907576e-15                 	1.9135546128e-06                 	2.4492076654e-06                 
8.3211300000e+01	3.0060807879e-03	2.5126387782e-15                 	2.4649088743e-21                 	2.5126363133e-15                 	9.8100407257e-07                 	2.2219795209e-06                 
8.7478300000e+01	2.8594507468e-03	2.8464039485e-15                 	2.0191586954e-21                 	2.8464019293e-15                 	7.0937180104e-07                 	2.0108208997e-06                 
9.2207500000e+01	2.7127933223e-03	1.8841833239e-15                 	1.6192598928e-21                 	1.8841817046e-15                 	8.5939614911e-07                 	1.8036872576e-06                 
9.7476300000e+01	2.5661611106e-03	2.2127894045e-15                 	1.2825088607e-21                 	2.2127881220e-15                 	5.7958920905e-07                 	1.6079865677e-06                 
1.0338400000e+02	2.4195222691e-03	1.9386081741e-15                 	1.0163853813e-21                 	1.9386071578e-15                 	5.2428613211e-07                 	1.4308319243e-06                 
1.1005400000e+02	2.2728832234e-03	1.5428572695e-15                 	7.8423088250e-22                 	1.5428564852e-15                 	5.0829775250e-07                 	1.2587688996e-06                 
1.1764400000e+02	2.1262443496e-03	2.5497663053e-15                 	5.9311806287e-22                 	2.5497657122e-15                 	2.3261663692e-07                 	1.0968897266e-06                 
1.2635800000e+02	1.9796126107e-03	3.7969026598e-15                 	4.5438397254e-22                 	3.7969022055e-15                 	1.1967227323e-07                 	9.5674644837e-07                 
1.3646700000e+02	1.8329698042e-03	3.2272532085e-15                 	3.4126692585e-22                 	3.2272528673e-15                 	1.0574532080e-07                 	8.2635708293e-07                 
1.4833300000e+02	1.6863401284e-03	2.0588148209e-15                 	2.4169104414e-22                 	2.0588145792e-15                 	1.1739328943e-07                 	6.9680767589e-07                 
1.6246000000e+02	1.5397014050e-03	1.9839411912e-15                 	1.6638178827e-22                 	1.9839410248e-15                 	8.3864274309e-08                 	5.7901715947e-07                 
1.7956200000e+02	1.3930558262e-03	2.2566656987e-15                 	1.1259914360e-22                 	2.2566655861e-15                 	4.9896244563e-08                 	4.7551877129e-07                 
2.0068600000e+02	1.2464242163e-03	1.6117247071e-15                 	7.1652180189e-23                 	1.6117246354e-15                 	4.4456835510e-08                 	3.7980172193e-07                 
2.2744400000e+02	1.0997867179e-03	9.7339238696e-16                 	4.2281391996e-23                 	9.7339234468e-16                 	4.3437150899e-08                 	2.9308966745e-07                 
2.6243600000e+02	9.5314625381e-04	3.4422428884e-16                 	2.3845781043e-23                 	3.4422426500e-16                 	6.9273964143e-08                 	2.2013358290e-07                 
3.1015200000e+02	8.0650742302e-04	1.4228116837e-16                 	1.2221442572e-23                 	1.4228115615e-16                 	8.5896417012e-08                 	1.5760168797e-07                 
3.7907400000e+02	6.5987087024e-04	6.0484414402e-17                 	5.4768286214e-24                 	6.0484408925e-17                 	9.0549419642e-08                 	1.0550293380e-07                 
4.8738200000e+02	5.1323169560e-04	2.7987116012e-17                 	2.0045671036e-24                 	2.7987114007e-17                 	7.1624639808e-08                 	6.3826045363e-08                 
