#wavelengths (mu)	size parameter  	extinction cross section (cm^2)  	scattering cross section (cm^2)  	absorption cross section (cm^2)  	single scattering albedo         	asymmetry parameter              
4.7690000000e-02	6.6032074735e+00	1.6330550893e-10                 	9.9738912453e-11                 	6.3566596472e-11                 	6.1075044626e-01                 	8.3736855460e-01                 
4.8620000000e-02	6.4769017773e+00	1.6440707214e-10                 	9.7947168080e-11                 	6.6459904059e-11                 	5.9576006558e-01                 	8.3758312240e-01                 
4.9590000000e-02	6.3502110186e+00	1.6554979344e-10                 	9.7195539275e-11                 	6.8354254167e-11                 	5.8710758409e-01                 	8.3559724789e-01                 
5.0610000000e-02	6.2222281053e+00	1.6701439910e-10                 	9.6912782092e-11                 	7.0101617005e-11                 	5.8026602865e-01                 	8.3236633611e-01                 
5.1660000000e-02	6.0957600544e+00	1.6839349647e-10                 	9.6336015319e-11                 	7.2057481150e-11                 	5.7208869308e-01                 	8.3051091643e-01                 
5.2760000000e-02	5.9686687720e+00	1.6972376681e-10                 	9.5858289940e-11                 	7.3865476873e-11                 	5.6479002169e-01                 	8.2869155842e-01                 
5.3910000000e-02	5.8413460288e+00	1.7113001043e-10                 	9.5587296868e-11                 	7.5542713561e-11                 	5.5856536576e-01                 	8.2644021685e-01                 
5.5100000000e-02	5.7151899167e+00	1.7274000438e-10                 	9.5550209126e-11                 	7.7189795256e-11                 	5.5314464920e-01                 	8.2366321605e-01                 
5.6360000000e-02	5.5874195247e+00	1.7435306446e-10                 	9.5447806891e-11                 	7.8905257565e-11                 	5.4743980089e-01                 	8.2123634970e-01                 
5.7670000000e-02	5.4604987760e+00	1.7614829884e-10                 	9.5584589052e-11                 	8.0563709786e-11                 	5.4263702620e-01                 	8.1823745522e-01                 
5.9040000000e-02	5.3337900476e+00	1.7817157282e-10                 	9.5839036481e-11                 	8.2332536335e-11                 	5.3790307267e-01                 	8.1509332643e-01                 
6.0480000000e-02	5.2067950465e+00	1.8009774411e-10                 	9.5874281412e-11                 	8.4223462695e-11                 	5.3234582080e-01                 	8.1276336126e-01                 
6.1990000000e-02	5.0799639363e+00	1.8209687509e-10                 	9.6086794571e-11                 	8.6010080514e-11                 	5.2766855294e-01                 	8.0994268174e-01                 
6.3580000000e-02	4.9529248885e+00	1.8434715205e-10                 	9.6560306593e-11                 	8.7786845461e-11                 	5.2379603111e-01                 	8.0645241335e-01                 
6.5260000000e-02	4.8254208460e+00	1.8684057512e-10                 	9.7200573018e-11                 	8.9640002100e-11                 	5.2023267942e-01                 	8.0262944310e-01                 
6.7020000000e-02	4.6987013490e+00	1.8957530072e-10                 	9.8019670441e-11                 	9.1555630278e-11                 	5.1704874036e-01                 	7.9847793659e-01                 
6.8880000000e-02	4.5718200408e+00	1.9279991590e-10                 	9.9305611241e-11                 	9.3494304664e-11                 	5.1507082239e-01                 	7.9318802974e-01                 
6.9850000000e-02	4.5083316308e+00	1.9527742714e-10                 	1.0073365284e-10                 	9.4543774299e-11                 	5.1584893512e-01                 	7.8871163164e-01                 
7.0850000000e-02	4.4446995683e+00	1.9797901120e-10                 	1.0190747955e-10                 	9.6071531652e-11                 	5.1473880454e-01                 	7.8563781986e-01                 
7.1250000000e-02	4.4197468689e+00	1.9894870927e-10                 	1.0209829449e-10                 	9.6850414785e-11                 	5.1318902676e-01                 	7.8541369703e-01                 
7.1870000000e-02	4.3816190957e+00	2.0013153387e-10                 	1.0209227932e-10                 	9.8039254548e-11                 	5.1012590244e-01                 	7.8586751664e-01                 
7.2930000000e-02	4.3179345182e+00	2.0062833159e-10                 	1.0067940395e-10                 	9.9948927640e-11                 	5.0182047148e-01                 	7.9022680003e-01                 
7.4020000000e-02	4.2543496948e+00	2.0040091074e-10                 	9.8944250088e-11                 	1.0145666066e-10                 	4.9373153905e-01                 	7.9496847856e-01                 
7.5140000000e-02	4.1909364441e+00	1.9974614327e-10                 	9.7089930187e-11                 	1.0265621308e-10                 	4.8606660733e-01                 	7.9962298013e-01                 
7.6290000000e-02	4.1277620188e+00	1.9859871979e-10                 	9.5042407973e-11                 	1.0355631182e-10                 	4.7856505859e-01                 	8.0420655388e-01                 
7.7490000000e-02	4.0638400363e+00	1.9709573169e-10                 	9.3075952168e-11                 	1.0401977952e-10                 	4.7223727968e-01                 	8.0723362100e-01                 
7.8720000000e-02	4.0003425357e+00	1.9662141926e-10                 	9.2420705009e-11                 	1.0420071425e-10                 	4.7004393192e-01                 	8.0574231220e-01                 
7.9990000000e-02	3.9368291588e+00	1.9642380048e-10                 	9.1996609801e-11                 	1.0442719068e-10                 	4.6835775287e-01                 	8.0362454680e-01                 
8.1300000000e-02	3.8733943962e+00	1.9684525468e-10                 	9.2274484049e-11                 	1.0457077063e-10                 	4.6876661669e-01                 	7.9926498719e-01                 
8.2660000000e-02	3.8096656716e+00	1.9836208224e-10                 	9.3579425867e-11                 	1.0478265637e-10                 	4.7176065511e-01                 	7.9239890441e-01                 
8.3770000000e-02	3.7591854412e+00	2.0086794384e-10                 	9.5788562046e-11                 	1.0507938179e-10                 	4.7687331395e-01                 	7.8443580232e-01                 
8.4920000000e-02	3.7082779606e+00	2.0470900555e-10                 	9.8968934451e-11                 	1.0574007110e-10                 	4.8346155649e-01                 	7.7524128214e-01                 
8.6100000000e-02	3.6574560326e+00	2.0809194728e-10                 	1.0126861265e-10                 	1.0682333463e-10                 	4.8665320292e-01                 	7.6951597470e-01                 
8.6700000000e-02	3.6321449182e+00	2.0944369094e-10                 	1.0195167938e-10                 	1.0749201156e-10                 	4.8677369523e-01                 	7.6823221651e-01                 
8.7310000000e-02	3.6067685765e+00	2.0997806211e-10                 	1.0172415752e-10                 	1.0825390459e-10                 	4.8445135886e-01                 	7.6950696010e-01                 
8.8560000000e-02	3.5558600317e+00	2.0995865403e-10                 	1.0031936216e-10                 	1.0963929187e-10                 	4.7780532134e-01                 	7.7429002298e-01                 
8.9840000000e-02	3.5051977339e+00	2.0893677115e-10                 	9.8114690837e-11                 	1.1082208031e-10                 	4.6959034687e-01                 	7.8102710382e-01                 
9.1160000000e-02	3.4544423476e+00	2.0732817484e-10                 	9.5868037027e-11                 	1.1146013782e-10                 	4.6239753521e-01                 	7.8598909942e-01                 
9.2520000000e-02	3.4036636880e+00	2.0629641707e-10                 	9.4621601431e-11                 	1.1167481564e-10                 	4.5866817648e-01                 	7.8589351479e-01                 
9.3920000000e-02	3.3529276449e+00	2.0562470380e-10                 	9.3770550418e-11                 	1.1185415338e-10                 	4.5602764983e-01                 	7.8428385136e-01                 
9.5370000000e-02	3.3019499257e+00	2.0502615181e-10                 	9.3070028009e-11                 	1.1195612380e-10                 	4.5394222731e-01                 	7.8148322967e-01                 
9.6860000000e-02	3.2511559406e+00	2.0539189535e-10                 	9.3353884515e-11                 	1.1203801084e-10                 	4.5451591143e-01                 	7.7550672490e-01                 
9.8390000000e-02	3.2005992927e+00	2.0681497837e-10                 	9.4575854747e-11                 	1.1223912362e-10                 	4.5729693030e-01                 	7.6770432469e-01                 
9.9980000000e-02	3.1496995840e+00	2.0921154491e-10                 	9.6671342264e-11                 	1.1254020265e-10                 	4.6207460638e-01                 	7.5835493369e-01                 
1.0160000000e-01	3.0994779962e+00	2.1278352627e-10                 	9.9906489643e-11                 	1.1287703662e-10                 	4.6952173129e-01                 	7.4699113898e-01                 
1.0330000000e-01	3.0484701298e+00	2.1636861296e-10                 	1.0309774801e-10                 	1.1327086495e-10                 	4.7649123688e-01                 	7.3665754884e-01                 
1.0420000000e-01	3.0221397736e+00	2.1791841625e-10                 	1.0442419869e-10                 	1.1349421757e-10                 	4.7918941631e-01                 	7.3232716109e-01                 
1.0510000000e-01	2.9962603655e+00	2.1922962700e-10                 	1.0550759099e-10                 	1.1372203601e-10                 	4.8126520322e-01                 	7.2862753424e-01                 
1.0600000000e-01	2.9708204190e+00	2.2044173741e-10                 	1.0650202049e-10                 	1.1393971693e-10                 	4.8313001765e-01                 	7.2513699042e-01                 
1.0690000000e-01	2.9458088345e+00	2.2128679127e-10                 	1.0698041552e-10                 	1.1430637575e-10                 	4.8344691024e-01                 	7.2329423476e-01                 
1.0780000000e-01	2.9212148832e+00	2.2200127126e-10                 	1.0726035685e-10                 	1.1474091441e-10                 	4.8315199385e-01                 	7.2202851800e-01                 
1.0880000000e-01	2.8943654817e+00	2.2261528863e-10                 	1.0724909687e-10                 	1.1536619177e-10                 	4.8176878382e-01                 	7.2170255028e-01                 
1.0970000000e-01	2.8706195480e+00	2.2316494332e-10                 	1.0700699773e-10                 	1.1615794559e-10                 	4.7949734461e-01                 	7.2265580125e-01                 
1.1070000000e-01	2.8446880254e+00	2.2371943294e-10                 	1.0633612084e-10                 	1.1738331209e-10                 	4.7531016616e-01                 	7.2604328554e-01                 
1.1170000000e-01	2.8192208094e+00	2.2440671215e-10                 	1.0561498243e-10                 	1.1879172972e-10                 	4.7064092433e-01                 	7.3104919866e-01                 
1.1270000000e-01	2.7942055405e+00	2.2515614859e-10                 	1.0501294289e-10                 	1.2014320570e-10                 	4.6640051157e-01                 	7.3767863309e-01                 
1.1370000000e-01	2.7696302938e+00	2.2464770101e-10                 	1.0387053653e-10                 	1.2077716449e-10                 	4.6237079684e-01                 	7.4649105723e-01                 
1.1430000000e-01	2.7550915521e+00	2.2258250135e-10                 	1.0212009970e-10                 	1.2046240165e-10                 	4.5879662182e-01                 	7.5111555294e-01                 
1.1450000000e-01	2.7502791652e+00	2.2019153791e-10                 	1.0022081759e-10                 	1.1997072033e-10                 	4.5515290251e-01                 	7.5425660651e-01                 
1.1480000000e-01	2.7430920245e+00	2.1630323821e-10                 	9.7114455371e-11                 	1.1918878284e-10                 	4.4897365464e-01                 	7.5331200523e-01                 
1.1530000000e-01	2.7311965690e+00	2.1387667387e-10                 	9.5377625615e-11                 	1.1849904826e-10                 	4.4594683417e-01                 	7.4525560214e-01                 
1.1590000000e-01	2.7170575014e+00	2.1397508871e-10                 	9.5941988675e-11                 	1.1803310003e-10                 	4.4837924478e-01                 	7.3501573813e-01                 
1.1640000000e-01	2.7053862922e+00	2.1701329731e-10                 	9.9504455291e-11                 	1.1750884202e-10                 	4.5851777989e-01                 	7.2013981755e-01                 
1.1700000000e-01	2.6915125163e+00	2.2239420307e-10                 	1.0569263615e-10                 	1.1670156692e-10                 	4.7524906086e-01                 	7.0181248521e-01                 
1.1750000000e-01	2.6800592716e+00	2.2848004194e-10                 	1.1351833192e-10                 	1.1496171002e-10                 	4.9684134754e-01                 	6.8133993291e-01                 
1.1810000000e-01	2.6664433904e+00	2.3111227085e-10                 	1.1805366760e-10                 	1.1305860325e-10                 	5.1080657539e-01                 	6.6749397283e-01                 
1.1860000000e-01	2.6552020608e+00	2.3137474162e-10                 	1.2007109269e-10                 	1.1130364893e-10                 	5.1894641500e-01                 	6.5820114734e-01                 
1.1920000000e-01	2.6418369498e+00	2.3045967157e-10                 	1.2042901856e-10                 	1.1003065302e-10                 	5.2256005458e-01                 	6.5200530479e-01                 
1.1960000000e-01	2.6330013747e+00	2.2958454446e-10                 	1.2012575096e-10                 	1.0945879350e-10                 	5.2323100078e-01                 	6.4924438589e-01                 
1.1980000000e-01	2.6286057129e+00	2.2885697956e-10                 	1.1946607318e-10                 	1.0939090638e-10                 	5.2201192818e-01                 	6.4904642207e-01                 
1.2040000000e-01	2.6155063489e+00	2.2745341602e-10                 	1.1727602167e-10                 	1.1017739435e-10                 	5.1560457399e-01                 	6.5188341298e-01                 
1.2100000000e-01	2.6025368960e+00	2.2659302755e-10                 	1.1504557698e-10                 	1.1154745057e-10                 	5.0771896305e-01                 	6.5671960375e-01                 
1.2150000000e-01	2.5918268676e+00	2.2607685227e-10                 	1.1296384541e-10                 	1.1311300686e-10                 	4.9967010897e-01                 	6.6228484766e-01                 
1.2270000000e-01	2.5664789276e+00	2.2520447709e-10                 	1.0885202306e-10                 	1.1635245402e-10                 	4.8334750921e-01                 	6.7148705209e-01                 
1.2400000000e-01	2.5395722936e+00	2.2356823833e-10                 	1.0358303420e-10                 	1.1998520413e-10                 	4.6331730738e-01                 	6.7650635067e-01                 
1.2520000000e-01	2.5152313451e+00	2.2093710705e-10                 	9.7598400807e-11                 	1.2333870624e-10                 	4.4174743714e-01                 	6.7194643021e-01                 
1.2650000000e-01	2.4893831179e+00	2.1762335031e-10                 	9.2646836836e-11                 	1.2497651347e-10                 	4.2572102996e-01                 	6.5098475087e-01                 
1.2780000000e-01	2.4640607544e+00	2.1530187844e-10                 	9.2807215130e-11                 	1.2249466331e-10                 	4.3105622581e-01                 	6.0955841028e-01                 
1.2910000000e-01	2.4392483688e+00	2.2121920613e-10                 	1.0491440752e-10                 	1.1630479861e-10                 	4.7425542004e-01                 	5.4210872818e-01                 
1.3050000000e-01	2.4130801871e+00	2.4935992437e-10                 	1.3838768386e-10                 	1.1097224051e-10                 	5.5497163070e-01                 	4.7454263743e-01                 
1.3190000000e-01	2.3874675088e+00	2.7106814243e-10                 	1.8070661728e-10                 	9.0361525156e-11                 	6.6664645892e-01                 	4.0257382072e-01                 
1.3330000000e-01	2.3623928313e+00	2.7586208726e-10                 	2.1698912167e-10                 	5.8872965592e-11                 	7.8658551389e-01                 	3.8408286175e-01                 
1.3480000000e-01	2.3361050772e+00	2.8984126845e-10                 	2.5319347670e-10                 	3.6647791746e-11                 	8.7355909687e-01                 	4.0454091476e-01                 
1.3620000000e-01	2.3120922497e+00	3.1031663272e-10                 	2.8640352628e-10                 	2.3913106438e-11                 	9.2293965609e-01                 	4.4154185944e-01                 
1.3780000000e-01	2.2852464761e+00	3.3625295550e-10                 	3.2175715550e-10                 	1.4495800001e-11                 	9.5689019304e-01                 	4.8424948416e-01                 
1.3930000000e-01	2.2606386533e+00	3.6543900650e-10                 	3.5685440626e-10                 	8.5846002393e-12                 	9.7650880151e-01                 	5.2495254612e-01                 
1.4090000000e-01	2.2349678099e+00	3.9763484621e-10                 	3.9335797792e-10                 	4.2768682836e-12                 	9.8924423168e-01                 	5.5675603539e-01                 
1.4250000000e-01	2.2098734345e+00	4.2700305042e-10                 	4.2544285617e-10                 	1.5601942502e-12                 	9.9634617540e-01                 	5.7661724869e-01                 
1.4420000000e-01	2.1838208350e+00	4.4041344633e-10                 	4.4002222625e-10                 	3.9122008284e-13                 	9.9911169814e-01                 	5.8340603212e-01                 
1.4590000000e-01	2.1583753558e+00	4.2582834725e-10                 	4.2576883574e-10                 	5.9511502074e-14                 	9.9986024533e-01                 	5.8018882063e-01                 
1.4760000000e-01	2.1335160190e+00	3.8934275750e-10                 	3.8933858959e-10                 	4.1679135998e-15                 	9.9998929500e-01                 	5.7083778219e-01                 
1.4940000000e-01	2.1078110068e+00	3.4876628869e-10                 	3.4876271832e-10                 	3.5703733017e-15                 	9.9998976285e-01                 	5.5876044957e-01                 
1.5120000000e-01	2.0827180186e+00	3.1652933822e-10                 	3.1652629546e-10                 	3.0427664853e-15                 	9.9999038709e-01                 	5.4736003548e-01                 
1.5310000000e-01	2.0568710935e+00	2.9433337697e-10                 	2.9433071851e-10                 	2.6584611315e-15                 	9.9999096786e-01                 	5.3723614152e-01                 
1.5500000000e-01	2.0316578349e+00	2.7876970096e-10                 	2.7876731291e-10                 	2.3880517543e-15                 	9.9999143360e-01                 	5.2949998755e-01                 
1.5900000000e-01	1.9805469460e+00	2.6116692738e-10                 	2.6116482473e-10                 	2.1026527153e-15                 	9.9999194901e-01                 	5.2032170147e-01                 
1.6310000000e-01	1.9307600516e+00	2.5203015627e-10                 	2.5202813449e-10                 	2.0217749986e-15                 	9.9999197804e-01                 	5.2067498351e-01                 
1.6750000000e-01	1.8800415786e+00	2.4518806790e-10                 	2.4518601656e-10                 	2.0513465545e-15                 	9.9999163358e-01                 	5.2933290773e-01                 
1.7220000000e-01	1.8287280163e+00	2.3571262613e-10                 	2.3571050001e-10                 	2.1261176685e-15                 	9.9999098004e-01                 	5.4503979547e-01                 
1.7710000000e-01	1.7781307985e+00	2.2055210024e-10                 	2.2054991798e-10                 	2.1822620195e-15                 	9.9999010546e-01                 	5.6416635257e-01                 
1.8370000000e-01	1.7142458596e+00	1.9298987884e-10                 	1.9298771988e-10                 	2.1589617254e-15                 	9.9998881308e-01                 	5.8600948853e-01                 
1.8510000000e-01	1.7012801967e+00	1.8793360861e-10                 	1.8793146438e-10                 	2.1442303386e-15                 	9.9998859049e-01                 	5.8861782087e-01                 
1.8546700000e-01	1.6979137227e+00	1.8568880827e-10                 	1.8568667231e-10                 	2.1359592481e-15                 	9.9998849710e-01                 	5.8969547463e-01                 
1.9358300000e-01	1.6267284029e+00	1.5086018000e-10                 	1.5085822663e-10                 	1.9533630062e-15                 	9.9998705183e-01                 	5.9508306610e-01                 
1.9800000000e-01	1.5904392142e+00	1.3344176097e-10                 	1.3343993418e-10                 	1.8267906950e-15                 	9.9998631020e-01                 	5.8852621217e-01                 
2.0006000000e-01	1.5740626033e+00	1.2742784329e-10                 	1.2742606653e-10                 	1.7767555859e-15                 	9.9998605677e-01                 	5.8354569438e-01                 
2.0255000000e-01	1.5547122410e+00	1.1978709362e-10                 	1.1978538246e-10                 	1.7111615282e-15                 	9.9998571498e-01                 	5.7587802275e-01                 
2.0444800000e-01	1.5402790167e+00	1.1444407152e-10                 	1.1444240834e-10                 	1.6631796873e-15                 	9.9998546731e-01                 	5.6905634109e-01                 
2.1107000000e-01	1.4919551069e+00	9.8687284979e-11                 	9.8685772104e-11                 	1.5128751049e-15                 	9.9998467001e-01                 	5.4036976879e-01                 
2.1443900000e-01	1.4685153559e+00	9.2107321255e-11                 	9.2105874143e-11                 	1.4471117807e-15                 	9.9998428885e-01                 	5.2389401943e-01                 
2.1946200000e-01	1.4349042860e+00	8.3679824996e-11                 	8.3678463364e-11                 	1.3616318356e-15                 	9.9998372808e-01                 	4.9833440121e-01                 
2.2650300000e-01	1.3902993091e+00	7.3993994387e-11                 	7.3992730604e-11                 	1.2637825980e-15                 	9.9998292047e-01                 	4.6249918414e-01                 
2.3100000000e-01	1.3632336122e+00	6.8698444155e-11                 	6.8697232270e-11                 	1.2118843762e-15                 	9.9998235936e-01                 	4.4034471472e-01                 
2.3128800000e-01	1.3615361126e+00	6.8454125836e-11                 	6.8452916622e-11                 	1.2092132911e-15                 	9.9998233542e-01                 	4.3907058743e-01                 
2.4279600000e-01	1.2970022752e+00	5.7504476062e-11                 	5.7503369043e-11                 	1.1070187091e-15                 	9.9998074900e-01                 	3.8779431607e-01                 
2.5032900000e-01	1.2579723660e+00	5.1631035438e-11                 	5.1629979336e-11                 	1.0561022636e-15                 	9.9997954520e-01                 	3.5850023991e-01                 
2.5730400000e-01	1.2238712356e+00	4.6859311965e-11                 	4.6858295170e-11                 	1.0167954403e-15                 	9.9997830110e-01                 	3.3425415406e-01                 
2.6315500000e-01	1.1966596280e+00	4.3264849206e-11                 	4.3263860931e-11                 	9.8827481252e-16                 	9.9997715756e-01                 	3.1586329828e-01                 
2.7486700000e-01	1.1456703220e+00	3.6991133828e-11                 	3.6990193564e-11                 	9.4026379319e-16                 	9.9997458137e-01                 	2.8368528969e-01                 
2.9135800000e-01	1.0808248423e+00	2.9839375520e-11                 	2.9838488497e-11                 	8.8702325452e-16                 	9.9997027340e-01                 	2.4685576056e-01                 
3.0341200000e-01	1.0378856618e+00	2.5827155428e-11                 	2.5826299736e-11                 	8.5569277475e-16                 	9.9996686849e-01                 	2.2509509720e-01                 
3.1227900000e-01	1.0084154375e+00	2.2925178764e-11                 	2.2924343603e-11                 	8.3516135838e-16                 	9.9996357013e-01                 	2.1056686541e-01                 
3.2525300000e-01	9.6819080657e-01	1.9570443016e-11                 	1.9569633859e-11                 	8.0915749734e-16                 	9.9995865410e-01                 	1.9234267264e-01                 
3.4000000000e-01	9.2619695415e-01	1.6428307606e-11                 	1.6427523639e-11                 	7.8396724284e-16                 	9.9995227949e-01                 	1.7461612468e-01                 
3.4036500000e-01	9.2520372074e-01	1.6362826204e-11                 	1.6362042811e-11                 	7.8339288432e-16                 	9.9995212362e-01                 	1.7421894542e-01                 
3.5868000000e-01	8.7796075725e-01	1.3274097037e-11                 	1.3273339563e-11                 	7.5747413486e-16                 	9.9994293592e-01                 	1.5575842064e-01                 
3.9400000000e-01	7.9925625485e-01	9.0787988465e-12                 	9.0780786358e-12                 	7.2021070182e-16                 	9.9992067115e-01                 	1.2800391447e-01                 
3.9684800000e-01	7.9352035140e-01	8.8178391888e-12                 	8.8171213883e-12                 	7.1780055202e-16                 	9.9991859677e-01                 	1.2611810709e-01                 
4.0465600000e-01	7.7820905760e-01	8.1450880497e-12                 	8.1443764446e-12                 	7.1160513602e-16                 	9.9991263383e-01                 	1.2116172454e-01                 
4.1017400000e-01	7.6773994551e-01	7.7073322784e-12                 	7.7066247177e-12                 	7.0756060902e-16                 	9.9990819643e-01                 	1.1784190246e-01                 
4.3400000000e-01	7.2559208390e-01	6.1186651084e-12                 	6.1179721572e-12                 	6.9295125607e-16                 	9.9988674797e-01                 	1.0502425998e-01                 
4.3404700000e-01	7.2551351446e-01	6.1161084302e-12                 	6.1154155050e-12                 	6.9292521186e-16                 	9.9988670488e-01                 	1.0500152990e-01                 
4.3583400000e-01	7.2253877488e-01	6.0140983000e-12                 	6.0134062991e-12                 	6.9200088642e-16                 	9.9988493688e-01                 	1.0412928562e-01                 
4.6781500000e-01	6.7314422242e-01	4.4992511720e-12                 	4.4985722603e-12                 	6.7891172917e-16                 	9.9984910562e-01                 	9.0242172426e-02                 
4.7999100000e-01	6.5606847714e-01	4.0492215968e-12                 	4.0485461405e-12                 	6.7545629088e-16                 	9.9983318861e-01                 	8.5695906039e-02                 
4.8613300000e-01	6.4777944392e-01	3.8434153365e-12                 	3.8427413411e-12                 	6.7399541822e-16                 	9.9982463633e-01                 	8.3534842352e-02                 
5.0800000000e-01	6.1989559923e-01	3.2082602945e-12                 	3.2075900960e-12                 	6.7019853657e-16                 	9.9979110219e-01                 	7.6480385653e-02                 
5.0858200000e-01	6.1918621660e-01	3.1936951577e-12                 	3.1930250445e-12                 	6.7011322531e-16                 	9.9979017621e-01                 	7.6306800690e-02                 
5.1836200000e-01	6.0750395363e-01	2.9536871561e-12                 	2.9530180772e-12                 	6.6907893182e-16                 	9.9977347671e-01                 	7.3453219191e-02                 
5.3385000000e-01	5.8987911288e-01	2.6178013505e-12                 	2.6171331760e-12                 	6.6817450561e-16                 	9.9974475737e-01                 	6.9255863613e-02                 
5.4607200000e-01	5.7667663680e-01	2.3858327375e-12                 	2.3851646895e-12                 	6.6804795566e-16                 	9.9971999380e-01                 	6.6195746570e-02                 
5.7906600000e-01	5.4381877784e-01	1.8761760025e-12                 	1.8755060025e-12                 	6.6999996002e-16                 	9.9964289067e-01                 	5.8888547518e-02                 
5.8756300000e-01	5.3595438176e-01	1.7675711672e-12                 	1.7669001750e-12                 	6.7099215045e-16                 	9.9962038748e-01                 	5.7204322650e-02                 
5.8929000000e-01	5.3438368954e-01	1.7464644750e-12                 	1.7457932584e-12                 	6.7121658557e-16                 	9.9961567121e-01                 	5.6870913453e-02                 
5.8930000000e-01	5.3437462143e-01	1.7463113092e-12                 	1.7456400894e-12                 	6.7121975172e-16                 	9.9961563568e-01                 	5.6868846521e-02                 
6.2782000000e-01	5.0158797810e-01	1.3479162090e-12                 	1.3472381531e-12                 	6.7805597395e-16                 	9.9949695985e-01                 	5.0134619316e-02                 
6.4384700000e-01	4.8910216932e-01	1.2159934399e-12                 	1.2153115935e-12                 	6.8184643516e-16                 	9.9943926800e-01                 	4.7682311708e-02                 
6.5627800000e-01	4.7983775841e-01	1.1246431890e-12                 	1.1239580578e-12                 	6.8513128594e-16                 	9.9939080120e-01                 	4.5902556456e-02                 
6.6781500000e-01	4.7154820483e-01	1.0474169066e-12                 	1.0467284714e-12                 	6.8843517645e-16                 	9.9934273051e-01                 	4.4338757906e-02                 
6.7078600000e-01	4.6945965541e-01	1.0286120688e-12                 	1.0279227444e-12                 	6.8932438812e-16                 	9.9932984999e-01                 	4.3949023854e-02                 
7.0652000000e-01	4.4571556985e-01	8.3237944802e-13                 	8.3167827619e-13                 	7.0117182697e-16                 	9.9915762958e-01                 	3.9638844012e-02                 
7.2813500000e-01	4.3248431185e-01	7.3619898268e-13                 	7.3548968241e-13                 	7.0930027087e-16                 	9.9903653728e-01                 	3.7332980258e-02                 
7.6649400000e-01	4.1084074293e-01	5.9735663646e-13                 	5.9663130421e-13                 	7.2533225326e-16                 	9.9878576346e-01                 	3.3708870867e-02                 
7.6800000000e-01	4.1003510991e-01	5.9258973779e-13                 	5.9186373273e-13                 	7.2600505090e-16                 	9.9877486057e-01                 	3.3577378940e-02                 
7.9476300000e-01	3.9622750985e-01	5.1555122314e-13                 	5.1481286629e-13                 	7.3835685695e-16                 	9.9856783027e-01                 	3.1365559590e-02                 
8.3250000000e-01	3.7826662392e-01	4.2697635489e-13                 	4.2621914125e-13                 	7.5721363762e-16                 	9.9822656775e-01                 	2.8599601754e-02                 
8.4467000000e-01	3.7281656080e-01	4.0257160937e-13                 	4.0180798926e-13                 	7.6362010372e-16                 	9.9810314467e-01                 	2.7785552304e-02                 
9.9140000000e-01	3.1763865686e-01	2.1040255592e-13                 	2.0955005002e-13                 	8.5250590748e-16                 	9.9594821506e-01                 	2.0195765164e-02                 
1.0000000000e+00	3.1490696441e-01	2.0319504981e-13                 	2.0233673158e-13                 	8.5831822868e-16                 	9.9577589006e-01                 	1.9851160675e-02                 
1.0140600000e+00	3.1054076131e-01	1.9205285076e-13                 	1.9118488007e-13                 	8.6797068175e-16                 	9.9548056341e-01                 	1.9306235061e-02                 
1.0830300000e+00	2.9076476590e-01	1.4727686991e-13                 	1.4635913431e-13                 	9.1773559983e-16                 	9.9376863726e-01                 	1.6931744323e-02                 
1.1592000000e+00	2.7165887199e-01	1.1203278430e-13                 	1.1105556543e-13                 	9.7721886892e-16                 	9.9127738478e-01                 	1.4783652186e-02                 
1.2000000000e+00	2.6242247034e-01	9.7520659213e-14                 	9.6509707063e-14                 	1.0109521498e-15                 	9.8963345656e-01                 	1.3797014531e-02                 
1.3000000000e+00	2.4223612647e-01	7.0819978963e-14                 	6.9720802793e-14                 	1.0991761707e-15                 	9.8447929261e-01                 	1.1757550234e-02                 
1.3070000000e+00	2.4093876389e-01	6.9315156202e-14                 	6.8209491128e-14                 	1.1056650732e-15                 	9.8404872565e-01                 	1.1631823688e-02                 
1.3958000000e+00	2.2561037714e-01	5.3410359374e-14                 	5.2219373922e-14                 	1.1909854521e-15                 	9.7770122751e-01                 	1.0198854275e-02                 
1.4000000000e+00	2.2493354601e-01	5.2781183056e-14                 	5.1586013193e-14                 	1.1951698631e-15                 	9.7735613728e-01                 	1.0137744631e-02                 
1.4792000000e+00	2.1289005166e-01	4.2511283920e-14                 	4.1234525068e-14                 	1.2767588526e-15                 	9.6996658922e-01                 	9.0802124898e-03                 
1.5296100000e+00	2.0587402306e-01	3.7309157050e-14                 	3.5977928821e-14                 	1.3312282290e-15                 	9.6431899474e-01                 	8.4908552231e-03                 
1.5414000000e+00	2.0429931517e-01	3.6210926934e-14                 	3.4866632708e-14                 	1.3442942259e-15                 	9.6287600623e-01                 	8.3611185165e-03                 
1.6000000000e+00	1.9681685276e-01	3.1360766711e-14                 	2.9950041206e-14                 	1.4107255051e-15                 	9.5501623037e-01                 	7.7587904569e-03                 
1.6815000000e+00	1.8727740970e-01	2.5958182124e-14                 	2.4450334353e-14                 	1.5078477716e-15                 	9.4191242806e-01                 	7.0228774260e-03                 
1.7614000000e+00	1.7878219848e-01	2.1834907733e-14                 	2.0226562849e-14                 	1.6083448845e-15                 	9.2634066037e-01                 	6.3982308507e-03                 
1.8000000000e+00	1.7494831356e-01	2.0170491110e-14                 	1.8511686306e-14                 	1.6588048040e-15                 	9.1776081232e-01                 	6.1258026643e-03                 
1.9457000000e+00	1.6184764579e-01	1.5315458975e-14                 	1.3454367970e-14                 	1.8610910051e-15                 	8.7848284481e-01                 	5.2388062008e-03                 
2.0531000000e+00	1.5338121105e-01	1.2809691469e-14                 	1.0787276409e-14                 	2.0224150598e-15                 	8.4211836290e-01                 	4.7020197586e-03                 
2.0582000000e+00	1.5300114878e-01	1.2708541032e-14                 	1.0678225462e-14                 	2.0303155701e-15                 	8.4024007438e-01                 	4.6786331649e-03                 
2.3000000000e+00	1.3691607148e-01	9.1830087026e-15                 	6.7481325038e-15                 	2.4348761988e-15                 	7.3484984305e-01                 	3.7401876665e-03                 
2.5000000000e+00	1.2596278576e-01	7.5838085675e-15                 	4.7692118575e-15                 	2.8145967100e-15                 	6.2886764810e-01                 	3.1603076243e-03                 
2.6000000000e+00	1.2111806323e-01	7.0732308921e-15                 	4.0534742327e-15                 	3.0197566594e-15                 	5.7307251729e-01                 	2.9197913720e-03                 
3.0000000000e+00	1.0496898814e-01	6.1731609231e-15                 	2.2082487758e-15                 	3.9649121473e-15                 	3.5771767548e-01                 	2.1829545723e-03                 
3.5000000000e+00	8.9973418403e-02	6.5807611875e-15                 	1.1313346624e-15                 	5.4494265251e-15                 	1.7191547151e-01                 	1.5927662073e-03                 
4.0000000000e+00	7.8726741103e-02	7.9577088683e-15                 	6.2063842124e-16                 	7.3370704470e-15                 	7.7992099423e-02                 	1.2091057985e-03                 
4.2000000000e+00	7.4977848669e-02	8.7213091416e-15                 	4.9338954271e-16                 	8.2279195988e-15                 	5.6572876240e-02                 	1.0920144820e-03                 
4.4000000000e+00	7.1569764639e-02	9.5940133852e-15                 	3.9574422555e-16                 	9.1982691596e-15                 	4.1249079990e-02                 	9.9083488787e-04                 
4.6000000000e+00	6.8458035741e-02	1.0585981131e-14                 	3.1726380008e-16                 	1.0268717331e-14                 	2.9970183789e-02                 	9.0191857911e-04                 
4.8000000000e+00	6.5605617586e-02	1.1695977534e-14                 	2.5489595850e-16                 	1.1441081575e-14                 	2.1793471967e-02                 	8.2372179719e-04                 
5.0000000000e+00	6.2981392882e-02	1.2928671677e-14                 	2.0500330187e-16                 	1.2723668375e-14                 	1.5856486033e-02                 	7.5458770266e-04                 
5.2000000000e+00	6.0559031617e-02	1.4290227126e-14                 	1.6486336632e-16                 	1.4125363760e-14                 	1.1536791184e-02                 	6.9316987419e-04                 
5.4000000000e+00	5.8316104520e-02	1.5798201991e-14                 	1.3180052686e-16                 	1.5666401464e-14                 	8.3427548862e-03                 	6.3807223041e-04                 
5.6000000000e+00	5.6233386502e-02	1.7464351923e-14                 	1.0453517547e-16                 	1.7359816748e-14                 	5.9856315269e-03                 	5.8845669697e-04                 
5.8000000000e+00	5.4294304209e-02	1.9313928302e-14                 	8.1622148760e-17                 	1.9232306153e-14                 	4.2260770302e-03                 	5.4337928273e-04                 
6.0000000000e+00	5.2484494068e-02	2.1350738294e-14                 	6.2826973499e-17                 	2.1287911320e-14                 	2.9426136293e-03                 	5.0254052429e-04                 
6.1000000000e+00	5.1624092526e-02	2.3727326574e-14                 	5.4511501763e-17                 	2.3672815072e-14                 	2.2974144008e-03                 	4.8338997612e-04                 
6.2000000000e+00	5.0791445873e-02	2.6456415216e-14                 	4.7174613695e-17                 	2.6409240602e-14                 	1.7831067932e-03                 	4.6523461943e-04                 
6.3000000000e+00	4.9985232446e-02	2.9639608404e-14                 	4.0170394431e-17                 	2.9599438010e-14                 	1.3552943711e-03                 	4.4761606685e-04                 
6.4000000000e+00	4.9204213189e-02	3.3359209821e-14                 	3.3800070866e-17                 	3.3325409751e-14                 	1.0132155722e-03                 	4.3071419352e-04                 
6.5000000000e+00	4.8447225294e-02	3.7760903830e-14                 	2.7827419256e-17                 	3.7733076411e-14                 	7.3693731965e-04                 	4.1431758218e-04                 
6.6000000000e+00	4.7713176426e-02	4.2976546389e-14                 	2.2494232240e-17                 	4.2954052156e-14                 	5.2340716344e-04                 	3.9859188948e-04                 
6.7000000000e+00	4.7001039464e-02	4.9226780185e-14                 	1.7777549551e-17                 	4.9209002636e-14                 	3.6113573718e-04                 	3.8350844564e-04                 
6.8000000000e+00	4.6309847707e-02	5.6854406647e-14                 	1.3375988261e-17                 	5.6841030659e-14                 	2.3526739702e-04                 	3.6873270001e-04                 
6.9000000000e+00	4.5638690494e-02	6.6214200325e-14                 	9.5250982602e-18                 	6.6204675227e-14                 	1.4385280217e-04                 	3.5443363292e-04                 
7.0000000000e+00	4.4986709202e-02	7.7883125648e-14                 	6.1786211079e-18                 	7.7876947027e-14                 	7.9331961276e-05                 	3.4047298077e-04                 
7.0500000000e+00	4.4667654526e-02	8.4817761788e-14                 	4.7408408827e-18                 	8.4813020947e-14                 	5.5894435113e-05                 	3.3364371996e-04                 
7.1000000000e+00	4.4353093579e-02	9.2613416735e-14                 	3.4526883222e-18                 	9.2609964046e-14                 	3.7280649434e-05                 	3.2687475005e-04                 
7.1500000000e+00	4.4042932085e-02	1.0151354995e-13                 	2.3933234652e-18                 	1.0151115663e-13                 	2.3576394149e-05                 	3.2029722033e-04                 
7.2000000000e+00	4.3737078390e-02	1.1164937229e-13                 	1.4631170157e-18                 	1.1164790917e-13                 	1.3104570010e-05                 	3.1366290572e-04                 
7.2500000000e+00	4.3435443367e-02	1.2315470002e-13                 	7.5406568818e-19                 	1.2315394596e-13                 	6.1229144160e-06                 	3.0710715589e-04                 
7.3000000000e+00	4.3137940330e-02	1.3652166959e-13                 	2.7441480622e-19                 	1.3652139517e-13                 	2.0100457829e-06                 	3.0052362026e-04                 
7.3500000000e+00	4.2844484954e-02	1.5190776553e-13                 	9.4550687468e-20                 	1.5190767098e-13                 	6.2242168553e-07                 	2.9414733303e-04                 
7.4000000000e+00	4.2554995191e-02	1.6988623664e-13                 	2.3180234972e-19                 	1.6988600484e-13                 	1.3644563227e-06                 	2.8767070136e-04                 
7.4500000000e+00	4.2269391196e-02	1.9087427522e-13                 	7.5115349903e-19                 	1.9087352406e-13                 	3.9353312445e-06                 	2.8128349522e-04                 
7.5000000000e+00	4.1987595255e-02	2.1555513194e-13                 	1.7214112224e-18                 	2.1555341053e-13                 	7.9859440453e-06                 	2.7492947506e-04                 
7.5500000000e+00	4.1709531710e-02	2.4471692440e-13                 	3.2323373403e-18                 	2.4471369206e-13                 	1.3208474846e-05                 	2.6860124260e-04                 
7.6000000000e+00	4.1435126896e-02	2.7932557731e-13                 	5.4024133669e-18                 	2.7932017489e-13                 	1.9340919006e-05                 	2.6228880807e-04                 
7.6500000000e+00	4.1164309073e-02	3.2071360267e-13                 	8.3694916231e-18                 	3.2070523318e-13                 	2.6096465985e-05                 	2.5599809718e-04                 
7.7000000000e+00	4.0897008365e-02	3.7010015400e-13                 	1.2314417346e-17                 	3.7008783958e-13                 	3.3273202437e-05                 	2.4972664660e-04                 
7.7500000000e+00	4.0633156698e-02	4.2940738332e-13                 	1.7479326449e-17                 	4.2938990399e-13                 	4.0705696102e-05                 	2.4346879336e-04                 
7.8000000000e+00	4.0372687745e-02	5.0041585543e-13                 	2.4164271588e-17                 	5.0039169115e-13                 	4.8288381205e-05                 	2.3722820156e-04                 
7.8500000000e+00	4.0115536868e-02	5.8517304681e-13                 	3.2778158171e-17                 	5.8514026865e-13                 	5.6014470164e-05                 	2.3100391381e-04                 
7.9000000000e+00	3.9861641065e-02	6.9058374685e-13                 	4.1950332323e-17                 	6.9054179652e-13                 	6.0746191196e-05                 	2.2528657786e-04                 
7.9500000000e+00	3.9610938920e-02	8.0439309159e-13                 	5.8133801220e-17                 	8.0433495778e-13                 	7.2270388481e-05                 	2.1862634156e-04                 
7.9526000000e+00	3.9597988634e-02	1.7446754001e-12                 	9.3867545778e-17                 	1.7445815326e-12                 	5.3802297993e-05                 	2.1301267887e-04                 
7.9898400000e+00	3.9413425602e-02	2.2622127066e-12                 	1.1388706087e-16                 	2.2620988195e-12                 	5.0343215090e-05                 	2.0843928021e-04                 
8.0274200000e+00	3.9228913450e-02	2.8599433392e-12                 	1.3588842926e-16                 	2.8598074507e-12                 	4.7514378135e-05                 	2.0397738657e-04                 
8.0654300000e+00	3.9044039116e-02	3.5126314437e-12                 	1.5927712765e-16                 	3.5124721666e-12                 	4.5344104612e-05                 	1.9961592907e-04                 
8.1037300000e+00	3.8859508450e-02	4.2190217253e-12                 	1.8451914616e-16                 	4.2188372062e-12                 	4.3735054754e-05                 	1.9526136815e-04                 
8.1423900000e+00	3.8675003827e-02	4.9718939172e-12                 	2.1096850960e-16                 	4.9716829487e-12                 	4.2432222632e-05                 	1.9090389910e-04                 
8.1814300000e+00	3.8490455142e-02	5.7359149491e-12                 	2.3751045897e-16                 	5.7356774387e-12                 	4.1407597754e-05                 	1.8657932200e-04                 
8.2209100000e+00	3.8305609040e-02	6.5010775871e-12                 	2.6518878889e-16                 	6.5008123983e-12                 	4.0791512690e-05                 	1.8220240436e-04                 
8.2607100000e+00	3.8121053083e-02	7.2789172308e-12                 	2.9434240644e-16                 	7.2786228884e-12                 	4.0437663612e-05                 	1.7773375346e-04                 
8.3008900000e+00	3.7936530229e-02	8.0352475305e-12                 	3.2388243812e-16                 	8.0349236481e-12                 	4.0307711354e-05                 	1.7326256240e-04                 
8.3414700000e+00	3.7751974701e-02	8.8065427509e-12                 	3.5862715852e-16                 	8.8061841238e-12                 	4.0722809014e-05                 	1.6858481262e-04                 
8.3824400000e+00	3.7567458212e-02	9.6729959446e-12                 	4.0153428955e-16                 	9.6725944103e-12                 	4.1510850604e-05                 	1.6348192741e-04                 
8.4238900000e+00	3.7382606422e-02	1.0618364338e-11                 	4.5212928653e-16                 	1.0617912208e-11                 	4.2579937188e-05                 	1.5803125968e-04                 
8.4656800000e+00	3.7198070847e-02	1.1695016906e-11                 	5.1675028868e-16                 	1.1694500156e-11                 	4.4185510189e-05                 	1.5205367094e-04                 
8.5078900000e+00	3.7013520909e-02	1.3042158946e-11                 	6.0532006342e-16                 	1.3041553626e-11                 	4.6412566043e-05                 	1.4505650727e-04                 
8.5505200000e+00	3.6828984016e-02	1.4641584510e-11                 	7.1842667997e-16                 	1.4640866083e-11                 	4.9067549997e-05                 	1.3710871953e-04                 
8.5936500000e+00	3.6644145900e-02	1.6668098719e-11                 	8.7956314684e-16                 	1.6667219155e-11                 	5.2769254712e-05                 	1.2765206149e-04                 
8.6371500000e+00	3.6459591927e-02	1.9418864001e-11                 	1.1242505529e-15                 	1.9417739751e-11                 	5.7894764224e-05                 	1.1548026821e-04                 
8.6810800000e+00	3.6275090704e-02	2.2867777749e-11                 	1.4747874405e-15                 	2.2866302962e-11                 	6.4491943935e-05                 	1.0010999419e-04                 
8.7254700000e+00	3.6090544625e-02	2.6758442430e-11                 	1.9751381956e-15                 	2.6756467292e-11                 	7.3813645944e-05                 	8.0992358157e-05                 
8.7703100000e+00	3.5906024349e-02	2.8532521549e-11                 	2.4804505149e-15                 	2.8530041098e-11                 	8.6934150235e-05                 	5.8233127932e-05                 
8.8157000000e+00	3.5721152536e-02	2.3331897889e-11                 	2.3785951818e-15                 	2.3329519294e-11                 	1.0194606513e-04                 	3.5308376458e-05                 
8.8614800000e+00	3.5536610635e-02	1.5131271271e-11                 	1.7692027119e-15                 	1.5129502068e-11                 	1.1692360016e-04                 	1.0696786145e-05                 
8.9077300000e+00	3.5352100301e-02	9.2822194887e-12                 	1.1838116232e-15                 	9.2810356771e-12                 	1.2753540515e-04                 	-1.9166150363e-05                
8.9544800000e+00	3.5167532276e-02	6.3746411389e-12                 	8.1007686169e-16                 	6.3738310620e-12                 	1.2707803373e-04                 	-4.9245225610e-05                
9.0017900000e+00	3.4982705041e-02	5.0083049607e-12                 	6.0048771443e-16                 	5.0077044730e-12                 	1.1989839260e-04                 	-6.6958101287e-05                
9.0495300000e+00	3.4798156856e-02	4.2509835221e-12                 	4.7578130847e-16                 	4.2505077408e-12                 	1.1192264237e-04                 	-6.1186680318e-05                
9.0977700000e+00	3.4613643169e-02	3.7690955861e-12                 	3.9513020495e-16                 	3.7687004559e-12                 	1.0483422241e-04                 	-2.6417429329e-05                
9.1465400000e+00	3.4429080768e-02	3.4184123514e-12                 	3.3985717974e-16                 	3.4180724942e-12                 	9.9419597407e-05                 	2.9345842218e-05                 
9.1958200000e+00	3.4244576820e-02	3.1187471281e-12                 	2.9980733678e-16                 	3.1184473208e-12                 	9.6130697510e-05                 	9.2604401510e-05                 
9.2457300000e+00	3.4059718855e-02	2.8398758994e-12                 	2.6793577900e-16                 	2.8396079636e-12                 	9.4347706902e-05                 	1.5950764693e-04                 
9.2961000000e+00	3.3875169631e-02	2.5937564793e-12                 	2.4210274018e-16                 	2.5935143766e-12                 	9.3340582323e-05                 	2.2256003951e-04                 
9.3470200000e+00	3.3690627003e-02	2.3625392938e-12                 	2.2135676636e-16                 	2.3623179370e-12                 	9.3694427409e-05                 	2.7638659618e-04                 
9.3985000000e+00	3.3506087611e-02	2.1241021704e-12                 	2.0319071943e-16                 	2.1238989797e-12                 	9.5659579029e-05                 	3.2540220650e-04                 
9.4506300000e+00	3.3321266880e-02	1.8966788963e-12                 	1.8683627617e-16                 	1.8964920600e-12                 	9.8507067557e-05                 	3.6526135113e-04                 
9.5032600000e+00	3.3136730386e-02	1.6911425684e-12                 	1.7263902559e-16                 	1.6909699294e-12                 	1.0208425287e-04                 	3.9211337767e-04                 
9.5564800000e+00	3.2952192063e-02	1.4767338876e-12                 	1.5984265918e-16                 	1.4765740449e-12                 	1.0824066578e-04                 	4.1144170780e-04                 
9.6103000000e+00	3.2767651833e-02	1.2695077051e-12                 	1.4768272472e-16                 	1.2693600224e-12                 	1.1633070372e-04                 	4.1974115611e-04                 
9.6648200000e+00	3.2582806965e-02	1.0805391158e-12                 	1.3649367235e-16                 	1.0804026221e-12                 	1.2631997339e-04                 	4.1758359785e-04                 
9.7198700000e+00	3.2398269155e-02	8.9007612779e-13                 	1.2611013073e-16                 	8.8995001766e-13                 	1.4168465684e-04                 	4.0948760832e-04                 
9.7755500000e+00	3.2213733694e-02	7.0883771554e-13                 	1.1561533622e-16                 	7.0872210021e-13                 	1.6310550875e-04                 	3.9352846540e-04                 
9.8318700000e+00	3.2029203438e-02	5.7199690858e-13                 	1.0575397056e-16                 	5.7189115461e-13                 	1.8488556315e-04                 	3.7293496315e-04                 
9.8888500000e+00	3.1844649723e-02	4.5209290191e-13                 	9.6905659441e-17                 	4.5199599625e-13                 	2.1434899560e-04                 	3.5315691734e-04                 
9.9465900000e+00	3.1659791387e-02	3.4633780587e-13                 	8.8455605975e-17                 	3.4624935026e-13                 	2.5540268627e-04                 	3.3348602550e-04                 
1.0004900000e+01	3.1475273557e-02	2.8881278936e-13                 	8.0644831180e-17                 	2.8873214453e-13                 	2.7922873969e-04                 	3.1476148672e-04                 
1.0063900000e+01	3.1290748558e-02	2.4616033260e-13                 	7.4256319814e-17                 	2.4608607628e-13                 	3.0165835019e-04                 	2.9991058767e-04                 
1.0123600000e+01	3.1106223518e-02	2.0294599915e-13                 	6.8338026349e-17                 	2.0287766112e-13                 	3.3673009883e-04                 	2.8643386011e-04                 
1.0184100000e+01	3.0921432862e-02	1.8956171116e-13                 	6.2907029381e-17                 	1.8949880413e-13                 	3.3185514625e-04                 	2.7407312089e-04                 
1.0245200000e+01	3.0737024598e-02	1.7963462436e-13                 	5.8608199231e-17                 	1.7957601616e-13                 	3.2626337735e-04                 	2.6442142062e-04                 
1.0307200000e+01	3.0552134858e-02	1.5101222996e-13                 	5.4603526962e-17                 	1.5095762643e-13                 	3.6158347557e-04                 	2.5555132196e-04                 
1.0369800000e+01	3.0367698934e-02	1.4061487026e-13                 	5.0609324357e-17                 	1.4056426093e-13                 	3.5991445474e-04                 	2.4662762620e-04                 
1.0433200000e+01	3.0183161869e-02	1.4018595509e-13                 	4.7388889619e-17                 	1.4013856620e-13                 	3.3804306280e-04                 	2.3933390184e-04                 
1.0497400000e+01	2.9998567684e-02	1.1986002807e-13                 	4.4411815151e-17                 	1.1981561625e-13                 	3.7053065869e-04                 	2.3259653980e-04                 
1.0562400000e+01	2.9813959366e-02	1.1084826638e-13                 	4.1296399233e-17                 	1.1080696998e-13                 	3.7254889571e-04                 	2.2550041997e-04                 
1.0628200000e+01	2.9629378861e-02	1.1948233653e-13                 	3.8748142987e-17                 	1.1944358839e-13                 	3.2430017785e-04                 	2.1950356665e-04                 
1.0694900000e+01	2.9444591760e-02	1.0753451579e-13                 	3.6426991184e-17                 	1.0749808879e-13                 	3.3874696805e-04                 	2.1398608048e-04                 
1.0762400000e+01	2.9259920130e-02	9.9384124499e-14                 	3.4039891360e-17                 	9.9350084608e-14                 	3.4250833854e-04                 	2.0828086468e-04                 
1.0830700000e+01	2.9075402736e-02	1.0890735207e-13                 	3.1876299541e-17                 	1.0887547577e-13                 	2.9269189761e-04                 	2.0295403975e-04                 
1.0899900000e+01	2.8890812247e-02	1.0262093225e-13                 	3.0092728710e-17                 	1.0259083952e-13                 	2.9324162285e-04                 	1.9839048537e-04                 
1.0970000000e+01	2.8706195480e-02	9.4405149873e-14                 	2.8125035651e-17                 	9.4377024838e-14                 	2.9791844713e-04                 	1.9341282788e-04                 
1.1041000000e+01	2.8521598081e-02	9.9954255464e-14                 	2.6315746716e-17                 	9.9927939717e-14                 	2.6327790242e-04                 	1.8869011411e-04                 
1.1112900000e+01	2.8337064530e-02	9.9771210101e-14                 	2.4736360847e-17                 	9.9746473741e-14                 	2.4793084921e-04                 	1.8440436339e-04                 
1.1185800000e+01	2.8152386455e-02	9.9122555170e-14                 	2.2983115841e-17                 	9.9099572055e-14                 	2.3186565158e-04                 	1.7972395774e-04                 
1.1259600000e+01	2.7967864259e-02	1.1143526717e-13                 	2.1479911454e-17                 	1.1141378726e-13                 	1.9275685337e-04                 	1.7549099429e-04                 
1.1334400000e+01	2.7783293726e-02	1.1872424243e-13                 	2.0085377772e-17                 	1.1870415705e-13                 	1.6917671877e-04                 	1.7144937786e-04                 
1.1410300000e+01	2.7598482460e-02	1.1311065551e-13                 	1.8491226269e-17                 	1.1309216428e-13                 	1.6347908325e-04                 	1.6697935881e-04                 
1.1487100000e+01	2.7413965615e-02	1.4106555674e-13                 	1.6912701521e-17                 	1.4104864403e-13                 	1.1989249475e-04                 	1.6243629122e-04                 
1.1565000000e+01	2.7229309504e-02	1.8402547387e-13                 	1.5511685421e-17                 	1.8400996219e-13                 	8.4290968497e-05                 	1.5816939810e-04                 
1.1643900000e+01	2.7044801519e-02	2.4145724489e-13                 	1.4108738727e-17                 	2.4144313615e-13                 	5.8431623096e-05                 	1.5378850370e-04                 
1.1723900000e+01	2.6860256776e-02	3.4810759476e-13                 	1.2988856747e-17                 	3.4809460591e-13                 	3.7312764624e-05                 	1.4970743945e-04                 
1.1805100000e+01	2.6675501640e-02	4.6974076218e-13                 	1.2380471060e-17                 	4.6972838171e-13                 	2.6355964943e-05                 	1.4644669727e-04                 
1.1887300000e+01	2.6491042071e-02	5.7888043352e-13                 	1.2053329933e-17                 	5.7886838019e-13                 	2.0821795374e-05                 	1.4368892863e-04                 
1.1970800000e+01	2.6306258931e-02	6.9508826224e-13                 	1.1858744277e-17                 	6.9507640350e-13                 	1.7060774754e-05                 	1.4100561438e-04                 
1.2055400000e+01	2.6121652074e-02	8.2465246777e-13                 	1.2141562855e-17                 	8.2464032621e-13                 	1.4723248070e-05                 	1.3903335233e-04                 
1.2141200000e+01	2.5937054361e-02	9.1289340204e-13                 	1.2640472419e-17                 	9.1288076157e-13                 	1.3846602890e-05                 	1.3780097592e-04                 
1.2228200000e+01	2.5752519947e-02	9.8494982478e-13                 	1.3188812991e-17                 	9.8493663596e-13                 	1.3390339953e-05                 	1.3678812962e-04                 
1.2316500000e+01	2.5567893834e-02	1.0343041894e-12                 	1.3913120910e-17                 	1.0342902763e-12                 	1.3451672198e-05                 	1.3639490773e-04                 
1.2406100000e+01	2.5383236022e-02	1.0304087987e-12                 	1.4706316877e-17                 	1.0303940924e-12                 	1.4272312985e-05                 	1.3690831851e-04                 
1.2497000000e+01	2.5198604818e-02	9.7095192581e-13                 	1.5115428241e-17                 	9.7093681038e-13                 	1.5567638149e-05                 	1.3747980572e-04                 
1.2589200000e+01	2.5014056843e-02	8.9167175644e-13                 	1.5363917682e-17                 	8.9165639253e-13                 	1.7230463532e-05                 	1.3804125604e-04                 
1.2682800000e+01	2.4829451258e-02	7.7326249323e-13                 	1.5274741041e-17                 	7.7324721849e-13                 	1.9753629815e-05                 	1.3834116327e-04                 
1.2777800000e+01	2.4644850006e-02	6.3269630207e-13                 	1.4896457463e-17                 	6.3268140561e-13                 	2.3544404187e-05                 	1.3804054099e-04                 
1.2874200000e+01	2.4460313216e-02	4.9946938597e-13                 	1.4018180515e-17                 	4.9945536779e-13                 	2.8066145612e-05                 	1.3607462510e-04                 
1.2972100000e+01	2.4275712060e-02	3.7501353090e-13                 	1.3015275326e-17                 	3.7500051562e-13                 	3.4706148588e-05                 	1.3335152569e-04                 
1.3071500000e+01	2.4091111534e-02	3.1955939439e-13                 	1.1845897663e-17                 	3.1954754849e-13                 	3.7069470874e-05                 	1.2951351385e-04                 
1.3172500000e+01	2.3906393199e-02	2.8336869186e-13                 	1.0914993683e-17                 	2.8335777687e-13                 	3.8518700183e-05                 	1.2612698083e-04                 
1.3275000000e+01	2.3721805229e-02	2.6537577367e-13                 	1.0158090899e-17                 	2.6536561558e-13                 	3.8278139554e-05                 	1.2307950049e-04                 
1.3379100000e+01	2.3537230786e-02	2.4150340101e-13                 	9.4395126016e-18                 	2.4149396150e-13                 	3.9086458253e-05                 	1.2011741113e-04                 
1.3484800000e+01	2.3352735258e-02	2.3972818895e-13                 	8.7367194569e-18                 	2.3971945223e-13                 	3.6444272553e-05                 	1.1707970582e-04                 
1.3592300000e+01	2.3168041053e-02	2.3315514388e-13                 	8.1481476613e-18                 	2.3314699574e-13                 	3.4947321022e-05                 	1.1434801585e-04                 
1.3701500000e+01	2.2983393381e-02	2.3912753112e-13                 	7.6424059358e-18                 	2.3911988872e-13                 	3.1959540166e-05                 	1.1178459868e-04                 
1.3812400000e+01	2.2798859316e-02	2.3876637240e-13                 	7.1829967123e-18                 	2.3875918940e-13                 	3.0083787093e-05                 	1.0935464930e-04                 
1.3925200000e+01	2.2614178928e-02	2.3802833604e-13                 	6.7431789073e-18                 	2.3802159286e-13                 	2.8329311625e-05                 	1.0696125513e-04                 
1.4039800000e+01	2.2429590479e-02	2.3832556614e-13                 	6.3226779496e-18                 	2.3831924346e-13                 	2.6529583259e-05                 	1.0460167050e-04                 
1.4156300000e+01	2.2245005009e-02	2.4063136851e-13                 	5.9208723314e-18                 	2.4062544764e-13                 	2.4605571452e-05                 	1.0227177765e-04                 
1.4274800000e+01	2.2060341610e-02	2.4676695205e-13                 	5.5365360837e-18                 	2.4676141551e-13                 	2.2436294803e-05                 	9.9962775159e-05                 
1.4395200000e+01	2.1875831139e-02	2.6454760500e-13                 	5.2393508285e-18                 	2.6454236565e-13                 	1.9804945233e-05                 	9.7870584928e-05                 
1.4517700000e+01	2.1691243407e-02	2.6277611995e-13                 	4.9535603165e-18                 	2.6277116639e-13                 	1.8850877003e-05                 	9.5867300121e-05                 
1.4642300000e+01	2.1506659774e-02	2.5629404885e-13                 	4.6638975853e-18                 	2.5628938495e-13                 	1.8197447838e-05                 	9.3854222026e-05                 
1.4769100000e+01	2.1322014504e-02	2.6221822732e-13                 	4.3303170775e-18                 	2.6221389700e-13                 	1.6514172648e-05                 	9.1639635063e-05                 
1.4898100000e+01	2.1137390970e-02	2.5950627684e-13                 	4.0545136223e-18                 	2.5950222233e-13                 	1.5623952035e-05                 	8.9628558506e-05                 
1.5029400000e+01	2.0952730276e-02	2.6307303671e-13                 	3.7583129895e-18                 	2.6306927839e-13                 	1.4286196094e-05                 	8.7511459719e-05                 
1.5163000000e+01	2.0768117418e-02	2.6616175017e-13                 	3.4621595568e-18                 	2.6615828801e-13                 	1.3007727649e-05                 	8.5377180733e-05                 
1.5299000000e+01	2.0583499863e-02	2.7761927133e-13                 	3.2121681815e-18                 	2.7761605916e-13                 	1.1570407797e-05                 	8.3360094360e-05                 
1.5437400000e+01	2.0398963842e-02	2.8392467483e-13                 	2.9528865064e-18                 	2.8392172194e-13                 	1.0400246150e-05                 	8.1309838616e-05                 
1.5578400000e+01	2.0214332949e-02	3.0549458350e-13                 	2.7240842125e-18                 	3.0549185941e-13                 	8.9169640304e-06                 	7.9300200001e-05                 
1.5722000000e+01	2.0029701336e-02	3.1249264256e-13                 	2.5012311302e-18                 	3.1249014133e-13                 	8.0041280643e-06                 	7.7346706398e-05                 
1.5868200000e+01	1.9845159779e-02	3.3435829058e-13                 	2.2961150074e-18                 	3.3435599447e-13                 	6.8672291731e-06                 	7.5389644925e-05                 
1.6017200000e+01	1.9660550184e-02	3.6145008842e-13                 	2.1020013802e-18                 	3.6144798642e-13                 	5.8154678821e-06                 	7.3434510476e-05                 
1.6169000000e+01	1.9475970339e-02	3.8042620097e-13                 	1.9429581051e-18                 	3.8042425801e-13                 	5.1073193701e-06                 	7.1635823739e-05                 
1.6323800000e+01	1.9291278036e-02	3.9047025059e-13                 	1.7735151109e-18                 	3.9046847708e-13                 	4.5419980350e-06                 	6.9817596271e-05                 
1.6481500000e+01	1.9106693226e-02	4.2045762097e-13                 	1.5808204153e-18                 	4.2045604015e-13                 	3.7597615941e-06                 	6.7791285813e-05                 
1.6642300000e+01	1.8922081948e-02	4.5669084370e-13                 	1.4425432366e-18                 	4.5668940115e-13                 	3.1586865744e-06                 	6.5944691235e-05                 
1.6806200000e+01	1.8737547120e-02	4.9669786240e-13                 	1.3222437350e-18                 	4.9669654016e-13                 	2.6620685030e-06                 	6.4135129019e-05                 
1.6973500000e+01	1.8552859717e-02	5.3786642892e-13                 	1.2155839952e-18                 	5.3786521334e-13                 	2.2600109058e-06                 	6.2356220902e-05                 
1.7144000000e+01	1.8368348367e-02	5.7996435770e-13                 	1.1430775772e-18                 	5.7996321462e-13                 	1.9709445279e-06                 	6.0714764556e-05                 
1.7318100000e+01	1.8183690151e-02	6.0906676200e-13                 	1.0526143458e-18                 	6.0906570938e-13                 	1.7282413217e-06                 	5.9048270299e-05                 
1.7495700000e+01	1.7999106318e-02	6.3262166959e-13                 	9.3699225937e-19                 	6.3262073260e-13                 	1.4811257730e-06                 	5.7267254894e-05                 
1.7677000000e+01	1.7814502710e-02	6.9322280983e-13                 	8.7792283640e-19                 	6.9322193191e-13                 	1.2664367415e-06                 	5.5499821700e-05                 
1.7862100000e+01	1.7629895948e-02	7.4432932176e-13                 	8.2159141063e-19                 	7.4432850017e-13                 	1.1038009475e-06                 	5.3779565147e-05                 
1.8051200000e+01	1.7445209427e-02	7.7939403772e-13                 	7.6374607356e-19                 	7.7939327398e-13                 	9.7992291010e-07                 	5.2149155286e-05                 
1.8244200000e+01	1.7260661712e-02	8.3080934934e-13                 	7.0804365949e-19                 	8.3080864130e-13                 	8.5223362020e-07                 	5.0344494813e-05                 
1.8441400000e+01	1.7076087738e-02	8.7899022809e-13                 	6.5932581625e-19                 	8.7898956877e-13                 	7.5009459170e-07                 	4.8542611515e-05                 
1.8643000000e+01	1.6891431873e-02	9.2410085261e-13                 	6.1699668647e-19                 	9.2410023561e-13                 	6.6767245667e-07                 	4.6709100905e-05                 
1.8849000000e+01	1.6706826060e-02	9.9105600543e-13                 	6.0120075073e-19                 	9.9105540423e-13                 	6.0662641408e-07                 	4.4519204422e-05                 
1.9059600000e+01	1.6522223153e-02	1.1157874333e-12                 	7.2161471196e-19                 	1.1157867117e-12                 	6.4673134902e-07                 	4.2134421172e-05                 
1.9275000000e+01	1.6337585702e-02	1.3594934925e-12                 	1.1367761827e-18                 	1.3594923557e-12                 	8.3617625901e-07                 	3.9561329081e-05                 
1.9495200000e+01	1.6153051234e-02	1.7193737378e-12                 	1.9954715536e-18                 	1.7193717423e-12                 	1.1605804542e-06                 	3.6837267280e-05                 
1.9720600000e+01	1.5968427148e-02	2.3295431499e-12                 	3.8348277673e-18                 	2.3295393151e-12                 	1.6461715970e-06                 	3.3839067853e-05                 
1.9951300000e+01	1.5783781729e-02	3.4592966748e-12                 	8.1537524508e-18                 	3.4592885211e-12                 	2.3570549789e-06                 	3.0235996601e-05                 
2.0187400000e+01	1.5599183868e-02	5.8293592461e-12                 	1.9533368606e-17                 	5.8293397127e-12                 	3.3508603229e-06                 	2.5031327282e-05                 
2.0429100000e+01	1.5414627390e-02	8.9296402234e-12                 	4.0601529226e-17                 	8.9295996219e-12                 	4.5468269953e-06                 	1.6798402973e-05                 
2.0676800000e+01	1.5229966165e-02	6.8585186780e-12                 	3.8824289770e-17                 	6.8584798538e-12                 	5.6607398176e-06                 	8.6613455406e-06                 
2.0930500000e+01	1.5045362720e-02	3.7354365254e-12                 	2.3665500188e-17                 	3.7354128599e-12                 	6.3354041829e-06                 	2.2309155038e-06                 
2.1190500000e+01	1.4860761398e-02	2.3548021054e-12                 	1.5368227824e-17                 	2.3547867371e-12                 	6.5263351807e-06                 	1.1110906023e-06                 
2.1457000000e+01	1.4676187930e-02	1.7175613997e-12                 	1.1192829543e-17                 	1.7175502069e-12                 	6.5166983522e-06                 	1.0021283304e-05                 
2.1730300000e+01	1.4491606854e-02	1.3557172468e-12                 	8.7994221263e-18                 	1.3557084474e-12                 	6.4906027764e-06                 	2.6970493221e-05                 
2.2010800000e+01	1.4306929526e-02	1.1158017698e-12                 	7.2394792284e-18                 	1.1157945303e-12                 	6.4881410159e-06                 	4.4328820130e-05                 
2.2298500000e+01	1.4122338472e-02	9.3927155502e-13                 	6.1396706624e-18                 	9.3926541535e-13                 	6.5366300402e-06                 	5.6521876165e-05                 
2.2593800000e+01	1.3937760112e-02	7.9773933705e-13                 	5.2931099126e-18                 	7.9773404394e-13                 	6.6351371517e-06                 	6.3258316267e-05                 
2.2897100000e+01	1.3753137489e-02	6.8503336628e-13                 	4.6151477367e-18                 	6.8502875113e-13                 	6.7371137874e-06                 	6.5482973316e-05                 
2.3208600000e+01	1.3568546332e-02	5.9708894905e-13                 	4.0638544359e-18                 	5.9708488520e-13                 	6.8061122925e-06                 	6.4828811040e-05                 
2.3528700000e+01	1.3383950852e-02	5.2039352856e-13                 	3.6108623729e-18                 	5.2038991770e-13                 	6.9387149814e-06                 	6.3096519753e-05                 
2.3857800000e+01	1.3199329545e-02	4.5445760924e-13                 	3.2127411612e-18                 	4.5445439650e-13                 	7.0693967838e-06                 	6.0557574463e-05                 
2.4196200000e+01	1.3014728115e-02	4.0580501049e-13                 	2.8757814813e-18                 	4.0580213471e-13                 	7.0866091028e-06                 	5.7646606195e-05                 
2.4544300000e+01	1.2830146487e-02	3.6037251875e-13                 	2.5910560502e-18                 	3.6036992769e-13                 	7.1899379543e-06                 	5.4989002094e-05                 
2.4902700000e+01	1.2645494842e-02	3.2171009692e-13                 	2.3283803713e-18                 	3.2170776854e-13                 	7.2375110187e-06                 	5.2188670344e-05                 
2.5271600000e+01	1.2460903323e-02	2.9815072489e-13                 	2.1031199523e-18                 	2.9814862177e-13                 	7.0538817342e-06                 	4.9488967773e-05                 
2.5651600000e+01	1.2276308862e-02	2.7444500923e-13                 	1.9222517537e-18                 	2.7444308698e-13                 	7.0041417736e-06                 	4.7339190748e-05                 
2.6043200000e+01	1.2091715473e-02	2.4740705370e-13                 	1.7454225803e-18                 	2.4740530828e-13                 	7.0548618329e-06                 	4.5145061531e-05                 
2.6447100000e+01	1.1907050845e-02	2.2999530728e-13                 	1.5885460239e-18                 	2.2999371873e-13                 	6.9068627647e-06                 	4.3037486516e-05                 
2.6863500000e+01	1.1722484576e-02	2.1625721941e-13                 	1.4585206880e-18                 	2.1625576089e-13                 	6.7443791794e-06                 	4.1235362228e-05                 
2.7293300000e+01	1.1537885284e-02	1.9383800697e-13                 	1.3342363152e-18                 	1.9383667274e-13                 	6.8832544043e-06                 	3.9505555958e-05                 
2.7737100000e+01	1.1353276457e-02	1.8065277190e-13                 	1.2189361072e-18                 	1.8065155296e-13                 	6.7473977529e-06                 	3.7763384017e-05                 
2.8195600000e+01	1.1168656259e-02	1.6828019754e-13                 	1.1220080020e-18                 	1.6827907553e-13                 	6.6674987221e-06                 	3.6256230858e-05                 
2.8669500000e+01	1.0984041034e-02	1.4703484754e-13                 	1.0283476278e-18                 	1.4703381920e-13                 	6.9939041320e-06                 	3.4781631730e-05                 
2.9159500000e+01	1.0799463791e-02	1.3364382846e-13                 	9.3582260593e-19                 	1.3364289263e-13                 	7.0023630477e-06                 	3.3205730806e-05                 
2.9666600000e+01	1.0614865351e-02	1.2513912968e-13                 	8.5532549834e-19                 	1.2513827435e-13                 	6.8349963800e-06                 	3.1761700027e-05                 
3.0191800000e+01	1.0430214973e-02	1.1151112704e-13                 	7.8328591106e-19                 	1.1151034376e-13                 	7.0242847672e-06                 	3.0436059512e-05                 
3.0735800000e+01	1.0245608197e-02	1.0567646445e-13                 	7.0914643646e-19                 	1.0567575531e-13                 	6.7105427885e-06                 	2.8980455406e-05                 
3.1299700000e+01	1.0061021812e-02	1.0442893916e-13                 	6.4985210792e-19                 	1.0442828930e-13                 	6.2229120890e-06                 	2.7749365377e-05                 
3.1884700000e+01	9.8764286448e-03	9.9758353277e-14                 	5.9703348007e-19                 	9.9757756244e-14                 	5.9847968662e-06                 	2.6614529755e-05                 
3.2492100000e+01	9.6918009119e-03	9.2393749179e-14                 	5.4530622805e-19                 	9.2393203873e-14                 	5.9019818212e-06                 	2.5464929807e-05                 
3.3123000000e+01	9.5071993603e-03	9.1629534699e-14                 	4.9996816223e-19                 	9.1629034731e-14                 	5.4564083935e-06                 	2.4391226073e-05                 
3.3778900000e+01	9.3225938207e-03	8.2386889489e-14                 	4.6021560375e-19                 	8.2386429274e-14                 	5.5860296050e-06                 	2.3424759391e-05                 
3.4461300000e+01	9.1379885382e-03	7.2557856358e-14                 	4.1983554039e-19                 	7.2557436522e-14                 	5.7862175299e-06                 	2.2404777310e-05                 
3.5171800000e+01	8.9533934689e-03	6.6934493149e-14                 	3.8262995443e-19                 	6.6934110519e-14                 	5.7164839297e-06                 	2.1410531346e-05                 
3.5912300000e+01	8.7687773941e-03	5.7726193027e-14                 	3.4933006784e-19                 	5.7725843697e-14                 	6.0515001860e-06                 	2.0480643214e-05                 
3.6684600000e+01	8.5841733155e-03	4.8138443304e-14                 	3.1660468786e-19                 	4.8138126699e-14                 	6.5769614914e-06                 	1.9526763485e-05                 
3.7490800000e+01	8.3995797478e-03	4.3295586496e-14                 	2.8521233744e-19                 	4.3295301284e-14                 	6.5875614704e-06                 	1.8561866846e-05                 
3.8333300000e+01	8.2149714324e-03	3.6260462264e-14                 	2.5809144459e-19                 	3.6260204173e-14                 	7.1177097166e-06                 	1.7679272317e-05                 
3.9214600000e+01	8.0303500332e-03	3.1677428859e-14                 	2.3089260436e-19                 	3.1677197967e-14                 	7.2888682155e-06                 	1.6755147742e-05                 
4.0137300000e+01	7.8457435954e-03	3.3405588925e-14                 	2.0671667655e-19                 	3.3405382208e-14                 	6.1880865809e-06                 	1.5878805887e-05                 
4.1104400000e+01	7.6611497652e-03	3.3737607731e-14                 	1.8707510159e-19                 	3.3737420656e-14                 	5.5450019777e-06                 	1.5111808446e-05                 
4.2119300000e+01	7.4765479106e-03	3.0535542918e-14                 	1.6816171922e-19                 	3.0535374757e-14                 	5.5070813599e-06                 	1.4343058159e-05                 
4.3185700000e+01	7.2919268279e-03	2.7998441211e-14                 	1.5031376135e-19                 	2.7998290897e-14                 	5.3686474980e-06                 	1.3580030895e-05                 
4.4307400000e+01	7.1073221270e-03	3.4452578630e-14                 	1.3450791024e-19                 	3.4452444122e-14                 	3.9041463828e-06                 	1.2853518162e-05                 
4.5488900000e+01	6.9227210245e-03	3.0057592759e-14                 	1.2082729539e-19                 	3.0057471932e-14                 	4.0198593533e-06                 	1.2187851892e-05                 
4.6735100000e+01	6.7381254006e-03	3.2867660455e-14                 	1.0902723408e-19                 	3.2867551428e-14                 	3.3171583426e-06                 	1.1567542671e-05                 
4.8051700000e+01	6.5535030896e-03	2.4856453088e-14                 	9.6985359776e-20                 	2.4856356102e-14                 	3.9018181489e-06                 	1.0922401747e-05                 
4.9444500000e+01	6.3688977421e-03	1.9172683316e-14                 	8.6430799671e-20                 	1.9172596885e-14                 	4.5080179048e-06                 	1.0314666961e-05                 
5.0920400000e+01	6.1842987174e-03	1.6988436602e-14                 	7.5722130479e-20                 	1.6988360880e-14                 	4.4572748072e-06                 	9.6723476923e-06                 
5.2487100000e+01	5.9997021061e-03	1.4214202273e-14                 	6.6990482836e-20                 	1.4214135282e-14                 	4.7129259561e-06                 	9.0999012350e-06                 
5.4153600000e+01	5.8150698090e-03	9.3832645176e-15                 	5.8563713539e-20                 	9.3832059539e-15                 	6.2412941070e-06                 	8.5196566208e-06                 
5.5929000000e+01	5.6304772910e-03	7.6716308339e-15                 	5.0685663436e-20                 	7.6715801483e-15                 	6.6068955263e-06                 	7.9423388619e-06                 
5.7824900000e+01	5.4458713186e-03	8.3524340055e-15                 	4.4089167054e-20                 	8.3523899164e-15                 	5.2786010671e-06                 	7.4134755575e-06                 
5.9853700000e+01	5.2612781567e-03	5.5533720175e-15                 	3.8113835267e-20                 	5.5533339036e-15                 	6.8631878338e-06                 	6.9005914929e-06                 
6.2030100000e+01	5.0766799410e-03	6.4457730688e-15                 	3.2587702700e-20                 	6.4457404811e-15                 	5.0556701814e-06                 	6.3932107113e-06                 
6.4371200000e+01	4.8920474437e-03	9.9256563736e-15                 	2.8050068789e-20                 	9.9256283235e-15                 	2.8260165105e-06                 	5.9322922331e-06                 
6.6895400000e+01	4.7074531942e-03	7.4631176434e-15                 	2.4177908867e-20                 	7.4630934655e-15                 	3.2396526521e-06                 	5.5037761396e-06                 
6.9625800000e+01	4.5228487775e-03	5.3748038555e-15                 	2.0394153559e-20                 	5.3747834613e-15                 	3.7943995925e-06                 	5.0625917695e-06                 
7.2588400000e+01	4.3382546579e-03	6.3822486707e-15                 	1.7207155953e-20                 	6.3822314636e-15                 	2.6960961318e-06                 	4.6523282778e-06                 
7.5815000000e+01	4.1536234836e-03	5.7110386416e-15                 	1.4499242377e-20                 	5.7110241424e-15                 	2.5388100636e-06                 	4.2689062575e-06                 
7.9341100000e+01	3.9690269534e-03	3.1281693326e-15                 	1.1943361493e-20                 	3.1281573893e-15                 	3.8180035102e-06                 	3.8817178580e-06                 
8.3211300000e+01	3.7844254856e-03	5.0133812824e-15                 	9.8129043194e-21                 	5.0133714695e-15                 	1.9573425133e-06                 	3.5215870745e-06                 
8.7478300000e+01	3.5998294938e-03	5.6793269719e-15                 	8.0383529356e-21                 	5.6793189335e-15                 	1.4153706901e-06                 	3.1869246307e-06                 
9.2207500000e+01	3.4151990284e-03	3.7594415492e-15                 	6.4463383040e-21                 	3.7594351028e-15                 	1.7147063519e-06                 	2.8586412807e-06                 
9.7476300000e+01	3.2306003040e-03	4.4150937849e-15                 	5.1057180848e-21                 	4.4150886791e-15                 	1.1564234722e-06                 	2.5484778342e-06                 
1.0338400000e+02	3.0459932331e-03	3.8680286611e-15                 	4.0462694741e-21                 	3.8680246148e-15                 	1.0460805306e-06                 	2.2677077546e-06                 
1.1005400000e+02	2.8613859052e-03	3.0784010968e-15                 	3.1220529641e-21                 	3.0783979747e-15                 	1.0141800454e-06                 	1.9950072866e-06                 
1.1764400000e+02	2.6767787937e-03	5.0874428069e-15                 	2.3612252183e-21                 	5.0874404456e-15                 	4.6412811071e-07                 	1.7384470521e-06                 
1.2635800000e+02	2.4921806645e-03	7.5757989251e-15                 	1.8089194177e-21                 	7.5757971162e-15                 	2.3877605987e-07                 	1.5163357500e-06                 
1.3646700000e+02	2.3075686020e-03	6.4391995253e-15                 	1.3585961309e-21                 	6.4391981667e-15                 	2.1098835741e-07                 	1.3096832857e-06                 
1.4833300000e+02	2.1229730701e-03	4.1078634034e-15                 	9.6218078675e-22                 	4.1078624412e-15                 	2.3422901208e-07                 	1.1043620413e-06                 
1.6246000000e+02	1.9383661480e-03	3.9584700472e-15                 	6.6237184651e-22                 	3.9584693848e-15                 	1.6733026614e-07                 	9.1767730578e-07                 
1.7956200000e+02	1.7537505954e-03	4.5026239388e-15                 	4.4826117748e-22                 	4.5026234905e-15                 	9.9555544407e-08                 	7.5364398014e-07                 
2.0068600000e+02	1.5691526285e-03	3.2158013168e-15                 	2.8524984231e-22                 	3.2158010315e-15                 	8.8702570281e-08                 	6.0194319445e-07                 
2.2744400000e+02	1.3845472486e-03	1.9421653293e-15                 	1.6832369115e-22                 	1.9421651610e-15                 	8.6668054779e-08                 	4.6451430890e-07                 
2.6243600000e+02	1.1999381351e-03	6.8681488576e-16                 	9.4930877405e-23                 	6.8681479083e-16                 	1.3821901559e-07                 	3.4888708893e-07                 
3.1015200000e+02	1.0153310777e-03	2.8388703145e-16                 	4.8653982145e-23                 	2.8388698279e-16                 	1.7138501149e-07                 	2.4978103933e-07                 
3.7907400000e+02	8.3072688818e-04	1.2068173896e-16                 	2.1803441698e-23                 	1.2068171716e-16                 	1.8066893869e-07                 	1.6721034612e-07                 
4.8738200000e+02	6.4611939795e-04	5.5841384448e-17                 	7.9802498165e-24                 	5.5841376468e-17                 	1.4290924008e-07                 	1.0115714203e-07                 
