#wavelengths (mu)	size parameter  	extinction cross section (cm^2)  	scattering cross section (cm^2)  	absorption cross section (cm^2)  	single scattering albedo         	asymmetry parameter              
4.7690000000e-02	6.6031705833e+02	1.5958643201e-06                 	1.0252388429e-06                 	5.7062547724e-07                 	6.4243484233e-01                 	8.6760280370e-01                 
4.8620000000e-02	6.4768655927e+02	1.5962461372e-06                 	1.0163197419e-06                 	5.7992639531e-07                 	6.3669362651e-01                 	8.7066208061e-01                 
4.9590000000e-02	6.3501755418e+02	1.5966249603e-06                 	1.0129435208e-06                 	5.8368143948e-07                 	6.3442796273e-01                 	8.7068366687e-01                 
5.0610000000e-02	6.2221933436e+02	1.5970403662e-06                 	1.0116323100e-06                 	5.8540805621e-07                 	6.3344191632e-01                 	8.6921646590e-01                 
5.1660000000e-02	6.0957259992e+02	1.5974526486e-06                 	1.0085249488e-06                 	5.8892769977e-07                 	6.3133323527e-01                 	8.6926811498e-01                 
5.2760000000e-02	5.9686354268e+02	1.5978673737e-06                 	1.0059246007e-06                 	5.9194277299e-07                 	6.2954198657e-01                 	8.6927229412e-01                 
5.3910000000e-02	5.8413133949e+02	1.5982965643e-06                 	1.0042888309e-06                 	5.9400773345e-07                 	6.2834948988e-01                 	8.6873341476e-01                 
5.5100000000e-02	5.7151579876e+02	1.5987502963e-06                 	1.0035301182e-06                 	5.9522017812e-07                 	6.2769659559e-01                 	8.6755353652e-01                 
5.6360000000e-02	5.5873883094e+02	1.5992194374e-06                 	1.0023483198e-06                 	5.9687111761e-07                 	6.2677347232e-01                 	8.6680823559e-01                 
5.7670000000e-02	5.4604682698e+02	1.5997135256e-06                 	1.0021159304e-06                 	5.9759759524e-07                 	6.2643461740e-01                 	8.6538042577e-01                 
5.9040000000e-02	5.3337602493e+02	1.6002411953e-06                 	1.0020331076e-06                 	5.9820808769e-07                 	6.2617629801e-01                 	8.6378258217e-01                 
6.0480000000e-02	5.2067659576e+02	1.6007775478e-06                 	1.0008154055e-06                 	5.9996214228e-07                 	6.2520579883e-01                 	8.6318742280e-01                 
6.1990000000e-02	5.0799355560e+02	1.6013348636e-06                 	1.0004288065e-06                 	6.0090605713e-07                 	6.2474678421e-01                 	8.6205916374e-01                 
6.3580000000e-02	4.9528972180e+02	1.6019327169e-06                 	1.0009734545e-06                 	6.0095926243e-07                 	6.2485361834e-01                 	8.6017921321e-01                 
6.5260000000e-02	4.8253938878e+02	1.6025752209e-06                 	1.0018849959e-06                 	6.0069022501e-07                 	6.2517190008e-01                 	8.5795425374e-01                 
6.7020000000e-02	4.6986750988e+02	1.6032615719e-06                 	1.0031725857e-06                 	6.0008898622e-07                 	6.2570737255e-01                 	8.5537370678e-01                 
6.8880000000e-02	4.5717944994e+02	1.6040211092e-06                 	1.0059516662e-06                 	5.9806944304e-07                 	6.2714365815e-01                 	8.5145997293e-01                 
6.9850000000e-02	4.5083064441e+02	1.6044957650e-06                 	1.0098241598e-06                 	5.9467160523e-07                 	6.2937165794e-01                 	8.4714965165e-01                 
7.0850000000e-02	4.4446747370e+02	1.6050196344e-06                 	1.0111563722e-06                 	5.9386326220e-07                 	6.2999626329e-01                 	8.4448248545e-01                 
7.1250000000e-02	4.4197221771e+02	1.6052275037e-06                 	1.0100327777e-06                 	5.9519472603e-07                 	6.2921472212e-01                 	8.4465573912e-01                 
7.1870000000e-02	4.3815946169e+02	1.6055221655e-06                 	1.0070926389e-06                 	5.9842952656e-07                 	6.2726797584e-01                 	8.4599162000e-01                 
7.2930000000e-02	4.3179103952e+02	1.6058677796e-06                 	9.9708142317e-07                 	6.0878635643e-07                 	6.2089882856e-01                 	8.5297957293e-01                 
7.4020000000e-02	4.2543259270e+02	1.6061213171e-06                 	9.8709894169e-07                 	6.1902237542e-07                 	6.1458554293e-01                 	8.6060882427e-01                 
7.5140000000e-02	4.1909130306e+02	1.6063152646e-06                 	9.7777001840e-07                 	6.2854524619e-07                 	6.0870368349e-01                 	8.6820104196e-01                 
7.6290000000e-02	4.1277389582e+02	1.6064495400e-06                 	9.6905348854e-07                 	6.3739605144e-07                 	6.0322684555e-01                 	8.7577409486e-01                 
7.7490000000e-02	4.0638173328e+02	1.6065597274e-06                 	9.6286068388e-07                 	6.4369904356e-07                 	5.9933077335e-01                 	8.8167516579e-01                 
7.8720000000e-02	4.0003201870e+02	1.6067966503e-06                 	9.6272877101e-07                 	6.4406787933e-07                 	5.9916030495e-01                 	8.8226402503e-01                 
7.9990000000e-02	3.9368071649e+02	1.6070711346e-06                 	9.6326351523e-07                 	6.4380761938e-07                 	5.9939071425e-01                 	8.8216665394e-01                 
8.1300000000e-02	3.8733727567e+02	1.6074211430e-06                 	9.6676259460e-07                 	6.4065854841e-07                 	6.0143702775e-01                 	8.7945795263e-01                 
8.2660000000e-02	3.8096443881e+02	1.6078961804e-06                 	9.7354136994e-07                 	6.3435481044e-07                 	6.0547526751e-01                 	8.7366323088e-01                 
8.3770000000e-02	3.7591644398e+02	1.6084210151e-06                 	9.8227586107e-07                 	6.2614515406e-07                 	6.1070817393e-01                 	8.6579824624e-01                 
8.4920000000e-02	3.7082572435e+02	1.6091193736e-06                 	9.9223256937e-07                 	6.1688680424e-07                 	6.1663080169e-01                 	8.5614005497e-01                 
8.6100000000e-02	3.6574355995e+02	1.6098079632e-06                 	9.9630879233e-07                 	6.1349917084e-07                 	6.1889915762e-01                 	8.5088538985e-01                 
8.6700000000e-02	3.6321246265e+02	1.6101223501e-06                 	9.9563116897e-07                 	6.1449118114e-07                 	6.1835746141e-01                 	8.5036466832e-01                 
8.7310000000e-02	3.6067484265e+02	1.6103200529e-06                 	9.9130277505e-07                 	6.1901727787e-07                 	6.1559363510e-01                 	8.5314244767e-01                 
8.8560000000e-02	3.5558401662e+02	1.6105219206e-06                 	9.8041773216e-07                 	6.3010418841e-07                 	6.0875776954e-01                 	8.6153434985e-01                 
8.9840000000e-02	3.5051781514e+02	1.6105477729e-06                 	9.6810669162e-07                 	6.4244108125e-07                 	6.0110398954e-01                 	8.7226019334e-01                 
9.1160000000e-02	3.4544230487e+02	1.6105603121e-06                 	9.5906440502e-07                 	6.5149590711e-07                 	5.9548493639e-01                 	8.8094018814e-01                 
9.2520000000e-02	3.4036446727e+02	1.6107416059e-06                 	9.5663105040e-07                 	6.5411055555e-07                 	5.9390720825e-01                 	8.8376737546e-01                 
9.3920000000e-02	3.3529089131e+02	1.6109898595e-06                 	9.5596970172e-07                 	6.5502015783e-07                 	5.9340516394e-01                 	8.8488607397e-01                 
9.5370000000e-02	3.3019314786e+02	1.6112773257e-06                 	9.5680740440e-07                 	6.5446992126e-07                 	5.9381919497e-01                 	8.8471661373e-01                 
9.6860000000e-02	3.2511377774e+02	1.6117069214e-06                 	9.6170961036e-07                 	6.4999731109e-07                 	5.9670253789e-01                 	8.8078331811e-01                 
9.8390000000e-02	3.2005814119e+02	1.6122617590e-06                 	9.6886793669e-07                 	6.4339382235e-07                 	6.0093711909e-01                 	8.7456420940e-01                 
9.9980000000e-02	3.1496819876e+02	1.6129460617e-06                 	9.7787383102e-07                 	6.3507223066e-07                 	6.0626567388e-01                 	8.6640921567e-01                 
1.0160000000e-01	3.0994606803e+02	1.6138040022e-06                 	9.8917801155e-07                 	6.2462599068e-07                 	6.1294804709e-01                 	8.5573163017e-01                 
1.0330000000e-01	3.0484530989e+02	1.6147009014e-06                 	9.9809922014e-07                 	6.1660168125e-07                 	6.1813257135e-01                 	8.4661657867e-01                 
1.0420000000e-01	3.0221228898e+02	1.6151282011e-06                 	1.0009487603e-06                 	6.1417944076e-07                 	6.1973331878e-01                 	8.4330464355e-01                 
1.0510000000e-01	2.9962436262e+02	1.6155162747e-06                 	1.0028123249e-06                 	6.1270394987e-07                 	6.2073798980e-01                 	8.4082801569e-01                 
1.0600000000e-01	2.9708038219e+02	1.6158830958e-06                 	1.0041658548e-06                 	6.1171724098e-07                 	6.2143471730e-01                 	8.3869906578e-01                 
1.0690000000e-01	2.9457923772e+02	1.6161476333e-06                 	1.0032298768e-06                 	6.1291775657e-07                 	6.2075385693e-01                 	8.3857849289e-01                 
1.0780000000e-01	2.9211985633e+02	1.6163578767e-06                 	1.0015695873e-06                 	6.1478828939e-07                 	6.1964593469e-01                 	8.3914613562e-01                 
1.0880000000e-01	2.8943493118e+02	1.6165126009e-06                 	9.9856443654e-07                 	6.1794816436e-07                 	6.1772759209e-01                 	8.4098288104e-01                 
1.0970000000e-01	2.8706035107e+02	1.6165622122e-06                 	9.9415504095e-07                 	6.2240717127e-07                 	6.1498099698e-01                 	8.4413572850e-01                 
1.1070000000e-01	2.8446721330e+02	1.6165038514e-06                 	9.8687023013e-07                 	6.2963362126e-07                 	6.1049667731e-01                 	8.5018912518e-01                 
1.1170000000e-01	2.8192050593e+02	1.6163942381e-06                 	9.7819782115e-07                 	6.3819641694e-07                 	6.0517279640e-01                 	8.5799284188e-01                 
1.1270000000e-01	2.7941899301e+02	1.6162526867e-06                 	9.6814472925e-07                 	6.4810795746e-07                 	5.9900579730e-01                 	8.6763155267e-01                 
1.1370000000e-01	2.7696148207e+02	1.6160612315e-06                 	9.5628524890e-07                 	6.5977598262e-07                 	5.9173825239e-01                 	8.7980848466e-01                 
1.1430000000e-01	2.7550761603e+02	1.6159589400e-06                 	9.5022164206e-07                 	6.6573729794e-07                 	5.8802338261e-01                 	8.8646785827e-01                 
1.1450000000e-01	2.7502638002e+02	1.6158355379e-06                 	9.4657787311e-07                 	6.6925766479e-07                 	5.8581325321e-01                 	8.9064144268e-01                 
1.1480000000e-01	2.7430766996e+02	1.6158600684e-06                 	9.4820517214e-07                 	6.6765489626e-07                 	5.8681143911e-01                 	8.9026655791e-01                 
1.1530000000e-01	2.7311813107e+02	1.6161934557e-06                 	9.5839401227e-07                 	6.5779944339e-07                 	5.9299461269e-01                 	8.8212638292e-01                 
1.1590000000e-01	2.7170423220e+02	1.6166748299e-06                 	9.7124650840e-07                 	6.4542832147e-07                 	6.0076800260e-01                 	8.7140334674e-01                 
1.1640000000e-01	2.7053711780e+02	1.6174604837e-06                 	9.9129218671e-07                 	6.2616829700e-07                 	6.1286949307e-01                 	8.5404603400e-01                 
1.1700000000e-01	2.6914974796e+02	1.6185927447e-06                 	1.0163885919e-06                 	6.0220415277e-07                 	6.2794584694e-01                 	8.3193698343e-01                 
1.1750000000e-01	2.6800442989e+02	1.6200169155e-06                 	1.0438067224e-06                 	5.7621019310e-07                 	6.4431840952e-01                 	8.0726526854e-01                 
1.1810000000e-01	2.6664284938e+02	1.6210573721e-06                 	1.0579620422e-06                 	5.6309532993e-07                 	6.5263701359e-01                 	7.9311340413e-01                 
1.1860000000e-01	2.6551872270e+02	1.6216214549e-06                 	1.0642449500e-06                 	5.5737650490e-07                 	6.5628445330e-01                 	7.8540223239e-01                 
1.1920000000e-01	2.6418221906e+02	1.6217830693e-06                 	1.0654007624e-06                 	5.5638230694e-07                 	6.5693173307e-01                 	7.8197903741e-01                 
1.1960000000e-01	2.6329866649e+02	1.6216969201e-06                 	1.0644496478e-06                 	5.5724727223e-07                 	6.5638013779e-01                 	7.8122635974e-01                 
1.1980000000e-01	2.6285910277e+02	1.6214730754e-06                 	1.0617480523e-06                 	5.5972502309e-07                 	6.5480461466e-01                 	7.8242121420e-01                 
1.2040000000e-01	2.6154917369e+02	1.6207826956e-06                 	1.0521548795e-06                 	5.6862781606e-07                 	6.4916467975e-01                 	7.8853712806e-01                 
1.2100000000e-01	2.6025223564e+02	1.6201186018e-06                 	1.0421136393e-06                 	5.7800496250e-07                 	6.4323293255e-01                 	7.9586216616e-01                 
1.2150000000e-01	2.5918123878e+02	1.6195685640e-06                 	1.0330007419e-06                 	5.8656782209e-07                 	6.3782464347e-01                 	8.0302022232e-01                 
1.2270000000e-01	2.5664645894e+02	1.6188614526e-06                 	1.0185873416e-06                 	6.0027411096e-07                 	6.2919982436e-01                 	8.1503941934e-01                 
1.2400000000e-01	2.5395581058e+02	1.6184583289e-06                 	1.0065948853e-06                 	6.1186344364e-07                 	6.2194674233e-01                 	8.2571608038e-01                 
1.2520000000e-01	2.5152172933e+02	1.6182263839e-06                 	9.9682521785e-07                 	6.2140116602e-07                 	6.1599861910e-01                 	8.3478760369e-01                 
1.2650000000e-01	2.4893692104e+02	1.6181400039e-06                 	9.8773733968e-07                 	6.3040266420e-07                 	6.1041525289e-01                 	8.4356652124e-01                 
1.2780000000e-01	2.4640469884e+02	1.6181650787e-06                 	9.7970922184e-07                 	6.3845585686e-07                 	6.0544454626e-01                 	8.5156257353e-01                 
1.2910000000e-01	2.4392347414e+02	1.6182170140e-06                 	9.7250613126e-07                 	6.4571088274e-07                 	6.0097386373e-01                 	8.5885255242e-01                 
1.3050000000e-01	2.4130667059e+02	1.6183664964e-06                 	9.6610848445e-07                 	6.5225801198e-07                 	5.9696520323e-01                 	8.6548417825e-01                 
1.3190000000e-01	2.3874541707e+02	1.6185590904e-06                 	9.6065225623e-07                 	6.5790683416e-07                 	5.9352312927e-01                 	8.7123139705e-01                 
1.3330000000e-01	2.3623796333e+02	1.6187908917e-06                 	9.5585206973e-07                 	6.6293882198e-07                 	5.9047284898e-01                 	8.7635859846e-01                 
1.3480000000e-01	2.3360920261e+02	1.6190599914e-06                 	9.5180185459e-07                 	6.6725813682e-07                 	5.8787312369e-01                 	8.8074120664e-01                 
1.3620000000e-01	2.3120793327e+02	1.6193290882e-06                 	9.4807276944e-07                 	6.7125631877e-07                 	5.8547257401e-01                 	8.8480104398e-01                 
1.3780000000e-01	2.2852337091e+02	1.6196261129e-06                 	9.4464299165e-07                 	6.7498312125e-07                 	5.8324756814e-01                 	8.8855716233e-01                 
1.3930000000e-01	2.2606260238e+02	1.6200330784e-06                 	9.4315714777e-07                 	6.7687593064e-07                 	5.8218388275e-01                 	8.9142877329e-01                 
1.4090000000e-01	2.2349553238e+02	1.6194432698e-06                 	9.8178444928e-07                 	6.3765882049e-07                 	6.0624812712e-01                 	8.8001805797e-01                 
1.4250000000e-01	2.2098610886e+02	1.6088025432e-06                 	1.1914620915e-06                 	4.1734045171e-07                 	7.4058938839e-01                 	8.1132905324e-01                 
1.4420000000e-01	2.1838086347e+02	1.6559619224e-06                 	1.5145301892e-06                 	1.4143173322e-07                 	9.1459240016e-01                 	7.4780803632e-01                 
1.4590000000e-01	2.1583632976e+02	1.6013483960e-06                 	1.5750846407e-06                 	2.6263755252e-08                 	9.8359897489e-01                 	7.1444730763e-01                 
1.4760000000e-01	2.1335040997e+02	1.6096942457e-06                 	1.6077185601e-06                 	1.9756855928e-09                 	9.9877263300e-01                 	7.1142293934e-01                 
1.4940000000e-01	2.1077992310e+02	1.6500360673e-06                 	1.6480981884e-06                 	1.9378788180e-09                 	9.9882555366e-01                 	7.0850447646e-01                 
1.5120000000e-01	2.0827063831e+02	1.6227513230e-06                 	1.6210995720e-06                 	1.6517509545e-09                 	9.9898212934e-01                 	7.5017463996e-01                 
1.5310000000e-01	2.0568596023e+02	1.6263739124e-06                 	1.6246302107e-06                 	1.7437017216e-09                 	9.9892785927e-01                 	7.4934198318e-01                 
1.5500000000e-01	2.0316464846e+02	1.6330087308e-06                 	1.6312365265e-06                 	1.7722043555e-09                 	9.9891476125e-01                 	7.3281200555e-01                 
1.5900000000e-01	1.9805358812e+02	1.6375592952e-06                 	1.6358895084e-06                 	1.6697867962e-09                 	9.9898031980e-01                 	7.5056985330e-01                 
1.6310000000e-01	1.9307492650e+02	1.6420358651e-06                 	1.6402855689e-06                 	1.7502961844e-09                 	9.9893406946e-01                 	7.5197326078e-01                 
1.6750000000e-01	1.8800310753e+02	1.6142327188e-06                 	1.6126033517e-06                 	1.6293670389e-09                 	9.9899062445e-01                 	7.5087572920e-01                 
1.7220000000e-01	1.8287177998e+02	1.6379296435e-06                 	1.6364366719e-06                 	1.4929716041e-09                 	9.9908850077e-01                 	7.7139821847e-01                 
1.7710000000e-01	1.7781208646e+02	1.6248336358e-06                 	1.6233619248e-06                 	1.4717110322e-09                 	9.9909423894e-01                 	7.6875723194e-01                 
1.8370000000e-01	1.7142362826e+02	1.6193612765e-06                 	1.6179213202e-06                 	1.4399563540e-09                 	9.9911078746e-01                 	7.6982512896e-01                 
1.8510000000e-01	1.7012706922e+02	1.6593833620e-06                 	1.6573332651e-06                 	2.0500968781e-09                 	9.9876454295e-01                 	7.6736048704e-01                 
1.8546700000e-01	1.6979042370e+02	1.6294531198e-06                 	1.6279801063e-06                 	1.4730135560e-09                 	9.9909600740e-01                 	7.7375043460e-01                 
1.9358300000e-01	1.6267193148e+02	1.6044048547e-06                 	1.6030161731e-06                 	1.3886815891e-09                 	9.9913445688e-01                 	7.7426350215e-01                 
1.9800000000e-01	1.5904303289e+02	1.6265377946e-06                 	1.6251780595e-06                 	1.3597350227e-09                 	9.9916403109e-01                 	7.8078182399e-01                 
2.0006000000e-01	1.5740538095e+02	1.6319698222e-06                 	1.6306277111e-06                 	1.3421110231e-09                 	9.9917761284e-01                 	7.7919279780e-01                 
2.0255000000e-01	1.5547035553e+02	1.6373171204e-06                 	1.6359848609e-06                 	1.3322595007e-09                 	9.9918631554e-01                 	7.7731377762e-01                 
2.0444800000e-01	1.5402704116e+02	1.6372162000e-06                 	1.6358209381e-06                 	1.3952619055e-09                 	9.9914778396e-01                 	7.7787721308e-01                 
2.1107000000e-01	1.4919467718e+02	1.6141974615e-06                 	1.6128735806e-06                 	1.3238809622e-09                 	9.9917985191e-01                 	7.7591512845e-01                 
2.1443900000e-01	1.4685071518e+02	1.6408142783e-06                 	1.6393806337e-06                 	1.4336446048e-09                 	9.9912626028e-01                 	7.7940975049e-01                 
2.1946200000e-01	1.4348962696e+02	1.6410698119e-06                 	1.6397943644e-06                 	1.2754474972e-09                 	9.9922279510e-01                 	7.8848235385e-01                 
2.2650300000e-01	1.3902915419e+02	1.6155930570e-06                 	1.6138919593e-06                 	1.7010977141e-09                 	9.9894707537e-01                 	7.7951035914e-01                 
2.3100000000e-01	1.3632259962e+02	1.6525861170e-06                 	1.6513653015e-06                 	1.2208154951e-09                 	9.9926126967e-01                 	7.9325937445e-01                 
2.3128800000e-01	1.3615285061e+02	1.6485338557e-06                 	1.6472863280e-06                 	1.2475277040e-09                 	9.9924325018e-01                 	7.8710052309e-01                 
2.4279600000e-01	1.2969950292e+02	1.6324100060e-06                 	1.6311631975e-06                 	1.2468084965e-09                 	9.9923621609e-01                 	7.8583797686e-01                 
2.5032900000e-01	1.2579653381e+02	1.6221972536e-06                 	1.6210144036e-06                 	1.1828499783e-09                 	9.9927083468e-01                 	7.8437625394e-01                 
2.5730400000e-01	1.2238643982e+02	1.6096739579e-06                 	1.6084770074e-06                 	1.1969505105e-09                 	9.9925640189e-01                 	7.8624159691e-01                 
2.6315500000e-01	1.1966529426e+02	1.6634464070e-06                 	1.6623060000e-06                 	1.1404069665e-09                 	9.9931443119e-01                 	7.9292894299e-01                 
2.7486700000e-01	1.1456639215e+02	1.6237147303e-06                 	1.6225419348e-06                 	1.1727955063e-09                 	9.9927770840e-01                 	7.8364172900e-01                 
2.9135800000e-01	1.0808188041e+02	1.6374851558e-06                 	1.6363316991e-06                 	1.1534566542e-09                 	9.9929559260e-01                 	7.9054712735e-01                 
3.0341200000e-01	1.0378798634e+02	1.6107037918e-06                 	1.6095852611e-06                 	1.1185306764e-09                 	9.9930556401e-01                 	7.8425580336e-01                 
3.1227900000e-01	1.0084098038e+02	1.6288783985e-06                 	1.6277361435e-06                 	1.1422549183e-09                 	9.9929874758e-01                 	7.8946337346e-01                 
3.2525300000e-01	9.6818539758e+01	1.6742410014e-06                 	1.6731483033e-06                 	1.0926980039e-09                 	9.9934734724e-01                 	7.9454595378e-01                 
3.4000000000e-01	9.2619177976e+01	1.6878861320e-06                 	1.6867728241e-06                 	1.1133079083e-09                 	9.9934041291e-01                 	8.0045190616e-01                 
3.4036500000e-01	9.2519855190e+01	1.6882961385e-06                 	1.6871448649e-06                 	1.1512736271e-09                 	9.9931808549e-01                 	7.9674492047e-01                 
3.5868000000e-01	8.7795585234e+01	1.7081695420e-06                 	1.7070869117e-06                 	1.0826302487e-09                 	9.9936620445e-01                 	7.9486580876e-01                 
3.9400000000e-01	7.9925178964e+01	1.6102785010e-06                 	1.6091950477e-06                 	1.0834533396e-09                 	9.9932716400e-01                 	7.8712084735e-01                 
3.9684800000e-01	7.9351591823e+01	1.6336973914e-06                 	1.6324686816e-06                 	1.2287098158e-09                 	9.9924789632e-01                 	7.9265738110e-01                 
4.0465600000e-01	7.7820470997e+01	1.7087488860e-06                 	1.7076685058e-06                 	1.0803802141e-09                 	9.9936773611e-01                 	8.0457988111e-01                 
4.1017400000e-01	7.6773565638e+01	1.6990019885e-06                 	1.6979187360e-06                 	1.0832524749e-09                 	9.9936241836e-01                 	7.9411769761e-01                 
4.3400000000e-01	7.2558803023e+01	1.7129046504e-06                 	1.7117885054e-06                 	1.1161450283e-09                 	9.9934839045e-01                 	8.0722135124e-01                 
4.3404700000e-01	7.2550946123e+01	1.7141714794e-06                 	1.7130763102e-06                 	1.0951692748e-09                 	9.9936110868e-01                 	8.0741370052e-01                 
4.3583400000e-01	7.2253473827e+01	1.7222407470e-06                 	1.7211346142e-06                 	1.1061327898e-09                 	9.9935773626e-01                 	7.9549477770e-01                 
4.6781500000e-01	6.7314046176e+01	1.7305841701e-06                 	1.7250130506e-06                 	5.5711194982e-09                 	9.9678078675e-01                 	7.9664377802e-01                 
4.7999100000e-01	6.5606481188e+01	1.6765356734e-06                 	1.6754052760e-06                 	1.1303974412e-09                 	9.9932575402e-01                 	7.9439807621e-01                 
4.8613300000e-01	6.4777582497e+01	1.6253022563e-06                 	1.6241431307e-06                 	1.1591255589e-09                 	9.9928682462e-01                 	7.7805887955e-01                 
5.0800000000e-01	6.1989213606e+01	1.7458519027e-06                 	1.7445517040e-06                 	1.3001987384e-09                 	9.9925526401e-01                 	8.0102026900e-01                 
5.0858200000e-01	6.1918275739e+01	1.7410741052e-06                 	1.7399402092e-06                 	1.1338959828e-09                 	9.9934873767e-01                 	8.0059681022e-01                 
5.1836200000e-01	6.0750055968e+01	1.7322303093e-06                 	1.7309561884e-06                 	1.2741208893e-09                 	9.9926446219e-01                 	7.8074292316e-01                 
5.3385000000e-01	5.8987581740e+01	1.5948597479e-06                 	1.5937398118e-06                 	1.1199361151e-09                 	9.9929778395e-01                 	7.8377912230e-01                 
5.4607200000e-01	5.7667341508e+01	1.6867607269e-06                 	1.6853805500e-06                 	1.3801769377e-09                 	9.9918175891e-01                 	7.7840482376e-01                 
5.7906600000e-01	5.4381573969e+01	1.6487692019e-06                 	1.6476136007e-06                 	1.1556012001e-09                 	9.9929911282e-01                 	7.9080640392e-01                 
5.8756300000e-01	5.3595138754e+01	1.6192839583e-06                 	1.6178411188e-06                 	1.4428395129e-09                 	9.9910896449e-01                 	7.8267707004e-01                 
5.8929000000e-01	5.3438070410e+01	1.6001262945e-06                 	1.5989008595e-06                 	1.2254349993e-09                 	9.9923416358e-01                 	7.7349259308e-01                 
5.8930000000e-01	5.3437163604e+01	1.6000360849e-06                 	1.5988104684e-06                 	1.2256164838e-09                 	9.9923400697e-01                 	7.7347307485e-01                 
6.2782000000e-01	5.0158517588e+01	1.7840528788e-06                 	1.7826718811e-06                 	1.3809976853e-09                 	9.9922592110e-01                 	7.8054107032e-01                 
6.4384700000e-01	4.8909943685e+01	1.6683946202e-06                 	1.6670119843e-06                 	1.3826358301e-09                 	9.9917127770e-01                 	7.7758001905e-01                 
6.5627800000e-01	4.7983507769e+01	1.6290528367e-06                 	1.6276895248e-06                 	1.3633119006e-09                 	9.9916312604e-01                 	7.6084944748e-01                 
6.6781500000e-01	4.7154557043e+01	1.6223463691e-06                 	1.6209724669e-06                 	1.3739022496e-09                 	9.9915313877e-01                 	7.7158923101e-01                 
6.7078600000e-01	4.6945703267e+01	1.6204974614e-06                 	1.6192602267e-06                 	1.2372346815e-09                 	9.9923650934e-01                 	7.8671020492e-01                 
7.0652000000e-01	4.4571307977e+01	1.7825428233e-06                 	1.7810822567e-06                 	1.4605665842e-09                 	9.9918062749e-01                 	7.9358570408e-01                 
7.2813500000e-01	4.3248189569e+01	1.6413424314e-06                 	1.6395545025e-06                 	1.7879289210e-09                 	9.9891069110e-01                 	7.8407481609e-01                 
7.6649400000e-01	4.1083844768e+01	1.6678207119e-06                 	1.6663467213e-06                 	1.4739905313e-09                 	9.9911621764e-01                 	7.7438414972e-01                 
7.6800000000e-01	4.1003281916e+01	1.7070093082e-06                 	1.7054263219e-06                 	1.5829863735e-09                 	9.9907265510e-01                 	7.6782254118e-01                 
7.9476300000e-01	3.9622529624e+01	1.8203365056e-06                 	1.8188543838e-06                 	1.4821217748e-09                 	9.9918579792e-01                 	7.8896528302e-01                 
8.3250000000e-01	3.7826451065e+01	1.7005505298e-06                 	1.6861214113e-06                 	1.4429118492e-08                 	9.9151503102e-01                 	7.8119568196e-01                 
8.4467000000e-01	3.7281447798e+01	1.6522700255e-06                 	1.6506638528e-06                 	1.6061726876e-09                 	9.9902789940e-01                 	7.5256585945e-01                 
9.9140000000e-01	3.1763688231e+01	1.6900317434e-06                 	1.6878467030e-06                 	2.1850404269e-09                 	9.9870710096e-01                 	7.5438710759e-01                 
1.0000000000e+00	3.1490520512e+01	1.6405094818e-06                 	1.6374594793e-06                 	3.0500024730e-09                 	9.9814081997e-01                 	7.7055917799e-01                 
1.0140600000e+00	3.1053902641e+01	1.6094969152e-06                 	1.6074069822e-06                 	2.0899329891e-09                 	9.9870149923e-01                 	7.4563791688e-01                 
1.0830300000e+00	2.9076314148e+01	1.7897912677e-06                 	1.7878843722e-06                 	1.9068955356e-09                 	9.9893457099e-01                 	7.7183229303e-01                 
1.1592000000e+00	2.7165735431e+01	1.9210178496e-06                 	1.9169382357e-06                 	4.0796139236e-09                 	9.9787632690e-01                 	7.4050767447e-01                 
1.2000000000e+00	2.6242100427e+01	1.6598336009e-06                 	1.6577841373e-06                 	2.0494635806e-09                 	9.9876525961e-01                 	7.7965633632e-01                 
1.3000000000e+00	2.4223477317e+01	1.6899292698e-06                 	1.6869172975e-06                 	3.0119722871e-09                 	9.9821769328e-01                 	7.0881420273e-01                 
1.3070000000e+00	2.4093741784e+01	1.6167801137e-06                 	1.6144161551e-06                 	2.3639585800e-09                 	9.9853786018e-01                 	7.6641216650e-01                 
1.3958000000e+00	2.2560911672e+01	1.9009905595e-06                 	1.8983747526e-06                 	2.6158069076e-09                 	9.9862397691e-01                 	7.9718065937e-01                 
1.4000000000e+00	2.2493228937e+01	1.9989896283e-06                 	1.9954660740e-06                 	3.5235543205e-09                 	9.9823733237e-01                 	7.7318065525e-01                 
1.4792000000e+00	2.1288886230e+01	1.9371878971e-06                 	1.9339783487e-06                 	3.2095483881e-09                 	9.9834319201e-01                 	7.4390148925e-01                 
1.5296100000e+00	2.0587287290e+01	1.7782474950e-06                 	1.7750151884e-06                 	3.2323066105e-09                 	9.9818230779e-01                 	7.3075549373e-01                 
1.5414000000e+00	2.0429817382e+01	1.6838659793e-06                 	1.6807987018e-06                 	3.0672774371e-09                 	9.9817843137e-01                 	7.3671145989e-01                 
1.6000000000e+00	1.9681575320e+01	1.5782129119e-06                 	1.5749497874e-06                 	3.2631244441e-09                 	9.9793239276e-01                 	7.0445995476e-01                 
1.6815000000e+00	1.8727636344e+01	1.6011815023e-06                 	1.5976301728e-06                 	3.5513294786e-09                 	9.9778205689e-01                 	6.9803642410e-01                 
1.7614000000e+00	1.7878119968e+01	1.7681887477e-06                 	1.7638971507e-06                 	4.2915969790e-09                 	9.9757288526e-01                 	7.5041374857e-01                 
1.8000000000e+00	1.7494733618e+01	1.9486060896e-06                 	1.9446495784e-06                 	3.9565111618e-09                 	9.9796956851e-01                 	7.5527452617e-01                 
1.9457000000e+00	1.6184674159e+01	2.0492412176e-06                 	2.0452084742e-06                 	4.0327433489e-09                 	9.9803207972e-01                 	7.9323059609e-01                 
2.0531000000e+00	1.5338035416e+01	1.9800456454e-06                 	1.9709985373e-06                 	9.0471081737e-09                 	9.9543085878e-01                 	7.5568174521e-01                 
2.0582000000e+00	1.5300029400e+01	1.9684460509e-06                 	1.9604124361e-06                 	8.0336147814e-09                 	9.9591880368e-01                 	7.5467194318e-01                 
2.3000000000e+00	1.3691530657e+01	1.5575602946e-06                 	1.5513156524e-06                 	6.2446421651e-09                 	9.9599075414e-01                 	6.9940836771e-01                 
2.5000000000e+00	1.2596208205e+01	1.6545325444e-06                 	1.6478740554e-06                 	6.6584890336e-09                 	9.9597560709e-01                 	7.4822440194e-01                 
2.6000000000e+00	1.2111738658e+01	2.0671007456e-06                 	2.0567560199e-06                 	1.0344725697e-08                 	9.9499553869e-01                 	6.9341944156e-01                 
3.0000000000e+00	1.0496840171e+01	2.2111732826e-06                 	2.2009236566e-06                 	1.0249626002e-08                 	9.9536462109e-01                 	7.8165032794e-01                 
3.5000000000e+00	8.9972915748e+00	1.7337533206e-06                 	1.7172133221e-06                 	1.6539998538e-08                 	9.9046000470e-01                 	5.9625134948e-01                 
4.0000000000e+00	7.8726301280e+00	1.3898693792e-06                 	1.3725677844e-06                 	1.7301594735e-08                 	9.8755163975e-01                 	5.2820126204e-01                 
4.2000000000e+00	7.4977429790e+00	1.7125344371e-06                 	1.6892347674e-06                 	2.3299669678e-08                 	9.8639462707e-01                 	5.1647703292e-01                 
4.4000000000e+00	7.1569364800e+00	1.7989449574e-06                 	1.7778080581e-06                 	2.1136899302e-08                 	9.8825039131e-01                 	6.3138279719e-01                 
4.6000000000e+00	6.8457653287e+00	2.3106838347e-06                 	2.2837652335e-06                 	2.6918601255e-08                 	9.8835037453e-01                 	6.6134574982e-01                 
4.8000000000e+00	6.5605251066e+00	2.3908980813e-06                 	2.3656435808e-06                 	2.5254500475e-08                 	9.8943723253e-01                 	7.1895276410e-01                 
5.0000000000e+00	6.2981041024e+00	2.8515977305e-06                 	2.8221123317e-06                 	2.9485398757e-08                 	9.8966004270e-01                 	7.7246432348e-01                 
5.2000000000e+00	6.0558693292e+00	2.9905506356e-06                 	2.9586975678e-06                 	3.1853067763e-08                 	9.8934876160e-01                 	7.8230962066e-01                 
5.4000000000e+00	5.8315778726e+00	3.0561450248e-06                 	3.0243407102e-06                 	3.1804314618e-08                 	9.8959332284e-01                 	8.0906683920e-01                 
5.6000000000e+00	5.6233072343e+00	3.1823579722e-06                 	3.1464085883e-06                 	3.5949383892e-08                 	9.8870353863e-01                 	8.3523800782e-01                 
5.8000000000e+00	5.4294000883e+00	3.0430239914e-06                 	3.0049385398e-06                 	3.8085451593e-08                 	9.8748434068e-01                 	8.4843787714e-01                 
6.0000000000e+00	5.2484200853e+00	2.8072615267e-06                 	2.7687139962e-06                 	3.8547530546e-08                 	9.8626863576e-01                 	8.5464068523e-01                 
6.1000000000e+00	5.1623804118e+00	2.6772515516e-06                 	2.6355287809e-06                 	4.1722770722e-08                 	9.8441581976e-01                 	8.5891734857e-01                 
6.2000000000e+00	5.0791162116e+00	2.5272928589e-06                 	2.4815754658e-06                 	4.5717393156e-08                 	9.8191052810e-01                 	8.6417086835e-01                 
6.3000000000e+00	4.9984953193e+00	2.3306864941e-06                 	2.2806241525e-06                 	5.0062341615e-08                 	9.7852034508e-01                 	8.7060077901e-01                 
6.4000000000e+00	4.9203938300e+00	2.1032376382e-06                 	2.0487258621e-06                 	5.4511776051e-08                 	9.7408197007e-01                 	8.7649816151e-01                 
6.5000000000e+00	4.8446954634e+00	1.8488440716e-06                 	1.7897860712e-06                 	5.9058000383e-08                 	9.6805679760e-01                 	8.8107771699e-01                 
6.6000000000e+00	4.7712909866e+00	1.5910154877e-06                 	1.5268928673e-06                 	6.4122620338e-08                 	9.5969704831e-01                 	8.8373984577e-01                 
6.7000000000e+00	4.7000776883e+00	1.3359702843e-06                 	1.2658962231e-06                 	7.0074061198e-08                 	9.4754818874e-01                 	8.8506555623e-01                 
6.8000000000e+00	4.6309588988e+00	1.0688550976e-06                 	9.9194807522e-07                 	7.6907022379e-08                 	9.2804728859e-01                 	8.8603038420e-01                 
6.9000000000e+00	4.5638435524e+00	8.1273058011e-07                 	7.2792747278e-07                 	8.4803107333e-08                 	8.9565655654e-01                 	8.8678533771e-01                 
7.0000000000e+00	4.4986457874e+00	5.7484092087e-07                 	4.8100384411e-07                 	9.3837076752e-08                 	8.3675992201e-01                 	8.8753498973e-01                 
7.0500000000e+00	4.4667404981e+00	4.6961964407e-07                 	3.7071322572e-07                 	9.8906418356e-08                 	7.8939037239e-01                 	8.8793800539e-01                 
7.1000000000e+00	4.4352845791e+00	3.7448501983e-07                 	2.7016904992e-07                 	1.0431596991e-07                 	7.2144154136e-01                 	8.8842927223e-01                 
7.1500000000e+00	4.4042686031e+00	2.9711388398e-07                 	1.8670466613e-07                 	1.1040921784e-07                 	6.2839428315e-01                 	8.8894134906e-01                 
7.2000000000e+00	4.3736834044e+00	2.2997951388e-07                 	1.1318353117e-07                 	1.1679598271e-07                 	4.9214614494e-01                 	8.8959379656e-01                 
7.2500000000e+00	4.3435200706e+00	1.8119352340e-07                 	5.7544646983e-08                 	1.2364887641e-07                 	3.1758666593e-01                 	8.9017253922e-01                 
7.3000000000e+00	4.3137699331e+00	1.5155473487e-07                 	2.0519773390e-08                 	1.3103496148e-07                 	1.3539513237e-01                 	8.9048471035e-01                 
7.3500000000e+00	4.2844245594e+00	1.4624461907e-07                 	6.8967441997e-09                 	1.3934787487e-07                 	4.7158960402e-02                 	8.9010174587e-01                 
7.4000000000e+00	4.2554757448e+00	1.6452460752e-07                 	1.6354856946e-08                 	1.4816975057e-07                 	9.9406752540e-02                 	8.8868176540e-01                 
7.4500000000e+00	4.2269155049e+00	2.0880923047e-07                 	5.0907639866e-08                 	1.5790159061e-07                 	2.4379975804e-01                 	8.8586271728e-01                 
7.5000000000e+00	4.1987360682e+00	2.7954960062e-07                 	1.1105961053e-07                 	1.6848999008e-07                 	3.9728051941e-01                 	8.8150535611e-01                 
7.5500000000e+00	4.1709298691e+00	3.7627683810e-07                 	1.9637418506e-07                 	1.7990265303e-07                 	5.2188751786e-01                 	8.7576348277e-01                 
7.6000000000e+00	4.1434895410e+00	4.9718041240e-07                 	3.0509875622e-07                 	1.9208165618e-07                 	6.1365803763e-01                 	8.6905796970e-01                 
7.6500000000e+00	4.1164079100e+00	6.3824139750e-07                 	4.3308816709e-07                 	2.0515323041e-07                 	6.7856483266e-01                 	8.6192075533e-01                 
7.7000000000e+00	4.0896779886e+00	7.9393664964e-07                 	5.7485642556e-07                 	2.1908022408e-07                 	7.2405830594e-01                 	8.5456084425e-01                 
7.7500000000e+00	4.0632929693e+00	9.5739352101e-07                 	7.2342274320e-07                 	2.3397077781e-07                 	7.5561691961e-01                 	8.4633851923e-01                 
7.8000000000e+00	4.0372462195e+00	1.1185686079e-06                 	8.6929270617e-07                 	2.4927590176e-07                 	7.7714741859e-01                 	8.3522990151e-01                 
7.8500000000e+00	4.0115312754e+00	1.2646847929e-06                 	1.0012887182e-06                 	2.6339607467e-07                 	7.9172986332e-01                 	8.1781357953e-01                 
7.9000000000e+00	3.9861418369e+00	1.3660805497e-06                 	1.0872296656e-06                 	2.7885088417e-07                 	7.9587522550e-01                 	7.9559911271e-01                 
7.9500000000e+00	3.9610717625e+00	1.4706724704e-06                 	1.1926840890e-06                 	2.7798838140e-07                 	8.1097872777e-01                 	7.5522949144e-01                 
7.9526000000e+00	3.9597767412e+00	1.5634809611e-06                 	1.1610440164e-06                 	4.0243694466e-07                 	7.4260195379e-01                 	7.2086361775e-01                 
7.9898400000e+00	3.9413205411e+00	1.6048228562e-06                 	1.1611465577e-06                 	4.4367629856e-07                 	7.2353565576e-01                 	7.0947193517e-01                 
8.0274200000e+00	3.9228694290e+00	1.6450935497e-06                 	1.1614607621e-06                 	4.8363278759e-07                 	7.0601502409e-01                 	7.0226401399e-01                 
8.0654300000e+00	3.9043820989e+00	1.6837542410e-06                 	1.1630683879e-06                 	5.2068585313e-07                 	6.9075899532e-01                 	6.9774970205e-01                 
8.1037300000e+00	3.8859291353e+00	1.7216443191e-06                 	1.1666365108e-06                 	5.5500780826e-07                 	6.7762922799e-01                 	6.9468554683e-01                 
8.1423900000e+00	3.8674787761e+00	1.7583002180e-06                 	1.1707158370e-06                 	5.8758438100e-07                 	6.6582249437e-01                 	6.9286250345e-01                 
8.1814300000e+00	3.8490240107e+00	1.7928219748e-06                 	1.1753490550e-06                 	6.1747291980e-07                 	6.5558603783e-01                 	6.9178544468e-01                 
8.2209100000e+00	3.8305395038e+00	1.8261458617e-06                 	1.1826319162e-06                 	6.4351394554e-07                 	6.4761087324e-01                 	6.9053596444e-01                 
8.2607100000e+00	3.8120840112e+00	1.8588097061e-06                 	1.1917419322e-06                 	6.6706777388e-07                 	6.4113175668e-01                 	6.8920710511e-01                 
8.3008900000e+00	3.7936318289e+00	1.8897698601e-06                 	1.2023661170e-06                 	6.8740374310e-07                 	6.3625002302e-01                 	6.8768420996e-01                 
8.3414700000e+00	3.7751763792e+00	1.9213033555e-06                 	1.2187005343e-06                 	7.0260282123e-07                 	6.3430927280e-01                 	6.8483355863e-01                 
8.3824400000e+00	3.7567248333e+00	1.9554551928e-06                 	1.2394485617e-06                 	7.1600663116e-07                 	6.3384145350e-01                 	6.8125311617e-01                 
8.4238900000e+00	3.7382397576e+00	1.9910383182e-06                 	1.2633593965e-06                 	7.2767892171e-07                 	6.3452289439e-01                 	6.7723449255e-01                 
8.4656800000e+00	3.7197863033e+00	2.0294411593e-06                 	1.2932589449e-06                 	7.3618221436e-07                 	6.3724880074e-01                 	6.7217479612e-01                 
8.5078900000e+00	3.7013314126e+00	2.0739744283e-06                 	1.3302575091e-06                 	7.4371691921e-07                 	6.4140497151e-01                 	6.6628572415e-01                 
8.5505200000e+00	3.6828778264e+00	2.1229203120e-06                 	1.3715915847e-06                 	7.5132872735e-07                 	6.4608717384e-01                 	6.6030683969e-01                 
8.5936500000e+00	3.6643941180e+00	2.1795397739e-06                 	1.4231697425e-06                 	7.5637003140e-07                 	6.5296800707e-01                 	6.5327708663e-01                 
8.6371500000e+00	3.6459388238e+00	2.2500425502e-06                 	1.4879879076e-06                 	7.6205464258e-07                 	6.6131545267e-01                 	6.4566976491e-01                 
8.6810800000e+00	3.6274888046e+00	2.3361759828e-06                 	1.5648357402e-06                 	7.7134024256e-07                 	6.6982785191e-01                 	6.3856406538e-01                 
8.7254700000e+00	3.6090342998e+00	2.4445893918e-06                 	1.6621808550e-06                 	7.8240853673e-07                 	6.7994275874e-01                 	6.3158056830e-01                 
8.7703100000e+00	3.5905823753e+00	2.5837378301e-06                 	1.7853574800e-06                 	7.9838035011e-07                 	6.9099792525e-01                 	6.2544423662e-01                 
8.8157000000e+00	3.5720952972e+00	2.7173312555e-06                 	1.9116928753e-06                 	8.0563838023e-07                 	7.0351852444e-01                 	6.1905482591e-01                 
8.8614800000e+00	3.5536412103e+00	2.7868830375e-06                 	2.0113274644e-06                 	7.7555557314e-07                 	7.2171219147e-01                 	6.0996788364e-01                 
8.9077300000e+00	3.5351902799e+00	2.7794245517e-06                 	2.0430564692e-06                 	7.3636808255e-07                 	7.3506455425e-01                 	6.0362485658e-01                 
8.9544800000e+00	3.5167335805e+00	2.6946796200e-06                 	1.9660278945e-06                 	7.2865172554e-07                 	7.2959615676e-01                 	6.0235803894e-01                 
9.0017900000e+00	3.4982509603e+00	2.5748876127e-06                 	1.8323711211e-06                 	7.4251649158e-07                 	7.1163149494e-01                 	6.0352182728e-01                 
9.0495300000e+00	3.4797962449e+00	2.4658929826e-06                 	1.7001413161e-06                 	7.6575166650e-07                 	6.8946273341e-01                 	6.0703568277e-01                 
9.0977700000e+00	3.4613449792e+00	2.3819312529e-06                 	1.5878664245e-06                 	7.9406482843e-07                 	6.6662982928e-01                 	6.1312806886e-01                 
9.1465400000e+00	3.4428888423e+00	2.3220693635e-06                 	1.4998361634e-06                 	8.2223320009e-07                 	6.4590497898e-01                 	6.2055896740e-01                 
9.1958200000e+00	3.4244385505e+00	2.2791958667e-06                 	1.4329306872e-06                 	8.4626517952e-07                 	6.2870010783e-01                 	6.2775525843e-01                 
9.2457300000e+00	3.4059528574e+00	2.2460781961e-06                 	1.3779123513e-06                 	8.6816584482e-07                 	6.1347479072e-01                 	6.3496416585e-01                 
9.2961000000e+00	3.3874980381e+00	2.2214099810e-06                 	1.3321465862e-06                 	8.8926339475e-07                 	5.9968515386e-01                 	6.4234579267e-01                 
9.3470200000e+00	3.3690438784e+00	2.2029818658e-06                 	1.2958564996e-06                 	9.0712536619e-07                 	5.8822840066e-01                 	6.4882649308e-01                 
9.3985000000e+00	3.3505900422e+00	2.1876541268e-06                 	1.2638612689e-06                 	9.2379285788e-07                 	5.7772444622e-01                 	6.5511256822e-01                 
9.4506300000e+00	3.3321080724e+00	2.1760374610e-06                 	1.2344996412e-06                 	9.4153781978e-07                 	5.6731543612e-01                 	6.6195406400e-01                 
9.5032600000e+00	3.3136545261e+00	2.1683707400e-06                 	1.2092201008e-06                 	9.5915063925e-07                 	5.5766298560e-01                 	6.6874286592e-01                 
9.5564800000e+00	3.2952007969e+00	2.1626258186e-06                 	1.1864922239e-06                 	9.7613359470e-07                 	5.4863500365e-01                 	6.7527934035e-01                 
9.6103000000e+00	3.2767468770e+00	2.1597062770e-06                 	1.1647580811e-06                 	9.9494819592e-07                 	5.3931318971e-01                 	6.8235426173e-01                 
9.6648200000e+00	3.2582624934e+00	2.1607076287e-06                 	1.1466256827e-06                 	1.0140819460e-06                 	5.3067137243e-01                 	6.8912402335e-01                 
9.7198700000e+00	3.2398088155e+00	2.1699494886e-06                 	1.1380902173e-06                 	1.0318592714e-06                 	5.2447774625e-01                 	6.9554382988e-01                 
9.7755500000e+00	3.2213553725e+00	2.2074992383e-06                 	1.1592276242e-06                 	1.0482716141e-06                 	5.2513160780e-01                 	7.0736071269e-01                 
9.8318700000e+00	3.2029024501e+00	2.2698439035e-06                 	1.2152710655e-06                 	1.0545728380e-06                 	5.3539851952e-01                 	7.2520867547e-01                 
9.8888500000e+00	3.1844471816e+00	2.2961422090e-06                 	1.2672132274e-06                 	1.0289289816e-06                 	5.5188795468e-01                 	7.2889448673e-01                 
9.9465900000e+00	3.1659614513e+00	2.2784346968e-06                 	1.2679478769e-06                 	1.0104868199e-06                 	5.5649954712e-01                 	7.2360386918e-01                 
1.0004900000e+01	3.1475097714e+00	2.1940927766e-06                 	1.1401807157e-06                 	1.0539120609e-06                 	5.1965929965e-01                 	7.1974620648e-01                 
1.0063900000e+01	3.1290573746e+00	1.8945547612e-06                 	9.3674348668e-07                 	9.5781127448e-07                 	4.9443991057e-01                 	6.4576466292e-01                 
1.0123600000e+01	3.1106049737e+00	1.5693308030e-06                 	7.8795100534e-07                 	7.8137979765e-07                 	5.0209363369e-01                 	4.7521949687e-01                 
1.0184100000e+01	3.0921260113e+00	1.6317394370e-06                 	8.4196085454e-07                 	7.8977858245e-07                 	5.1598976862e-01                 	3.6425299668e-01                 
1.0245200000e+01	3.0736852879e+00	1.8705754476e-06                 	9.9291884170e-07                 	8.7765660588e-07                 	5.3080929881e-01                 	3.1125695819e-01                 
1.0307200000e+01	3.0551964172e+00	1.9342647066e-06                 	1.1565933461e-06                 	7.7767136044e-07                 	5.9794987842e-01                 	2.4709374553e-01                 
1.0369800000e+01	3.0367529279e+00	1.9537734035e-06                 	1.3190569624e-06                 	6.3471644109e-07                 	6.7513303234e-01                 	2.9366438767e-01                 
1.0433200000e+01	3.0182993245e+00	2.0961387917e-06                 	1.5015618604e-06                 	5.9457693131e-07                 	7.1634658274e-01                 	3.7139991695e-01                 
1.0497400000e+01	2.9998400091e+00	2.2707396143e-06                 	1.7584601017e-06                 	5.1227951263e-07                 	7.7439971127e-01                 	4.2579818001e-01                 
1.0562400000e+01	2.9813792805e+00	2.5110644238e-06                 	2.0437941285e-06                 	4.6727029528e-07                 	8.1391544922e-01                 	4.8792953031e-01                 
1.0628200000e+01	2.9629213330e+00	2.7321837085e-06                 	2.2404320748e-06                 	4.9175163365e-07                 	8.2001516512e-01                 	5.3461220703e-01                 
1.0694900000e+01	2.9444427261e+00	2.9674408329e-06                 	2.5063704882e-06                 	4.6107034473e-07                 	8.4462357611e-01                 	5.5643235554e-01                 
1.0762400000e+01	2.9259756664e+00	3.2489636258e-06                 	2.7951331779e-06                 	4.5383044789e-07                 	8.6031531893e-01                 	5.7207506943e-01                 
1.0830700000e+01	2.9075240300e+00	3.4438292643e-06                 	2.9360380153e-06                 	5.0779124897e-07                 	8.5255039957e-01                 	5.8307855949e-01                 
1.0899900000e+01	2.8890650843e+00	3.5428693533e-06                 	3.0519399929e-06                 	4.9092936037e-07                 	8.6143170650e-01                 	5.7755795921e-01                 
1.0970000000e+01	2.8706035107e+00	3.5134271548e-06                 	3.0780686739e-06                 	4.3535848093e-07                 	8.7608723285e-01                 	5.6935876311e-01                 
1.1041000000e+01	2.8521438739e+00	3.3707441485e-06                 	2.9632807057e-06                 	4.0746344282e-07                 	8.7911765923e-01                 	5.7416672225e-01                 
1.1112900000e+01	2.8336906219e+00	3.2602044441e-06                 	2.8950711054e-06                 	3.6513333862e-07                 	8.8800293206e-01                 	5.8171051103e-01                 
1.1185800000e+01	2.8152229176e+00	3.1806266991e-06                 	2.8563650138e-06                 	3.2426168527e-07                 	8.9805100820e-01                 	5.9832428562e-01                 
1.1259600000e+01	2.7967708011e+00	3.1403864040e-06                 	2.8076299785e-06                 	3.3275642549e-07                 	8.9403965542e-01                 	6.2028472099e-01                 
1.1334400000e+01	2.7783138509e+00	3.1276133576e-06                 	2.7932300022e-06                 	3.3438335536e-07                 	8.9308673511e-01                 	6.3977562716e-01                 
1.1410300000e+01	2.7598328275e+00	3.1379691284e-06                 	2.8293596107e-06                 	3.0860951766e-07                 	9.0165310587e-01                 	6.5985443863e-01                 
1.1487100000e+01	2.7413812461e+00	3.1020351420e-06                 	2.7387669073e-06                 	3.6326823478e-07                 	8.8289357852e-01                 	6.8603244927e-01                 
1.1565000000e+01	2.7229157382e+00	3.0199107407e-06                 	2.5766441247e-06                 	4.4326661607e-07                 	8.5321863653e-01                 	7.0854863302e-01                 
1.1643900000e+01	2.7044650428e+00	2.8812676381e-06                 	2.3476321382e-06                 	5.3363549989e-07                 	8.1479141582e-01                 	7.2889269244e-01                 
1.1723900000e+01	2.6860106715e+00	2.6823839361e-06                 	2.0153166260e-06                 	6.6706731007e-07                 	7.5131549921e-01                 	7.4681508485e-01                 
1.1805100000e+01	2.6675352612e+00	2.5270430501e-06                 	1.7454940022e-06                 	7.8154904787e-07                 	6.9072586719e-01                 	7.5728881825e-01                 
1.1887300000e+01	2.6490894073e+00	2.4251392216e-06                 	1.5645356221e-06                 	8.6060359951e-07                 	6.4513229103e-01                 	7.6249411950e-01                 
1.1970800000e+01	2.6306111966e+00	2.3405001728e-06                 	1.4144124018e-06                 	9.2608777103e-07                 	6.0432057139e-01                 	7.6560837087e-01                 
1.2055400000e+01	2.6121506140e+00	2.2969616241e-06                 	1.3067457870e-06                 	9.9021583714e-07                 	5.6890188031e-01                 	7.6608391692e-01                 
1.2141200000e+01	2.5936909459e+00	2.2973197889e-06                 	1.2636955399e-06                 	1.0336242490e-06                 	5.5007384954e-01                 	7.6403280583e-01                 
1.2228200000e+01	2.5752376075e+00	2.3068375050e-06                 	1.2388367263e-06                 	1.0680007787e-06                 	5.3702817108e-01                 	7.6108826616e-01                 
1.2316500000e+01	2.5567750994e+00	2.3349782541e-06                 	1.2374683796e-06                 	1.0975098745e-06                 	5.2996998041e-01                 	7.5674773850e-01                 
1.2406100000e+01	2.5383094213e+00	2.3900385771e-06                 	1.2720220386e-06                 	1.1180165386e-06                 	5.3221820382e-01                 	7.5054998750e-01                 
1.2497000000e+01	2.5198464041e+00	2.4563673911e-06                 	1.3330299737e-06                 	1.1233374174e-06                 	5.4268346767e-01                 	7.4381751857e-01                 
1.2589200000e+01	2.5013917097e+00	2.5292128009e-06                 	1.4081727985e-06                 	1.1210400024e-06                 	5.5676327354e-01                 	7.3615404292e-01                 
1.2682800000e+01	2.4829312543e+00	2.6251533191e-06                 	1.5258279488e-06                 	1.0993253704e-06                 	5.8123384171e-01                 	7.2726733112e-01                 
1.2777800000e+01	2.4644712323e+00	2.7492479701e-06                 	1.6987638675e-06                 	1.0504841026e-06                 	6.1790129010e-01                 	7.1724134368e-01                 
1.2874200000e+01	2.4460176564e+00	2.8838199778e-06                 	1.9137189000e-06                 	9.7010107781e-07                 	6.6360553527e-01                 	7.1140870676e-01                 
1.2972100000e+01	2.4275576439e+00	3.0317744324e-06                 	2.1743770786e-06                 	8.5739735381e-07                 	7.1719619223e-01                 	7.0727322639e-01                 
1.3071500000e+01	2.4090976944e+00	3.0547334267e-06                 	2.2730518919e-06                 	7.8168153477e-07                 	7.4410810189e-01                 	7.1002061312e-01                 
1.3172500000e+01	2.3906259641e+00	3.0197935285e-06                 	2.3018184713e-06                 	7.1797505718e-07                 	7.6224365991e-01                 	7.0938969051e-01                 
1.3275000000e+01	2.3721672702e+00	2.9405661766e-06                 	2.2669970786e-06                 	6.7356909803e-07                 	7.7093897652e-01                 	7.0690140447e-01                 
1.3379100000e+01	2.3537099291e+00	2.8424466579e-06                 	2.2296363392e-06                 	6.1281031873e-07                 	7.8440745158e-01                 	7.0110097659e-01                 
1.3484800000e+01	2.3352604793e+00	2.6971423929e-06                 	2.1155421304e-06                 	5.8160026248e-07                 	7.8436427234e-01                 	6.9605518246e-01                 
1.3592300000e+01	2.3167911620e+00	2.5751872218e-06                 	2.0287741532e-06                 	5.4641306859e-07                 	7.8781617742e-01                 	6.8931583101e-01                 
1.3701500000e+01	2.2983264980e+00	2.4637900438e-06                 	1.9285775393e-06                 	5.3521250448e-07                 	7.8276862275e-01                 	6.8413683485e-01                 
1.3812400000e+01	2.2798731945e+00	2.3678800242e-06                 	1.8515874287e-06                 	5.1629259551e-07                 	7.8195998520e-01                 	6.7806881304e-01                 
1.3925200000e+01	2.2614052589e+00	2.2769421233e-06                 	1.7786980733e-06                 	4.9824405004e-07                 	7.8117843008e-01                 	6.7218430840e-01                 
1.4039800000e+01	2.2429465172e+00	2.1906990325e-06                 	1.7071528209e-06                 	4.8354621157e-07                 	7.7927309758e-01                 	6.6696765208e-01                 
1.4156300000e+01	2.2244880733e+00	2.1087258897e-06                 	1.6350416321e-06                 	4.7368425763e-07                 	7.7536944942e-01                 	6.6277189516e-01                 
1.4274800000e+01	2.2060218365e+00	2.0300123434e-06                 	1.5589713239e-06                 	4.7104101948e-07                 	7.6796149983e-01                 	6.6000810757e-01                 
1.4395200000e+01	2.1875708925e+00	1.9729585639e-06                 	1.4841205731e-06                 	4.8883799078e-07                 	7.5223098968e-01                 	6.5947633891e-01                 
1.4517700000e+01	2.1691122225e+00	1.9204667002e-06                 	1.4404671698e-06                 	4.7999953046e-07                 	7.5006099799e-01                 	6.5658884889e-01                 
1.4642300000e+01	2.1506539623e+00	1.8648281416e-06                 	1.3997548468e-06                 	4.6507329480e-07                 	7.5060795983e-01                 	6.5383234110e-01                 
1.4769100000e+01	2.1321895384e+00	1.7905816006e-06                 	1.3249868373e-06                 	4.6559476331e-07                 	7.3997567989e-01                 	6.5429636822e-01                 
1.4898100000e+01	2.1137272882e+00	1.7308472514e-06                 	1.2738418147e-06                 	4.5700543666e-07                 	7.3596431673e-01                 	6.5379216703e-01                 
1.5029400000e+01	2.0952613219e+00	1.6588255701e-06                 	1.2030672594e-06                 	4.5575831065e-07                 	7.2525242022e-01                 	6.5532588267e-01                 
1.5163000000e+01	2.0768001393e+00	1.5806024168e-06                 	1.1272675223e-06                 	4.5333489451e-07                 	7.1318853514e-01                 	6.5765253570e-01                 
1.5299000000e+01	2.0583384870e+00	1.5141505197e-06                 	1.0518216818e-06                 	4.6232883787e-07                 	6.9466124281e-01                 	6.6053912907e-01                 
1.5437400000e+01	2.0398849879e+00	1.4384704593e-06                 	9.7522844645e-07                 	4.6324201280e-07                 	6.7796209521e-01                 	6.6341697393e-01                 
1.5578400000e+01	2.0214220017e+00	1.3728637914e-06                 	8.9130765560e-07                 	4.8155613582e-07                 	6.4923240104e-01                 	6.6689566470e-01                 
1.5722000000e+01	2.0029589436e+00	1.3033208745e-06                 	8.2152682354e-07                 	4.8179405097e-07                 	6.3033351158e-01                 	6.6889308777e-01                 
1.5868200000e+01	1.9845048910e+00	1.2417770927e-06                 	7.4479637205e-07                 	4.9698072064e-07                 	5.9978266344e-01                 	6.7091927529e-01                 
1.6017200000e+01	1.9660440347e+00	1.1847308163e-06                 	6.6958860471e-07                 	5.1514221161e-07                 	5.6518206118e-01                 	6.7204142290e-01                 
1.6169000000e+01	1.9475861532e+00	1.1390412009e-06                 	6.1346359088e-07                 	5.2557761003e-07                 	5.3857892971e-01                 	6.7136020825e-01                 
1.6323800000e+01	1.9291170262e+00	1.0838779042e-06                 	5.5871824163e-07                 	5.2515966260e-07                 	5.1548079304e-01                 	6.6957502403e-01                 
1.6481500000e+01	1.9106586483e+00	1.0244812221e-06                 	4.8682945541e-07                 	5.3765176670e-07                 	4.7519607476e-01                 	6.6681778535e-01                 
1.6642300000e+01	1.8921976236e+00	9.9115071238e-07                 	4.3403645759e-07                 	5.5711425479e-07                 	4.3791166385e-01                 	6.6241485490e-01                 
1.6806200000e+01	1.8737442439e+00	9.6626469467e-07                 	3.8839989050e-07                 	5.7786480417e-07                 	4.0196013850e-01                 	6.5664168497e-01                 
1.6973500000e+01	1.8552756068e+00	9.4657806364e-07                 	3.4901800421e-07                 	5.9756005943e-07                 	3.6871550020e-01                 	6.4961349636e-01                 
1.7144000000e+01	1.8368245749e+00	9.4078401334e-07                 	3.2183064416e-07                 	6.1895336918e-07                 	3.4208770515e-01                 	6.4205274265e-01                 
1.7318100000e+01	1.8183588564e+00	9.2122184414e-07                 	2.9322713478e-07                 	6.2799470936e-07                 	3.1830241178e-01                 	6.3322995288e-01                 
1.7495700000e+01	1.7999005762e+00	8.8723660755e-07                 	2.5871921754e-07                 	6.2851739002e-07                 	2.9160115276e-01                 	6.2241119169e-01                 
1.7677000000e+01	1.7814403186e+00	8.8841880915e-07                 	2.3518714528e-07                 	6.5323166387e-07                 	2.6472553581e-01                 	6.1125747590e-01                 
1.7862100000e+01	1.7629797455e+00	8.8511087081e-07                 	2.1519810012e-07                 	6.6991277069e-07                 	2.4313123612e-01                 	5.9940153317e-01                 
1.8051200000e+01	1.7445111966e+00	8.7484649634e-07                 	1.9782300163e-07                 	6.7702349471e-07                 	2.2612309983e-01                 	5.8716529731e-01                 
1.8244200000e+01	1.7260565282e+00	8.6602415213e-07                 	1.7915731520e-07                 	6.8686683692e-07                 	2.0687334731e-01                 	5.7281277306e-01                 
1.8441400000e+01	1.7075992339e+00	8.5559680559e-07                 	1.6323656844e-07                 	6.9236023716e-07                 	1.9078679043e-01                 	5.5754608914e-01                 
1.8643000000e+01	1.6891337506e+00	8.4208554335e-07                 	1.4944655253e-07                 	6.9263899082e-07                 	1.7747193704e-01                 	5.4099220327e-01                 
1.8849000000e+01	1.6706732724e+00	8.2836791460e-07                 	1.3930289991e-07                 	6.8906501469e-07                 	1.6816549441e-01                 	5.2003482950e-01                 
1.9059600000e+01	1.6522130848e+00	8.5335508167e-07                 	1.5421036339e-07                 	6.9914471828e-07                 	1.8071066395e-01                 	4.9833815531e-01                 
1.9275000000e+01	1.6337494429e+00	9.4871745953e-07                 	2.1156776583e-07                 	7.3714969370e-07                 	2.2300397627e-01                 	4.7887874862e-01                 
1.9495200000e+01	1.6152960991e+00	1.0911692084e-06                 	3.0908209782e-07                 	7.8208711063e-07                 	2.8325771606e-01                 	4.6119850176e-01                 
1.9720600000e+01	1.5968337937e+00	1.3064491269e-06                 	4.5969404893e-07                 	8.4675507794e-07                 	3.5186525022e-01                 	4.4742861170e-01                 
1.9951300000e+01	1.5783693550e+00	1.6158303654e-06                 	6.7970975406e-07                 	9.3612061136e-07                 	4.2065662870e-01                 	4.3873821344e-01                 
2.0187400000e+01	1.5599096720e+00	2.0755293188e-06                 	9.8778597000e-07                 	1.0877433488e-06                 	4.7592002726e-01                 	4.4051307885e-01                 
2.0429100000e+01	1.5414541273e+00	2.6654054852e-06                 	1.3636249913e-06                 	1.3017804939e-06                 	5.1160133003e-01                 	4.5129485768e-01                 
2.0676800000e+01	1.5229881080e+00	3.0591181540e-06                 	1.6659336809e-06                 	1.3931844731e-06                 	5.4457971123e-01                 	4.4500764038e-01                 
2.0930500000e+01	1.5045278666e+00	2.9636742871e-06                 	1.6910938535e-06                 	1.2725804336e-06                 	5.7060718881e-01                 	4.0557387477e-01                 
2.1190500000e+01	1.4860678376e+00	2.7083527512e-06                 	1.5609390493e-06                 	1.1474137018e-06                 	5.7634259373e-01                 	3.6579090243e-01                 
2.1457000000e+01	1.4676105938e+00	2.5382062831e-06                 	1.4321297954e-06                 	1.1060764877e-06                 	5.6422907979e-01                 	3.4489654447e-01                 
2.1730300000e+01	1.4491525893e+00	2.4507534955e-06                 	1.3356636127e-06                 	1.1150898827e-06                 	5.4500120686e-01                 	3.3811033832e-01                 
2.2010800000e+01	1.4306849597e+00	2.4154826075e-06                 	1.2684644200e-06                 	1.1470181875e-06                 	5.2513912378e-01                 	3.3904062434e-01                 
2.2298500000e+01	1.4122259574e+00	2.4136547962e-06                 	1.2273510140e-06                 	1.1863037823e-06                 	5.0850312807e-01                 	3.4278875747e-01                 
2.2593800000e+01	1.3937682246e+00	2.4387662329e-06                 	1.2106821000e-06                 	1.2280841329e-06                 	4.9643220561e-01                 	3.4746641183e-01                 
2.2897100000e+01	1.3753060655e+00	2.4944043839e-06                 	1.2275353824e-06                 	1.2668690015e-06                 	4.9211562902e-01                 	3.5130648263e-01                 
2.3208600000e+01	1.3568470529e+00	2.5813291242e-06                 	1.2880493726e-06                 	1.2932797516e-06                 	4.9898688259e-01                 	3.5230822130e-01                 
2.3528700000e+01	1.3383876080e+00	2.6926681919e-06                 	1.3926379103e-06                 	1.3000302816e-06                 	5.1719625704e-01                 	3.4983157017e-01                 
2.3857800000e+01	1.3199255804e+00	2.8207484839e-06                 	1.5364122740e-06                 	1.2843362099e-06                 	5.4468247799e-01                 	3.4711616730e-01                 
2.4196200000e+01	1.3014655405e+00	2.9365991892e-06                 	1.6754676694e-06                 	1.2611315198e-06                 	5.7054693591e-01                 	3.4853333203e-01                 
2.4544300000e+01	1.2830074808e+00	3.0474022168e-06                 	1.8056542129e-06                 	1.2417480038e-06                 	5.9252244518e-01                 	3.5511180193e-01                 
2.4902700000e+01	1.2645424196e+00	3.1430365401e-06                 	1.9096762575e-06                 	1.2333602826e-06                 	6.0758958197e-01                 	3.7221355165e-01                 
2.5271600000e+01	1.2460833707e+00	3.1807052664e-06                 	1.9412320935e-06                 	1.2394731729e-06                 	6.1031498705e-01                 	3.9666931556e-01                 
2.5651600000e+01	1.2276240278e+00	3.1913960244e-06                 	1.9546889459e-06                 	1.2367070784e-06                 	6.1248711567e-01                 	4.1897765683e-01                 
2.6043200000e+01	1.2091647920e+00	3.1465939000e-06                 	1.9412990386e-06                 	1.2052948614e-06                 	6.1695252083e-01                 	4.4656656712e-01                 
2.6447100000e+01	1.1906984324e+00	3.0024524578e-06                 	1.8552814276e-06                 	1.1471710302e-06                 	6.1792199999e-01                 	4.6819534726e-01                 
2.6863500000e+01	1.1722419086e+00	2.8248505912e-06                 	1.7508708847e-06                 	1.0739797064e-06                 	6.1981008490e-01                 	4.7895972871e-01                 
2.7293300000e+01	1.1537820825e+00	2.6059048070e-06                 	1.6487548674e-06                 	9.5714993961e-07                 	6.3269957635e-01                 	4.8532386830e-01                 
2.7737100000e+01	1.1353213029e+00	2.3471920173e-06                 	1.5062234794e-06                 	8.4096853795e-07                 	6.4171293540e-01                 	4.7926548565e-01                 
2.8195600000e+01	1.1168593863e+00	2.1284275136e-06                 	1.3878196276e-06                 	7.4060788605e-07                 	6.5203988329e-01                 	4.6690457574e-01                 
2.8669500000e+01	1.0983979669e+00	1.8953490986e-06                 	1.2814040112e-06                 	6.1394508739e-07                 	6.7607809673e-01                 	4.5068758675e-01                 
2.9159500000e+01	1.0799403457e+00	1.6661919355e-06                 	1.1557481968e-06                 	5.1044373876e-07                 	6.9364649542e-01                 	4.2619516230e-01                 
2.9666600000e+01	1.0614806049e+00	1.4876189956e-06                 	1.0479071546e-06                 	4.3971184095e-07                 	7.0441904664e-01                 	4.0114952297e-01                 
3.0191800000e+01	1.0430156702e+00	1.3269560804e-06                 	9.6026520033e-07                 	3.6669088010e-07                 	7.2366012296e-01                 	3.7742661584e-01                 
3.0735800000e+01	1.0245550957e+00	1.1783517983e-06                 	8.6037924088e-07                 	3.1797255746e-07                 	7.3015481632e-01                 	3.5064151039e-01                 
3.1299700000e+01	1.0060965604e+00	1.0793805205e-06                 	7.8472153475e-07                 	2.9465898572e-07                 	7.2701102148e-01                 	3.2939876451e-01                 
3.1884700000e+01	9.8763734681e-01	9.8871807315e-07                 	7.2121648975e-07                 	2.6750158340e-07                 	7.2944604669e-01                 	3.1044072542e-01                 
3.2492100000e+01	9.6917467667e-01	8.9438260694e-07                 	6.5897509334e-07                 	2.3540751360e-07                 	7.3679327866e-01                 	2.9149568183e-01                 
3.3123000000e+01	9.5071462464e-01	8.2604497547e-07                 	6.0315533019e-07                 	2.2288964528e-07                 	7.3017250647e-01                 	2.7499606883e-01                 
3.3778900000e+01	9.3225417381e-01	7.5213689357e-07                 	5.5808322154e-07                 	1.9405367203e-07                 	7.4199687093e-01                 	2.6036476837e-01                 
3.4461300000e+01	9.1379374869e-01	6.7461230489e-07                 	5.1011139245e-07                 	1.6450091244e-07                 	7.5615488889e-01                 	2.4515466740e-01                 
3.5171800000e+01	8.9533434490e-01	6.1065579710e-07                 	4.6456073464e-07                 	1.4609506245e-07                 	7.6075710220e-01                 	2.3111840085e-01                 
3.5912300000e+01	8.7687284056e-01	5.4689355849e-07                 	4.2479766022e-07                 	1.2209589827e-07                 	7.7674650510e-01                 	2.1831788662e-01                 
3.6684600000e+01	8.5841253583e-01	4.8304779008e-07                 	3.8468432425e-07                 	9.8363465832e-08                 	7.9636908014e-01                 	2.0550162686e-01                 
3.7490800000e+01	8.3995328219e-01	4.3005572152e-07                 	3.4487491678e-07                 	8.5180804741e-08                 	8.0193077204e-01                 	1.9317083747e-01                 
3.8333300000e+01	8.2149255378e-01	3.8048567640e-07                 	3.1130766143e-07                 	6.9178014969e-08                 	8.1818496921e-01                 	1.8223905282e-01                 
3.9214600000e+01	8.0303051700e-01	3.3499316118e-07                 	2.7669973831e-07                 	5.8293422865e-08                 	8.2598623011e-01                 	1.7113315583e-01                 
4.0137300000e+01	7.8456997635e-01	3.0507781114e-07                 	2.4569363837e-07                 	5.9384172767e-08                 	8.0534745367e-01                 	1.6116676407e-01                 
4.1104400000e+01	7.6611069647e-01	2.7974711083e-07                 	2.2130559109e-07                 	5.8441519742e-08                 	7.9109160567e-01                 	1.5269769611e-01                 
4.2119300000e+01	7.4765061413e-01	2.4948867635e-07                 	1.9796469278e-07                 	5.1523983569e-08                 	7.9348167491e-01                 	1.4420073122e-01                 
4.3185700000e+01	7.2918860900e-01	2.2186540553e-07                 	1.7588357001e-07                 	4.5981835515e-08                 	7.9274896235e-01                 	1.3591222632e-01                 
4.4307400000e+01	7.1072824205e-01	2.1119474133e-07                 	1.5612295473e-07                 	5.5071786600e-08                 	7.3923694191e-01                 	1.2837594609e-01                 
4.5488900000e+01	6.9226823493e-01	1.8676629086e-07                 	1.3971101925e-07                 	4.7055271609e-08                 	7.4805265236e-01                 	1.2134720878e-01                 
4.6735100000e+01	6.7380877567e-01	1.7593264343e-07                 	1.2547991508e-07                 	5.0452728353e-08                 	7.1322702047e-01                 	1.1503673854e-01                 
4.8051700000e+01	6.5534664771e-01	1.4851265495e-07                 	1.1114443186e-07                 	3.7368223093e-08                 	7.4838357643e-01                 	1.0827821896e-01                 
4.9444500000e+01	6.3688621610e-01	1.2689293740e-07                 	9.8623409537e-08                 	2.8269527866e-08                 	7.7721748393e-01                 	1.0203344616e-01                 
5.0920400000e+01	6.1842641676e-01	1.1022062548e-07                 	8.5763781075e-08                 	2.4456844406e-08                 	7.7811009237e-01                 	9.5500391413e-02                 
5.2487100000e+01	5.9996685875e-01	9.5546408624e-08                 	7.5473548326e-08                 	2.0072860298e-08                 	7.8991507282e-01                 	8.9750299076e-02                 
5.4153600000e+01	5.8150373220e-01	7.8553804341e-08                 	6.5573977401e-08                 	1.2979826939e-08                 	8.3476513902e-01                 	8.3914427267e-02                 
5.5929000000e+01	5.6304458352e-01	6.6714103976e-08                 	5.6332213691e-08                 	1.0381890284e-08                 	8.4438237695e-01                 	7.8164590309e-02                 
5.7824900000e+01	5.4458408941e-01	5.9770663379e-08                 	4.8683903706e-08                 	1.1086759673e-08                 	8.1451168439e-01                 	7.2955964813e-02                 
5.9853700000e+01	5.2612487635e-01	4.9066838385e-08                 	4.1831368018e-08                 	7.2354703664e-09                 	8.5253848415e-01                 	6.7889876918e-02                 
6.2030100000e+01	5.0766515791e-01	4.3750000198e-08                 	3.5514608373e-08                 	8.2353918246e-09                 	8.1176247343e-01                 	6.2908899046e-02                 
6.4371200000e+01	4.8920201133e-01	4.2855565474e-08                 	3.0387713592e-08                 	1.2467851883e-08                 	7.0907274832e-01                 	5.8415245211e-02                 
6.6895400000e+01	4.7074268951e-01	3.5311940014e-08                 	2.6074175113e-08                 	9.2377649007e-09                 	7.3839542950e-01                 	5.4216806969e-02                 
6.9625800000e+01	4.5228235097e-01	2.8407895394e-08                 	2.1865328190e-08                 	6.5425672038e-09                 	7.6969194257e-01                 	4.9887246302e-02                 
7.2588400000e+01	4.3382304214e-01	2.5999125052e-08                 	1.8348770566e-08                 	7.6503544865e-09                 	7.0574569447e-01                 	4.5877806957e-02                 
7.5815000000e+01	4.1536002786e-01	2.2139688258e-08                 	1.5388704138e-08                 	6.7509841198e-09                 	6.9507320785e-01                 	4.2127291452e-02                 
7.9341100000e+01	3.9690047796e-01	1.6250740018e-08                 	1.2608079104e-08                 	3.6426609143e-09                 	7.7584645928e-01                 	3.8327435468e-02                 
8.3211300000e+01	3.7844043431e-01	1.6063491402e-08                 	1.0306510910e-08                 	5.7569804920e-09                 	6.4161088346e-01                 	3.4802796744e-02                 
8.7478300000e+01	3.5998093827e-01	1.4845089153e-08                 	8.4053172803e-09                 	6.4397718725e-09                 	5.6620187281e-01                 	3.1523364174e-02                 
9.2207500000e+01	3.4151799487e-01	1.0918105549e-08                 	6.7096424852e-09                 	4.2084630637e-09                 	6.1454273868e-01                 	2.8297065026e-02                 
9.7476300000e+01	3.2305822556e-01	1.0172351550e-08                 	5.2903592000e-09                 	4.8819923496e-09                 	5.2007239174e-01                 	2.5248590479e-02                 
1.0338400000e+02	3.0459762160e-01	8.4089718147e-09                 	4.1771795728e-09                 	4.2317922420e-09                 	4.9675271422e-01                 	2.2486347397e-02                 
1.1005400000e+02	2.8613699195e-01	6.5423244349e-09                 	3.2105492179e-09                 	3.3317752170e-09                 	4.9073525011e-01                 	1.9798411682e-02                 
1.1764400000e+02	2.6767638394e-01	7.8684935610e-09                 	2.4189259343e-09                 	5.4495676267e-09                 	3.0741919219e-01                 	1.7267301066e-02                 
1.2635800000e+02	2.4921667415e-01	9.8964034316e-09                 	1.8480077382e-09                 	8.0483956934e-09                 	1.8673528732e-01                 	1.5074616258e-02                 
1.3646700000e+02	2.3075557103e-01	8.1731007186e-09                 	1.3844457272e-09                 	6.7886549914e-09                 	1.6939051345e-01                 	1.3030371277e-02                 
1.4833300000e+02	2.1229612097e-01	5.2724780319e-09                 	9.7754496895e-10                 	4.2949330629e-09                 	1.8540522370e-01                 	1.0995008733e-02                 
1.6246000000e+02	1.9383553190e-01	4.7786353858e-09                 	6.7110622685e-10                 	4.1075291589e-09                 	1.4043888530e-01                 	9.1425839505e-03                 
1.7956200000e+02	1.7537407977e-01	5.0953153521e-09                 	4.5315085848e-10                 	4.6421644936e-09                 	8.8934801316e-02                 	7.5132986160e-03                 
2.0068600000e+02	1.5691438621e-01	3.5828639241e-09                 	2.8772610361e-10                 	3.2951378205e-09                 	8.0306176763e-02                 	6.0043980065e-03                 
2.2744400000e+02	1.3845395135e-01	2.1481862907e-09                 	1.6943002038e-10                 	1.9787562703e-09                 	7.8871195256e-02                 	4.6359390262e-03                 
2.6243600000e+02	1.1999314314e-01	7.9192684761e-10                 	9.5399681264e-11                 	6.9652716635e-10                 	1.2046526968e-01                 	3.4836129911e-03                 
3.1015200000e+02	1.0153254053e-01	3.3558377014e-10                 	4.8825702240e-11                 	2.8675806790e-10                 	1.4549482599e-01                 	2.4950883187e-03                 
3.7907400000e+02	8.3072224716e-02	1.4335243107e-10                 	2.1854750820e-11                 	1.2149768025e-10                 	1.5245469265e-01                 	1.6708710483e-03                 
4.8738200000e+02	6.4611578827e-02	6.4060844583e-11                 	7.9915119690e-12                 	5.6069332614e-11                 	1.2474877628e-01                 	1.0111141684e-03                 
