#wavelengths (mu)	size parameter  	extinction cross section (cm^2)  	scattering cross section (cm^2)  	absorption cross section (cm^2)  	single scattering albedo         	asymmetry parameter              
4.7690000000e-02	8.3128997972e+04	2.5026511554e-02                 	1.6008793298e-02                 	9.0177182560e-03                 	6.3967338250e-01                 	8.6563943025e-01                 
4.8620000000e-02	8.1538912243e+04	2.5026695610e-02                 	1.5866783927e-02                 	9.1599116830e-03                 	6.3399436242e-01                 	8.6874359463e-01                 
4.9590000000e-02	7.9943978892e+04	2.5026884176e-02                 	1.5811381633e-02                 	9.2155025430e-03                 	6.3177587437e-01                 	8.6875749970e-01                 
5.0610000000e-02	7.8332778369e+04	2.5027083576e-02                 	1.5788121836e-02                 	9.2389617402e-03                 	6.3084145573e-01                 	8.6725755206e-01                 
5.1660000000e-02	7.6740648728e+04	2.5027285893e-02                 	1.5736792329e-02                 	9.2904935641e-03                 	6.2878541429e-01                 	8.6730064595e-01                 
5.2760000000e-02	7.5140673110e+04	2.5027494592e-02                 	1.5693308156e-02                 	9.3341864358e-03                 	6.2704271491e-01                 	8.6729377638e-01                 
5.3910000000e-02	7.3537783589e+04	2.5027711054e-02                 	1.5664789213e-02                 	9.3629218410e-03                 	6.2589779701e-01                 	8.6673343195e-01                 
5.5100000000e-02	7.1949581003e+04	2.5027935012e-02                 	1.5649874929e-02                 	9.3780600833e-03                 	6.2529629078e-01                 	8.6552051011e-01                 
5.6360000000e-02	7.0341055949e+04	2.5028169429e-02                 	1.5628250097e-02                 	9.3999193325e-03                 	6.2442641444e-01                 	8.6474821304e-01                 
5.7670000000e-02	6.8743227211e+04	2.5028412537e-02                 	1.5621326253e-02                 	9.4070862842e-03                 	6.2414370986e-01                 	8.6328047943e-01                 
5.9040000000e-02	6.7148067637e+04	2.5028666672e-02                 	1.5616630192e-02                 	9.4120364802e-03                 	6.2394974516e-01                 	8.6163892541e-01                 
6.0480000000e-02	6.5549304122e+04	2.5028929969e-02                 	1.5594203067e-02                 	9.4347269022e-03                 	6.2304713331e-01                 	8.6101664435e-01                 
6.1990000000e-02	6.3952603860e+04	2.5029203756e-02                 	1.5584603430e-02                 	9.4446003258e-03                 	6.2265678054e-01                 	8.5985016621e-01                 
6.3580000000e-02	6.2353285833e+04	2.5029491622e-02                 	1.5589348928e-02                 	9.4401426940e-03                 	6.2283921558e-01                 	8.5791695766e-01                 
6.5260000000e-02	6.0748113903e+04	2.5029795209e-02                 	1.5599663724e-02                 	9.4301314846e-03                 	6.2324376184e-01                 	8.5563099740e-01                 
6.7020000000e-02	5.9152818760e+04	2.5030112864e-02                 	1.5615729789e-02                 	9.4143830752e-03                 	6.2387772175e-01                 	8.5298154636e-01                 
6.8880000000e-02	5.7555486546e+04	2.5030450607e-02                 	1.5654806742e-02                 	9.3756438645e-03                 	6.2543048018e-01                 	8.4897197903e-01                 
6.9850000000e-02	5.6756219231e+04	2.5030635567e-02                 	1.5712812700e-02                 	9.3178228676e-03                 	6.2774325716e-01                 	8.4456896505e-01                 
7.0850000000e-02	5.5955143448e+04	2.5030830130e-02                 	1.5731598560e-02                 	9.2992315699e-03                 	6.2848888665e-01                 	8.4184348466e-01                 
7.1250000000e-02	5.5641009309e+04	2.5030907723e-02                 	1.5713556653e-02                 	9.3173510696e-03                 	6.2776615324e-01                 	8.4201886855e-01                 
7.1870000000e-02	5.5161011733e+04	2.5031024528e-02                 	1.5667116145e-02                 	9.3639083824e-03                 	6.2590790593e-01                 	8.4337929251e-01                 
7.2930000000e-02	5.4359274829e+04	2.5031204511e-02                 	1.5510729846e-02                 	9.5204746656e-03                 	6.1965575163e-01                 	8.5050135431e-01                 
7.4020000000e-02	5.3558793749e+04	2.5031376237e-02                 	1.5354812805e-02                 	9.6765634321e-03                 	6.1342263644e-01                 	8.5827630566e-01                 
7.5140000000e-02	5.2760472628e+04	2.5031543491e-02                 	1.5208967900e-02                 	9.8225755910e-03                 	6.0759209297e-01                 	8.6601271689e-01                 
7.6290000000e-02	5.1965158124e+04	2.5031706050e-02                 	1.5072482355e-02                 	9.9592236945e-03                 	6.0213564051e-01                 	8.7372835592e-01                 
7.7490000000e-02	5.1160432485e+04	2.5031870591e-02                 	1.4974671930e-02                 	1.0057198660e-02                 	5.9822424681e-01                 	8.7973545514e-01                 
7.8720000000e-02	5.0361050728e+04	2.5032053569e-02                 	1.4970155950e-02                 	1.0061897619e-02                 	5.9803946603e-01                 	8.8032125621e-01                 
7.9990000000e-02	4.9561469100e+04	2.5032245437e-02                 	1.4975901418e-02                 	1.0056344019e-02                 	5.9826440483e-01                 	8.8020724036e-01                 
8.1300000000e-02	4.8762877162e+04	2.5032450669e-02                 	1.5027153685e-02                 	1.0005296984e-02                 	6.0030693293e-01                 	8.7742596137e-01                 
8.2660000000e-02	4.7960584482e+04	2.5032676686e-02                 	1.5128861497e-02                 	9.9038151890e-03                 	6.0436451470e-01                 	8.7149281692e-01                 
8.3770000000e-02	4.7325079543e+04	2.5032877543e-02                 	1.5261366262e-02                 	9.7715112810e-03                 	6.0965289491e-01                 	8.6344900221e-01                 
8.4920000000e-02	4.6684195870e+04	2.5033104724e-02                 	1.5413239656e-02                 	9.6198650677e-03                 	6.1571426422e-01                 	8.5357907487e-01                 
8.6100000000e-02	4.6044389237e+04	2.5033335158e-02                 	1.5475317818e-02                 	9.5580173398e-03                 	6.1818841638e-01                 	8.4821625557e-01                 
8.6700000000e-02	4.5725742944e+04	2.5033448521e-02                 	1.5464903555e-02                 	9.5685449654e-03                 	6.1776960304e-01                 	8.4769139053e-01                 
8.7310000000e-02	4.5406275493e+04	2.5033548909e-02                 	1.5398265912e-02                 	9.6352829977e-03                 	6.1510519213e-01                 	8.5053632005e-01                 
8.8560000000e-02	4.4765378425e+04	2.5033727899e-02                 	1.5230047580e-02                 	9.8036803195e-03                 	6.0838112650e-01                 	8.5911572306e-01                 
8.9840000000e-02	4.4127581403e+04	2.5033885836e-02                 	1.5038976055e-02                 	9.9949097817e-03                 	6.0074477263e-01                 	8.7006912863e-01                 
9.1160000000e-02	4.3488612476e+04	2.5034043969e-02                 	1.4897355422e-02                 	1.0136688547e-02                 	5.9508385622e-01                 	8.7892308750e-01                 
9.2520000000e-02	4.2849350554e+04	2.5034226823e-02                 	1.4857213900e-02                 	1.0177012923e-02                 	5.9347604401e-01                 	8.8179552956e-01                 
9.3920000000e-02	4.2210625141e+04	2.5034422186e-02                 	1.4844385917e-02                 	1.0190036269e-02                 	5.9295899889e-01                 	8.8292354050e-01                 
9.5370000000e-02	4.1568857222e+04	2.5034627362e-02                 	1.4854417837e-02                 	1.0180209525e-02                 	5.9335486094e-01                 	8.8273346178e-01                 
9.6860000000e-02	4.0929402367e+04	2.5034854211e-02                 	1.4926766880e-02                 	1.0108087332e-02                 	5.9623941700e-01                 	8.7869387734e-01                 
9.8390000000e-02	4.0292935393e+04	2.5035100819e-02                 	1.5033921094e-02                 	1.0001179726e-02                 	6.0051370283e-01                 	8.7231714424e-01                 
9.9980000000e-02	3.9652149563e+04	2.5035370036e-02                 	1.5169709271e-02                 	9.8656607648e-03                 	6.0593109866e-01                 	8.6396096969e-01                 
1.0160000000e-01	3.9019900721e+04	2.5035664438e-02                 	1.5341525728e-02                 	9.6941387096e-03                 	6.1278684120e-01                 	8.5302887588e-01                 
1.0330000000e-01	3.8377753275e+04	2.5035974183e-02                 	1.5477831287e-02                 	9.5581428954e-03                 	6.1822364787e-01                 	8.4370604295e-01                 
1.0420000000e-01	3.8046275559e+04	2.5036132973e-02                 	1.5521645635e-02                 	9.5144873378e-03                 	6.1996977137e-01                 	8.4032395329e-01                 
1.0510000000e-01	3.7720474912e+04	2.5036287298e-02                 	1.5550522954e-02                 	9.4857643444e-03                 	6.2111936840e-01                 	8.3779901634e-01                 
1.0600000000e-01	3.7400206729e+04	2.5036439771e-02                 	1.5571935119e-02                 	9.4645046511e-03                 	6.2197082581e-01                 	8.3563415312e-01                 
1.0690000000e-01	3.7085331275e+04	2.5036579946e-02                 	1.5558329162e-02                 	9.4782507845e-03                 	6.2142390036e-01                 	8.3552698678e-01                 
1.0780000000e-01	3.6775713481e+04	2.5036713346e-02                 	1.5533657598e-02                 	9.5030557482e-03                 	6.2043517387e-01                 	8.3612505320e-01                 
1.0880000000e-01	3.6437701409e+04	2.5036850698e-02                 	1.5488146918e-02                 	9.5487037796e-03                 	6.1861402239e-01                 	8.3802097789e-01                 
1.0970000000e-01	3.6138759465e+04	2.5036962858e-02                 	1.5421170044e-02                 	9.6157928133e-03                 	6.1593613139e-01                 	8.4126480136e-01                 
1.1070000000e-01	3.5812302740e+04	2.5037069723e-02                 	1.5309131020e-02                 	9.7279387031e-03                 	6.1145857679e-01                 	8.4746832243e-01                 
1.1170000000e-01	3.5491691256e+04	2.5037166163e-02                 	1.5174632561e-02                 	9.8625336020e-03                 	6.0608426937e-01                 	8.5545063006e-01                 
1.1270000000e-01	3.5176769417e+04	2.5037254634e-02                 	1.5017677642e-02                 	1.0019576992e-02                 	5.9981327271e-01                 	8.6529777901e-01                 
1.1370000000e-01	3.4867387100e+04	2.5037332368e-02                 	1.4831323985e-02                 	1.0206008383e-02                 	5.9236837882e-01                 	8.7772556064e-01                 
1.1430000000e-01	3.4684356197e+04	2.5037380040e-02                 	1.4735369735e-02                 	1.0302010306e-02                 	5.8853481118e-01                 	8.8451700981e-01                 
1.1450000000e-01	3.4623772168e+04	2.5037382752e-02                 	1.4677766775e-02                 	1.0359615977e-02                 	5.8623406928e-01                 	8.8877298656e-01                 
1.1480000000e-01	3.4533291928e+04	2.5037415394e-02                 	1.4700216443e-02                 	1.0337198951e-02                 	5.8712994979e-01                 	8.8836432367e-01                 
1.1530000000e-01	3.4383537843e+04	2.5037509585e-02                 	1.4853173916e-02                 	1.0184335669e-02                 	5.9323687388e-01                 	8.7999738652e-01                 
1.1590000000e-01	3.4205538510e+04	2.5037633361e-02                 	1.5047225631e-02                 	9.9904077299e-03                 	6.0098434282e-01                 	8.6898532356e-01                 
1.1640000000e-01	3.4058607502e+04	2.5037784150e-02                 	1.5352238798e-02                 	9.6855453517e-03                 	6.1316283846e-01                 	8.5117653786e-01                 
1.1700000000e-01	3.3883947977e+04	2.5037989881e-02                 	1.5736242123e-02                 	9.3017477581e-03                 	6.2849462747e-01                 	8.2850866208e-01                 
1.1750000000e-01	3.3739760964e+04	2.5038225429e-02                 	1.6159282778e-02                 	8.8789426510e-03                 	6.4538450713e-01                 	8.0325030989e-01                 
1.1810000000e-01	3.3568348123e+04	2.5038436640e-02                 	1.6382197232e-02                 	8.6562394074e-03                 	6.5428195330e-01                 	7.8882150698e-01                 
1.1860000000e-01	3.3426828948e+04	2.5038588336e-02                 	1.6486166394e-02                 	8.5524219420e-03                 	6.5843034651e-01                 	7.8102239793e-01                 
1.1920000000e-01	3.3258573098e+04	2.5038708465e-02                 	1.6512180957e-02                 	8.5265275075e-03                 	6.5946616138e-01                 	7.7763209365e-01                 
1.1960000000e-01	3.3147340412e+04	2.5038765449e-02                 	1.6503164875e-02                 	8.5356005744e-03                 	6.5910457560e-01                 	7.7694162343e-01                 
1.1980000000e-01	3.3092002615e+04	2.5038774500e-02                 	1.6465497515e-02                 	8.5732769856e-03                 	6.5759997617e-01                 	7.7822070427e-01                 
1.2040000000e-01	3.2927092303e+04	2.5038775360e-02                 	1.6324537494e-02                 	8.7142378654e-03                 	6.5197028448e-01                 	7.8457883569e-01                 
1.2100000000e-01	3.2763817465e+04	2.5038762868e-02                 	1.6173652120e-02                 	8.8651107475e-03                 	6.4594453831e-01                 	7.9213182709e-01                 
1.2150000000e-01	3.2628986941e+04	2.5038744118e-02                 	1.6034986151e-02                 	9.0037579673e-03                 	6.4040696590e-01                 	7.9948426146e-01                 
1.2270000000e-01	3.2309877044e+04	2.5038769401e-02                 	1.5813194182e-02                 	9.2255752185e-03                 	6.3154837720e-01                 	8.1179771297e-01                 
1.2400000000e-01	3.1971144462e+04	2.5038839664e-02                 	1.5626300218e-02                 	9.4125394462e-03                 	6.2408244262e-01                 	8.2270842612e-01                 
1.2520000000e-01	3.1664711767e+04	2.5038921718e-02                 	1.5472940733e-02                 	9.5659809853e-03                 	6.1795555364e-01                 	8.3196916096e-01                 
1.2650000000e-01	3.1339303662e+04	2.5039033333e-02                 	1.5329119740e-02                 	9.7099135932e-03                 	6.1220892740e-01                 	8.4092168228e-01                 
1.2780000000e-01	3.1020515753e+04	2.5039160997e-02                 	1.5201294204e-02                 	9.8378667936e-03                 	6.0710078126e-01                 	8.4907123487e-01                 
1.2910000000e-01	3.0708148050e+04	2.5039292717e-02                 	1.5086396773e-02                 	9.9528959444e-03                 	6.0250890244e-01                 	8.5650408537e-01                 
1.3050000000e-01	3.0378711979e+04	2.5039449097e-02                 	1.4983702702e-02                 	1.0055746395e-02                 	5.9840384843e-01                 	8.6326302279e-01                 
1.3190000000e-01	3.0056269244e+04	2.5039612277e-02                 	1.4895757284e-02                 	1.0143854993e-02                 	5.9488769711e-01                 	8.6912086845e-01                 
1.3330000000e-01	2.9740599499e+04	2.5039781508e-02                 	1.4818082730e-02                 	1.0221698778e-02                 	5.9178163059e-01                 	8.7434651280e-01                 
1.3480000000e-01	2.9409658110e+04	2.5039966572e-02                 	1.4752160436e-02                 	1.0287806137e-02                 	5.8914457386e-01                 	8.7881372363e-01                 
1.3620000000e-01	2.9107356191e+04	2.5040141537e-02                 	1.4691429997e-02                 	1.0348711540e-02                 	5.8671513400e-01                 	8.8295249827e-01                 
1.3780000000e-01	2.8769389792e+04	2.5040343168e-02                 	1.4635407794e-02                 	1.0404935374e-02                 	5.8447313184e-01                 	8.8678856288e-01                 
1.3930000000e-01	2.8459597367e+04	2.5040533026e-02                 	1.4584026419e-02                 	1.0456506607e-02                 	5.8241677219e-01                 	8.9031878597e-01                 
1.4090000000e-01	2.8136422380e+04	2.5040735861e-02                 	1.4537241011e-02                 	1.0503494851e-02                 	5.8054368254e-01                 	8.9354303869e-01                 
1.4250000000e-01	2.7820504655e+04	2.5040938646e-02                 	1.4491815789e-02                 	1.0549122857e-02                 	5.7872494293e-01                 	8.9667997952e-01                 
1.4420000000e-01	2.7492523670e+04	2.5041153772e-02                 	1.4451048535e-02                 	1.0590105238e-02                 	5.7709196094e-01                 	8.9950143536e-01                 
1.4590000000e-01	2.7172185835e+04	2.5041431360e-02                 	1.4683136498e-02                 	1.0358294862e-02                 	5.8635372263e-01                 	8.9660384058e-01                 
1.4760000000e-01	2.6859227055e+04	2.5040818166e-02                 	2.2224840831e-02                 	2.8159773344e-03                 	8.8754451569e-01                 	7.7241482426e-01                 
1.4940000000e-01	2.6535621909e+04	2.5042297324e-02                 	2.2256133518e-02                 	2.7861638062e-03                 	8.8874168491e-01                 	7.7592073838e-01                 
1.5120000000e-01	2.6219721649e+04	2.5041065742e-02                 	2.2289291768e-02                 	2.7517739739e-03                 	8.9010955036e-01                 	7.7966487953e-01                 
1.5310000000e-01	2.5894329936e+04	2.5040979835e-02                 	2.2316950351e-02                 	2.7240294844e-03                 	8.9121713678e-01                 	7.8240414275e-01                 
1.5500000000e-01	2.5576915570e+04	2.5043787932e-02                 	2.2348727784e-02                 	2.6950601482e-03                 	8.9238608171e-01                 	7.8540954494e-01                 
1.5900000000e-01	2.4933471153e+04	2.5043625417e-02                 	2.2402483476e-02                 	2.6411419412e-03                 	8.9453835468e-01                 	7.9038389511e-01                 
1.6310000000e-01	2.4306694747e+04	2.5045453028e-02                 	2.2461832043e-02                 	2.5836209852e-03                 	8.9684271304e-01                 	7.9527764732e-01                 
1.6750000000e-01	2.3668190527e+04	2.5043385510e-02                 	2.2508491449e-02                 	2.5348940611e-03                 	8.9877989698e-01                 	7.9924016020e-01                 
1.7220000000e-01	2.3022194618e+04	2.5042582849e-02                 	2.2562908840e-02                 	2.4796740095e-03                 	9.0098169888e-01                 	8.0294853328e-01                 
1.7710000000e-01	2.2385216902e+04	2.5046457103e-02                 	2.2615569272e-02                 	2.4308878307e-03                 	9.0294484283e-01                 	8.0607532434e-01                 
1.8370000000e-01	2.1580957612e+04	2.5044055738e-02                 	2.2684278900e-02                 	2.3597768380e-03                 	9.0577497261e-01                 	8.0950648382e-01                 
1.8510000000e-01	2.1417730488e+04	2.5047993119e-02                 	2.2698525166e-02                 	2.3494679525e-03                 	9.0620134949e-01                 	8.0967830501e-01                 
1.8546700000e-01	2.1375349325e+04	2.5045899996e-02                 	2.2697260150e-02                 	2.3486398460e-03                 	9.0622657415e-01                 	8.1000946272e-01                 
1.9358300000e-01	2.0479184191e+04	2.5045311886e-02                 	2.2766532913e-02                 	2.2787789725e-03                 	9.0901375144e-01                 	8.1268712349e-01                 
1.9800000000e-01	2.0022332895e+04	2.5045214756e-02                 	2.2801242673e-02                 	2.2439720835e-03                 	9.1040316063e-01                 	8.1429558940e-01                 
2.0006000000e-01	1.9816164717e+04	2.5046243264e-02                 	2.2814424528e-02                 	2.2318187361e-03                 	9.1089207621e-01                 	8.1459908781e-01                 
2.0255000000e-01	1.9572559434e+04	2.5048648210e-02                 	2.2835632168e-02                 	2.2130160415e-03                 	9.1165127863e-01                 	8.1521040287e-01                 
2.0444800000e-01	1.9390856909e+04	2.5047628050e-02                 	2.2847086051e-02                 	2.2005419987e-03                 	9.1214569323e-01                 	8.1568609131e-01                 
2.1107000000e-01	1.8782498286e+04	2.5046758501e-02                 	2.2887329826e-02                 	2.1594286754e-03                 	9.1378410602e-01                 	8.1717096480e-01                 
2.1443900000e-01	1.8487410934e+04	2.5069218019e-02                 	2.2928723199e-02                 	2.1404948195e-03                 	9.1461660998e-01                 	8.1807393721e-01                 
2.1946200000e-01	1.8064274969e+04	2.5061070226e-02                 	2.2950110701e-02                 	2.1109595246e-03                 	9.1576738321e-01                 	8.1883547064e-01                 
2.2650300000e-01	1.7502734680e+04	2.5040052609e-02                 	2.2965082265e-02                 	2.0749703438e-03                 	9.1713394631e-01                 	8.1983253308e-01                 
2.3100000000e-01	1.7161999625e+04	2.5063887280e-02                 	2.3009215759e-02                 	2.0546715205e-03                 	9.1802263162e-01                 	8.2079475809e-01                 
2.3128800000e-01	1.7140629489e+04	2.5050143406e-02                 	2.2995335212e-02                 	2.0548081946e-03                 	9.1797219835e-01                 	8.2070109101e-01                 
2.4279600000e-01	1.6328201096e+04	2.5049141618e-02                 	2.3038091193e-02                 	2.0110504243e-03                 	9.1971579486e-01                 	8.2216425228e-01                 
2.5032900000e-01	1.5836846363e+04	2.5047919897e-02                 	2.3062346834e-02                 	1.9855730638e-03                 	9.2072902373e-01                 	8.2281432763e-01                 
2.5730400000e-01	1.5407540937e+04	2.5051042299e-02                 	2.3090296305e-02                 	1.9607459938e-03                 	9.2172996355e-01                 	8.2352284315e-01                 
2.6315500000e-01	1.5064968985e+04	2.5052654818e-02                 	2.3115683853e-02                 	1.9369709654e-03                 	9.2268400377e-01                 	8.2469161072e-01                 
2.7486700000e-01	1.4423055199e+04	2.5051552637e-02                 	2.3141830941e-02                 	1.9097216952e-03                 	9.2376832993e-01                 	8.2510478763e-01                 
2.9135800000e-01	1.3606703483e+04	2.5052013220e-02                 	2.3177726368e-02                 	1.8742868520e-03                 	9.2518418238e-01                 	8.2686441715e-01                 
3.0341200000e-01	1.3066134211e+04	2.5056274453e-02                 	2.3200557825e-02                 	1.8557166286e-03                 	9.2593804669e-01                 	8.2674788524e-01                 
3.1227900000e-01	1.2695128117e+04	2.5061877641e-02                 	2.3224197936e-02                 	1.8376797056e-03                 	9.2667430063e-01                 	8.2810374620e-01                 
3.2525300000e-01	1.2188732812e+04	2.5058618451e-02                 	2.3235240523e-02                 	1.8233779288e-03                 	9.2723549655e-01                 	8.2869408493e-01                 
3.4000000000e-01	1.1660064451e+04	2.5058549671e-02                 	2.3250126544e-02                 	1.8084231273e-03                 	9.2783209120e-01                 	8.2949209180e-01                 
3.4036500000e-01	1.1647560452e+04	2.5065849197e-02                 	2.3257947148e-02                 	1.8079020490e-03                 	9.2787389588e-01                 	8.2946613313e-01                 
3.5868000000e-01	1.1052810063e+04	2.5063846334e-02                 	2.3264245284e-02                 	1.7996010498e-03                 	9.2819932640e-01                 	8.3020559605e-01                 
3.9400000000e-01	1.0061984551e+04	2.5072709805e-02                 	2.3283901194e-02                 	1.7888086112e-03                 	9.2865515435e-01                 	8.3153941152e-01                 
3.9684800000e-01	9.9897742039e+03	2.5074101961e-02                 	2.3286406938e-02                 	1.7876950229e-03                 	9.2870352742e-01                 	8.3139901509e-01                 
4.0465600000e-01	9.7970174995e+03	2.5065216854e-02                 	2.3276633194e-02                 	1.7885836604e-03                 	9.2864280126e-01                 	8.3188314445e-01                 
4.1017400000e-01	9.6652199147e+03	2.5067378565e-02                 	2.3279199885e-02                 	1.7881786800e-03                 	9.2866511050e-01                 	8.3210024918e-01                 
4.3400000000e-01	9.1346127034e+03	2.5075617319e-02                 	2.3284161746e-02                 	1.7914555728e-03                 	9.2855786759e-01                 	8.3295812789e-01                 
4.3404700000e-01	9.1336235783e+03	2.5073684405e-02                 	2.3281174873e-02                 	1.7925095315e-03                 	9.2851032570e-01                 	8.3249307943e-01                 
4.3583400000e-01	9.0961740325e+03	2.5068234569e-02                 	2.3276204779e-02                 	1.7920297899e-03                 	9.2851392128e-01                 	8.3274819468e-01                 
4.6781500000e-01	8.4743368923e+03	2.5070078697e-02                 	2.3263206602e-02                 	1.8068720944e-03                 	9.2792714709e-01                 	8.3353022502e-01                 
4.7999100000e-01	8.2593671825e+03	2.5067516617e-02                 	2.3252425610e-02                 	1.8150910065e-03                 	9.2759190971e-01                 	8.3379897017e-01                 
4.8613300000e-01	8.1550150129e+03	2.5081457410e-02                 	2.3263976112e-02                 	1.8174812982e-03                 	9.2753685448e-01                 	8.3406289359e-01                 
5.0800000000e-01	7.8039801442e+03	2.5083165619e-02                 	2.3250720246e-02                 	1.8324453731e-03                 	9.2694521095e-01                 	8.3472929621e-01                 
5.0858200000e-01	7.7950495953e+03	2.5068057364e-02                 	2.3237764620e-02                 	1.8302927442e-03                 	9.2698705298e-01                 	8.3439635415e-01                 
5.1836200000e-01	7.6479794300e+03	2.5068839015e-02                 	2.3229431582e-02                 	1.8394074338e-03                 	9.2662574311e-01                 	8.3446625480e-01                 
5.3385000000e-01	7.4260970559e+03	2.5081670596e-02                 	2.3227988578e-02                 	1.8536820172e-03                 	9.2609415668e-01                 	8.3508628102e-01                 
5.4607200000e-01	7.2598886471e+03	2.5073767845e-02                 	2.3207438642e-02                 	1.8663292034e-03                 	9.2556646393e-01                 	8.3536925420e-01                 
5.7906600000e-01	6.8462349944e+03	2.5085305485e-02                 	2.3188518904e-02                 	1.8967865811e-03                 	9.2438654645e-01                 	8.3591848122e-01                 
5.8756300000e-01	6.7472286602e+03	2.5082021578e-02                 	2.3173417504e-02                 	1.9086040736e-03                 	9.2390549272e-01                 	8.3646310172e-01                 
5.8929000000e-01	6.7274549259e+03	2.5081341913e-02                 	2.3173495931e-02                 	1.9078459822e-03                 	9.2393365599e-01                 	8.3622328582e-01                 
5.8930000000e-01	6.7273407658e+03	2.5080023238e-02                 	2.3169456493e-02                 	1.9105667448e-03                 	9.2382117326e-01                 	8.3625197085e-01                 
6.2782000000e-01	6.3145836598e+03	2.5082370521e-02                 	2.3128070419e-02                 	1.9543001017e-03                 	9.2208471284e-01                 	8.3692518367e-01                 
6.4384700000e-01	6.1573975079e+03	2.5096187500e-02                 	2.3123064167e-02                 	1.9731233333e-03                 	9.2137756648e-01                 	8.3740806044e-01                 
6.5627800000e-01	6.0407661285e+03	2.5089970902e-02                 	2.3100090164e-02                 	1.9898807381e-03                 	9.2069019347e-01                 	8.3773713298e-01                 
6.6781500000e-01	5.9364074082e+03	2.5080600033e-02                 	2.3073455661e-02                 	2.0071443722e-03                 	9.1997223473e-01                 	8.3814369593e-01                 
6.7078600000e-01	5.9101142738e+03	2.5097207520e-02                 	2.3084854924e-02                 	2.0123525960e-03                 	9.1981766918e-01                 	8.3819951709e-01                 
7.0652000000e-01	5.6111955971e+03	2.5084929405e-02                 	2.3026031321e-02                 	2.0588980834e-03                 	9.1792290701e-01                 	8.3868135075e-01                 
7.2813500000e-01	5.4446248474e+03	2.5106054468e-02                 	2.3014321538e-02                 	2.0917329300e-03                 	9.1668412364e-01                 	8.3944404996e-01                 
7.6649400000e-01	5.1721499624e+03	2.5095861101e-02                 	2.2942710889e-02                 	2.1531502122e-03                 	9.1420297540e-01                 	8.4032586074e-01                 
7.6800000000e-01	5.1620076996e+03	2.5107533573e-02                 	2.2951104814e-02                 	2.1564287586e-03                 	9.1411228218e-01                 	8.4028897204e-01                 
7.9476300000e-01	4.9881812733e+03	2.5096541266e-02                 	2.2900190781e-02                 	2.1963504851e-03                 	9.1248393706e-01                 	8.4054233180e-01                 
8.3250000000e-01	4.7620683643e+03	2.5091065641e-02                 	2.2828896520e-02                 	2.2621691212e-03                 	9.0984164828e-01                 	8.4139994792e-01                 
8.4467000000e-01	4.6934565135e+03	2.5095272309e-02                 	2.2814277010e-02                 	2.2809952996e-03                 	9.0910657308e-01                 	8.4176862739e-01                 
9.9140000000e-01	3.9988116938e+03	2.5106456907e-02                 	2.2552881845e-02                 	2.5535750626e-03                 	8.9829010632e-01                 	8.4495676617e-01                 
1.0000000000e+00	3.9644219133e+03	2.5107285532e-02                 	2.2536127878e-02                 	2.5711576537e-03                 	8.9759316472e-01                 	8.4512565289e-01                 
1.0140600000e+00	3.9094549763e+03	2.5114300283e-02                 	2.2512341652e-02                 	2.6019586306e-03                 	8.9639533647e-01                 	8.4586299896e-01                 
1.0830300000e+00	3.6604913191e+03	2.5118721989e-02                 	2.2375677648e-02                 	2.7430443409e-03                 	8.9079681912e-01                 	8.4747515004e-01                 
1.1592000000e+00	3.4199636933e+03	2.5113175741e-02                 	2.2205915896e-02                 	2.9072598455e-03                 	8.8423368373e-01                 	8.4939055615e-01                 
1.2000000000e+00	3.3036849277e+03	2.5144289418e-02                 	2.2148199938e-02                 	2.9960894801e-03                 	8.8084413800e-01                 	8.5031949381e-01                 
1.3000000000e+00	3.0495553179e+03	2.5127819336e-02                 	2.1896972986e-02                 	3.2308463502e-03                 	8.7142352836e-01                 	8.5316974105e-01                 
1.3070000000e+00	3.0332225809e+03	2.5147872340e-02                 	2.1901020116e-02                 	3.2468522248e-03                 	8.7088958538e-01                 	8.5351904525e-01                 
1.3958000000e+00	2.8402506901e+03	2.5147466274e-02                 	2.1685791126e-02                 	3.4616751475e-03                 	8.6234497305e-01                 	8.5590818841e-01                 
1.4000000000e+00	2.8317299381e+03	2.5140514524e-02                 	2.1670803089e-02                 	3.4697114353e-03                 	8.6198725440e-01                 	8.5590463231e-01                 
1.4792000000e+00	2.6801121642e+03	2.5141238186e-02                 	2.1471306664e-02                 	3.6699315229e-03                 	8.5402741521e-01                 	8.5825629110e-01                 
1.5296100000e+00	2.5917860849e+03	2.5159916070e-02                 	2.1361288503e-02                 	3.7986275674e-03                 	8.4902065822e-01                 	8.5983078144e-01                 
1.5414000000e+00	2.5719617966e+03	2.5129407265e-02                 	2.1307694832e-02                 	3.8217124325e-03                 	8.4791871960e-01                 	8.5956897669e-01                 
1.6000000000e+00	2.4777636958e+03	2.5165631443e-02                 	2.1185563508e-02                 	3.9800679351e-03                 	8.4184509957e-01                 	8.6196492213e-01                 
1.6815000000e+00	2.3576698860e+03	2.5169854597e-02                 	2.0971573769e-02                 	4.1982808285e-03                 	8.3320202299e-01                 	8.6437670238e-01                 
1.7614000000e+00	2.2507221036e+03	2.5173956146e-02                 	2.0763678416e-02                 	4.4102777300e-03                 	8.2480792036e-01                 	8.6688844694e-01                 
1.8000000000e+00	2.2024566185e+03	2.5152896843e-02                 	2.0634540136e-02                 	4.5183567067e-03                 	8.2036436062e-01                 	8.6806153231e-01                 
1.9457000000e+00	2.0375298932e+03	2.5160225243e-02                 	2.0236396980e-02                 	4.9238282626e-03                 	8.0430110561e-01                 	8.7255441072e-01                 
2.0531000000e+00	1.9309443833e+03	2.5193556947e-02                 	1.9968704121e-02                 	5.2248528264e-03                 	7.9261154598e-01                 	8.7639784921e-01                 
2.0582000000e+00	1.9261597091e+03	2.5198990030e-02                 	1.9954905523e-02                 	5.2440845077e-03                 	7.9189306788e-01                 	8.7668537427e-01                 
2.3000000000e+00	1.7236617014e+03	2.5203459268e-02                 	1.9271932917e-02                 	5.9315263512e-03                 	7.6465427670e-01                 	8.8459599755e-01                 
2.5000000000e+00	1.5857687653e+03	2.5168646759e-02                 	1.8659676300e-02                 	6.5089704583e-03                 	7.4138575980e-01                 	8.9143963190e-01                 
2.6000000000e+00	1.5247776590e+03	2.5194794890e-02                 	1.8402600041e-02                 	6.7921948495e-03                 	7.3041277458e-01                 	8.9487017517e-01                 
3.0000000000e+00	1.3214739711e+03	2.5200050701e-02                 	1.7317912986e-02                 	7.8821377152e-03                 	6.8721738664e-01                 	9.0837241194e-01                 
3.5000000000e+00	1.1326919752e+03	2.5267685939e-02                 	1.6179761469e-02                 	9.0879244697e-03                 	6.4033412115e-01                 	9.2430939101e-01                 
4.0000000000e+00	9.9110547832e+02	2.5247341390e-02                 	1.5197517224e-02                 	1.0049824167e-02                 	6.0194524995e-01                 	9.3753478553e-01                 
4.2000000000e+00	9.4390997935e+02	2.5259152180e-02                 	1.4897859695e-02                 	1.0361292485e-02                 	5.8980046474e-01                 	9.4228802295e-01                 
4.4000000000e+00	9.0100498029e+02	2.5280913250e-02                 	1.4651393162e-02                 	1.0629520088e-02                 	5.7954366668e-01                 	9.4650164492e-01                 
4.6000000000e+00	8.6183085071e+02	2.5300849944e-02                 	1.4441089743e-02                 	1.0859760201e-02                 	5.7077488603e-01                 	9.5045519598e-01                 
4.8000000000e+00	8.2592123193e+02	2.5313905289e-02                 	1.4257335132e-02                 	1.1056570157e-02                 	5.6322147726e-01                 	9.5401778831e-01                 
5.0000000000e+00	7.9288438266e+02	2.5305989032e-02                 	1.4085655275e-02                 	1.1220333757e-02                 	5.5661350589e-01                 	9.5723703447e-01                 
5.2000000000e+00	7.6238882948e+02	2.5318673992e-02                 	1.3959024931e-02                 	1.1359649060e-02                 	5.5133317550e-01                 	9.6025526483e-01                 
5.4000000000e+00	7.3415220616e+02	2.5307238277e-02                 	1.3829926526e-02                 	1.1477311752e-02                 	5.4648106499e-01                 	9.6312546483e-01                 
5.6000000000e+00	7.0793248451e+02	2.5325017298e-02                 	1.3745929041e-02                 	1.1579088257e-02                 	5.4278063779e-01                 	9.6602164374e-01                 
5.8000000000e+00	6.8352101953e+02	2.5340452293e-02                 	1.3669132539e-02                 	1.1671319753e-02                 	5.3941943820e-01                 	9.6901596587e-01                 
6.0000000000e+00	6.6073698555e+02	2.5334189603e-02                 	1.3578271834e-02                 	1.1755917768e-02                 	5.3596629879e-01                 	9.7198619631e-01                 
6.1000000000e+00	6.4990523168e+02	2.5345387815e-02                 	1.3530980465e-02                 	1.1814407350e-02                 	5.3386361904e-01                 	9.7379897599e-01                 
6.2000000000e+00	6.3942288924e+02	2.5352381965e-02                 	1.3488013723e-02                 	1.1864368243e-02                 	5.3202155683e-01                 	9.7547942871e-01                 
6.3000000000e+00	6.2927331957e+02	2.5354330159e-02                 	1.3442389357e-02                 	1.1911940802e-02                 	5.3018120663e-01                 	9.7726241784e-01                 
6.4000000000e+00	6.1944092395e+02	2.5357459517e-02                 	1.3400230192e-02                 	1.1957229325e-02                 	5.2845318292e-01                 	9.7906797013e-01                 
6.5000000000e+00	6.0991106358e+02	2.5359854377e-02                 	1.3355610136e-02                 	1.2004244240e-02                 	5.2664380236e-01                 	9.8100846659e-01                 
6.6000000000e+00	6.0066998686e+02	2.5362113337e-02                 	1.3309732932e-02                 	1.2052380405e-02                 	5.2478800783e-01                 	9.8298491847e-01                 
6.7000000000e+00	5.9170476318e+02	2.5366572323e-02                 	1.3263699352e-02                 	1.2102872971e-02                 	5.2288102560e-01                 	9.8500037704e-01                 
6.8000000000e+00	5.8300322254e+02	2.5369488217e-02                 	1.3207771102e-02                 	1.2161717115e-02                 	5.2061637937e-01                 	9.8723461165e-01                 
6.9000000000e+00	5.7455390048e+02	2.5372430952e-02                 	1.3144442315e-02                 	1.2227988637e-02                 	5.1806002901e-01                 	9.8956132399e-01                 
7.0000000000e+00	5.6634598761e+02	2.5374685669e-02                 	1.3068493336e-02                 	1.2306192334e-02                 	5.1502089547e-01                 	9.9202339876e-01                 
7.0500000000e+00	5.6232934940e+02	2.5375341445e-02                 	1.3025026410e-02                 	1.2350315035e-02                 	5.1329462654e-01                 	9.9326947170e-01                 
7.1000000000e+00	5.5836928356e+02	2.5375270288e-02                 	1.2975841908e-02                 	1.2399428380e-02                 	5.1135778105e-01                 	9.9453313720e-01                 
7.1500000000e+00	5.5446460326e+02	2.5373935350e-02                 	1.2923008022e-02                 	1.2450927328e-02                 	5.0930247293e-01                 	9.9571769693e-01                 
7.2000000000e+00	5.5061415462e+02	2.5369396481e-02                 	1.2857644882e-02                 	1.2511751599e-02                 	5.0681713661e-01                 	9.9693867811e-01                 
7.2500000000e+00	5.4681681562e+02	2.5356097995e-02                 	1.2778562835e-02                 	1.2577535160e-02                 	5.0396408932e-01                 	9.9806353919e-01                 
7.3000000000e+00	5.4307149497e+02	2.5301378119e-02                 	1.2669944161e-02                 	1.2631433958e-02                 	5.0076102974e-01                 	9.9902256355e-01                 
7.3500000000e+00	5.3937713106e+02	2.4991953591e-02                 	1.2455912383e-02                 	1.2536041208e-02                 	4.9839690753e-01                 	9.9947260095e-01                 
7.4000000000e+00	5.3573269098e+02	2.5011103630e-02                 	1.2784931819e-02                 	1.2226171811e-02                 	5.1117023896e-01                 	9.9831382288e-01                 
7.4500000000e+00	5.3213716957e+02	2.5109955354e-02                 	1.3306103157e-02                 	1.1803852196e-02                 	5.2991345345e-01                 	9.9402544849e-01                 
7.5000000000e+00	5.2858958844e+02	2.5166735379e-02                 	1.3845388224e-02                 	1.1321347154e-02                 	5.5014637441e-01                 	9.8611983429e-01                 
7.5500000000e+00	5.2508899514e+02	2.5204348983e-02                 	1.4400937596e-02                 	1.0803411387e-02                 	5.7136717181e-01                 	9.7459120166e-01                 
7.6000000000e+00	5.2163446227e+02	2.5232086113e-02                 	1.4971009514e-02                 	1.0261076599e-02                 	5.9333221389e-01                 	9.5955156923e-01                 
7.6500000000e+00	5.1822508670e+02	2.5253963453e-02                 	1.5549914850e-02                 	9.7040486030e-03                 	6.1574155990e-01                 	9.4126117510e-01                 
7.7000000000e+00	5.1485998874e+02	2.5272087714e-02                 	1.6135688793e-02                 	9.1363989204e-03                 	6.3847866373e-01                 	9.1994309770e-01                 
7.7500000000e+00	5.1153831139e+02	2.5287671366e-02                 	1.6727121479e-02                 	8.5605498862e-03                 	6.6147338114e-01                 	8.9579422921e-01                 
7.8000000000e+00	5.0825921965e+02	2.5301420774e-02                 	1.7323922701e-02                 	7.9774980730e-03                 	6.8470157687e-01                 	8.6900812322e-01                 
7.8500000000e+00	5.0502189978e+02	2.5313819946e-02                 	1.7930249399e-02                 	7.3835705470e-03                 	7.0831859582e-01                 	8.3960302693e-01                 
7.9000000000e+00	5.0182555864e+02	2.5323809360e-02                 	1.8403953123e-02                 	6.9198562367e-03                 	7.2674505094e-01                 	8.1405891560e-01                 
7.9500000000e+00	4.9866942305e+02	2.5335757964e-02                 	1.9209256565e-02                 	6.1265013994e-03                 	7.5818756210e-01                 	7.7197674598e-01                 
7.9526000000e+00	4.9850638952e+02	2.5350290593e-02                 	1.8944140761e-02                 	6.4061498323e-03                 	7.4729481665e-01                 	7.5902179348e-01                 
7.9898400000e+00	4.9618289143e+02	2.5357337194e-02                 	1.8908498434e-02                 	6.4488387602e-03                 	7.4568154729e-01                 	7.5252877918e-01                 
8.0274200000e+00	4.9386003389e+02	2.5363889453e-02                 	1.8832898563e-02                 	6.5309908895e-03                 	7.4250830490e-01                 	7.4948160292e-01                 
8.0654300000e+00	4.9153261677e+02	2.5369952230e-02                 	1.8747066605e-02                 	6.6228856248e-03                 	7.3894765095e-01                 	7.4830862079e-01                 
8.1037300000e+00	4.8920952614e+02	2.5375706143e-02                 	1.8667921240e-02                 	6.7077849027e-03                 	7.3566115303e-01                 	7.4778683435e-01                 
8.1423900000e+00	4.8688676338e+02	2.5381161636e-02                 	1.8589402653e-02                 	6.7917589835e-03                 	7.3240945073e-01                 	7.4792348527e-01                 
8.1814300000e+00	4.8456344591e+02	2.5386264100e-02                 	1.8519534363e-02                 	6.8667297371e-03                 	7.2951003306e-01                 	7.4826215341e-01                 
8.2209100000e+00	4.8223638421e+02	2.5391151384e-02                 	1.8477590219e-02                 	6.9135611653e-03                 	7.2771769737e-01                 	7.4780255031e-01                 
8.2607100000e+00	4.7991297519e+02	2.5395902219e-02                 	1.8454039482e-02                 	6.9418627360e-03                 	7.2665421861e-01                 	7.4682644178e-01                 
8.3008900000e+00	4.7758998291e+02	2.5400420507e-02                 	1.8450104300e-02                 	6.9503162064e-03                 	7.2637003373e-01                 	7.4529343594e-01                 
8.3414700000e+00	4.7526657931e+02	2.5404933210e-02                 	1.8497209101e-02                 	6.9077241090e-03                 	7.2809516751e-01                 	7.4175644678e-01                 
8.3824400000e+00	4.7294366715e+02	2.5409652176e-02                 	1.8574602499e-02                 	6.8350496767e-03                 	7.3100577570e-01                 	7.3698623712e-01                 
8.4238900000e+00	4.7061653384e+02	2.5414448085e-02                 	1.8674508634e-02                 	6.7399394512e-03                 	7.3479890539e-01                 	7.3138853017e-01                 
8.4656800000e+00	4.6829338143e+02	2.5419415692e-02                 	1.8817555006e-02                 	6.6018606862e-03                 	7.4028275212e-01                 	7.2411121939e-01                 
8.5078900000e+00	4.6597004819e+02	2.5424846696e-02                 	1.9000245714e-02                 	6.4246009826e-03                 	7.4731013880e-01                 	7.1525285559e-01                 
8.5505200000e+00	4.6364687917e+02	2.5430546143e-02                 	1.9202156543e-02                 	6.2283895993e-03                 	7.5508235001e-01                 	7.0578366252e-01                 
8.5936500000e+00	4.6131991800e+02	2.5436688217e-02                 	1.9462911790e-02                 	5.9737764276e-03                 	7.6515117154e-01                 	6.9418869510e-01                 
8.6371500000e+00	4.5899653396e+02	2.5443702212e-02                 	1.9781208960e-02                 	5.6624932519e-03                 	7.7745010515e-01                 	6.8057797218e-01                 
8.6810800000e+00	4.5667381400e+02	2.5451629154e-02                 	2.0132062678e-02                 	5.3195664761e-03                 	7.9099308559e-01                 	6.6609666383e-01                 
8.7254700000e+00	4.5435052934e+02	2.5460765011e-02                 	2.0548968889e-02                 	4.9117961219e-03                 	8.0708371804e-01                 	6.4971215892e-01                 
8.7703100000e+00	4.5202756952e+02	2.5472162609e-02                 	2.1004122116e-02                 	4.4680404926e-03                 	8.2459123863e-01                 	6.3252574691e-01                 
8.8157000000e+00	4.4970018413e+02	2.5486047292e-02                 	2.1373045188e-02                 	4.1130021034e-03                 	8.3861749701e-01                 	6.1876829687e-01                 
8.8614800000e+00	4.4737695208e+02	2.5502600106e-02                 	2.1607711216e-02                 	3.8948888895e-03                 	8.4727483185e-01                 	6.0964961183e-01                 
8.9077300000e+00	4.4505411741e+02	2.5522700301e-02                 	2.1621430257e-02                 	3.9012700444e-03                 	8.4714509051e-01                 	6.0728217580e-01                 
8.9544800000e+00	4.4273055647e+02	2.5544628923e-02                 	2.1300765370e-02                 	4.2438635529e-03                 	8.3386474058e-01                 	6.1481888833e-01                 
9.0017900000e+00	4.4040373229e+02	2.5563987854e-02                 	2.0765981106e-02                 	4.7980067487e-03                 	8.1231383867e-01                 	6.2911723624e-01                 
9.0495300000e+00	4.3808042111e+02	2.5576534547e-02                 	2.0167564498e-02                 	5.4089700486e-03                 	7.8851825924e-01                 	6.4623709797e-01                 
9.0977700000e+00	4.3575754424e+02	2.5579450054e-02                 	1.9581113635e-02                 	5.9983364193e-03                 	7.6550174431e-01                 	6.6424482905e-01                 
9.1465400000e+00	4.3343405411e+02	2.5574614295e-02                 	1.9065416368e-02                 	6.5091979272e-03                 	7.4548206858e-01                 	6.8122686391e-01                 
9.1958200000e+00	4.3111129984e+02	2.5566314885e-02                 	1.8643875380e-02                 	6.9224395047e-03                 	7.2923592877e-01                 	6.9592286929e-01                 
9.2457300000e+00	4.2878408879e+02	2.5556004322e-02                 	1.8277212566e-02                 	7.2787917563e-03                 	7.1518271539e-01                 	7.0939639496e-01                 
9.2961000000e+00	4.2646076454e+02	2.5544923677e-02                 	1.7954438547e-02                 	7.5904851305e-03                 	7.0285739639e-01                 	7.2196544225e-01                 
9.3470200000e+00	4.2413752333e+02	2.5534817982e-02                 	1.7690514407e-02                 	7.8443035749e-03                 	6.9279970665e-01                 	7.3267433171e-01                 
9.3985000000e+00	4.2181432285e+02	2.5524745308e-02                 	1.7452139664e-02                 	8.0726056437e-03                 	6.8373413539e-01                 	7.4269607207e-01                 
9.4506300000e+00	4.1948758054e+02	2.5514800715e-02                 	1.7223194127e-02                 	8.2916065883e-03                 	6.7502757788e-01                 	7.5282754923e-01                 
9.5032600000e+00	4.1716441656e+02	2.5506107382e-02                 	1.7017278701e-02                 	8.4888286809e-03                 	6.6718446866e-01                 	7.6239847750e-01                 
9.5564800000e+00	4.1484122954e+02	2.5497982237e-02                 	1.6828340795e-02                 	8.6696414421e-03                 	6.5998715657e-01                 	7.7147963322e-01                 
9.6103000000e+00	4.1251801851e+02	2.5490532773e-02                 	1.6637760279e-02                 	8.8527724949e-03                 	6.5270351257e-01                 	7.8110385911e-01                 
9.6648200000e+00	4.1019097234e+02	2.5484486463e-02                 	1.6456569578e-02                 	9.0279168852e-03                 	6.4574852633e-01                 	7.9069007443e-01                 
9.7198700000e+00	4.0786779178e+02	2.5479347049e-02                 	1.6285027161e-02                 	9.1943198877e-03                 	6.3914617317e-01                 	8.0009579218e-01                 
9.7755500000e+00	4.0554464079e+02	2.5475213877e-02                 	1.6101652907e-02                 	9.3735609699e-03                 	6.3205172624e-01                 	8.1059115357e-01                 
9.8318700000e+00	4.0322155534e+02	2.5473025007e-02                 	1.5926058934e-02                 	9.5469660730e-03                 	6.2521270754e-01                 	8.2105984609e-01                 
9.8888500000e+00	4.0089817454e+02	2.5471912901e-02                 	1.5769701322e-02                 	9.7022115793e-03                 	6.1910157211e-01                 	8.3063935367e-01                 
9.9465900000e+00	3.9857095882e+02	2.5471584917e-02                 	1.5618017568e-02                 	9.8535673492e-03                 	6.1315452567e-01                 	8.4015759703e-01                 
1.0004900000e+01	3.9624802979e+02	2.5472429198e-02                 	1.5476793049e-02                 	9.9956361487e-03                 	6.0758999187e-01                 	8.4923129362e-01                 
1.0063900000e+01	3.9392501051e+02	2.5473665649e-02                 	1.5365598092e-02                 	1.0108067557e-02                 	6.0319540595e-01                 	8.5648571615e-01                 
1.0123600000e+01	3.9160199072e+02	2.5475011645e-02                 	1.5261383316e-02                 	1.0213628329e-02                 	5.9907267280e-01                 	8.6335649856e-01                 
1.0184100000e+01	3.8927562703e+02	2.5476806339e-02                 	1.5164822857e-02                 	1.0311983482e-02                 	5.9524033959e-01                 	8.6979902424e-01                 
1.0245200000e+01	3.8695407735e+02	2.5478636414e-02                 	1.5092697927e-02                 	1.0385938487e-02                 	5.9236678453e-01                 	8.7465569456e-01                 
1.0307200000e+01	3.8462646628e+02	2.5480314725e-02                 	1.5024423770e-02                 	1.0455890954e-02                 	5.8964828075e-01                 	8.7926776955e-01                 
1.0369800000e+01	3.8230456839e+02	2.5482216420e-02                 	1.4952446992e-02                 	1.0529769428e-02                 	5.8677968768e-01                 	8.8415607978e-01                 
1.0433200000e+01	3.7998139720e+02	2.5484198641e-02                 	1.4897768673e-02                 	1.0586429968e-02                 	5.8458846923e-01                 	8.8789862582e-01                 
1.0497400000e+01	3.7765750693e+02	2.5486046741e-02                 	1.4846561166e-02                 	1.0639485576e-02                 	5.8253684129e-01                 	8.9140766976e-01                 
1.0562400000e+01	3.7533343873e+02	2.5488027844e-02                 	1.4788014980e-02                 	1.0700012864e-02                 	5.8019455530e-01                 	8.9542293017e-01                 
1.0628200000e+01	3.7300972067e+02	2.5490114770e-02                 	1.4742772887e-02                 	1.0747341883e-02                 	5.7837216585e-01                 	8.9854787252e-01                 
1.0694900000e+01	3.7068340174e+02	2.5492097069e-02                 	1.4701482789e-02                 	1.0790614281e-02                 	5.7670746932e-01                 	9.0140172707e-01                 
1.0762400000e+01	3.6835853650e+02	2.5494138208e-02                 	1.4655175599e-02                 	1.0838962609e-02                 	5.7484491060e-01                 	9.0459690133e-01                 
1.0830700000e+01	3.6603561296e+02	2.5496266342e-02                 	1.4612965845e-02                 	1.0883300497e-02                 	5.7314140232e-01                 	9.0751749906e-01                 
1.0899900000e+01	3.6371176922e+02	2.5498335186e-02                 	1.4580621125e-02                 	1.0917714061e-02                 	5.7182639644e-01                 	9.0976674011e-01                 
1.0970000000e+01	3.6138759465e+02	2.5500442406e-02                 	1.4539378890e-02                 	1.0961063516e-02                 	5.7016182929e-01                 	9.1261482089e-01                 
1.1041000000e+01	3.5906366391e+02	2.5502600762e-02                 	1.4500811324e-02                 	1.1001789438e-02                 	5.6860127558e-01                 	9.1528032824e-01                 
1.1112900000e+01	3.5674053697e+02	2.5504755351e-02                 	1.4467924761e-02                 	1.1036830590e-02                 	5.6726381264e-01                 	9.1755838046e-01                 
1.1185800000e+01	3.5441559060e+02	2.5506946501e-02                 	1.4425723248e-02                 	1.1081223252e-02                 	5.6556057182e-01                 	9.2045701725e-01                 
1.1259600000e+01	3.5209260660e+02	2.5509139981e-02                 	1.4390280267e-02                 	1.1118859715e-02                 	5.6412251755e-01                 	9.2289573636e-01                 
1.1334400000e+01	3.4976901409e+02	2.5511339796e-02                 	1.4356548186e-02                 	1.1154791610e-02                 	5.6275163520e-01                 	9.2521267217e-01                 
1.1410300000e+01	3.4744239093e+02	2.5513589327e-02                 	1.4311394364e-02                 	1.1202194963e-02                 	5.6093222245e-01                 	9.2827944722e-01                 
1.1487100000e+01	3.4511947430e+02	2.5515742581e-02                 	1.4263121764e-02                 	1.1252620817e-02                 	5.5899301065e-01                 	9.3153608122e-01                 
1.1565000000e+01	3.4279480443e+02	2.5517763350e-02                 	1.4219197904e-02                 	1.1298565445e-02                 	5.5722743837e-01                 	9.3448783817e-01                 
1.1643900000e+01	3.4047199935e+02	2.5519566647e-02                 	1.4171392133e-02                 	1.1348174514e-02                 	5.5531476411e-01                 	9.3767522665e-01                 
1.1723900000e+01	3.3814873150e+02	2.5520845018e-02                 	1.4134634885e-02                 	1.1386210134e-02                 	5.5384666434e-01                 	9.4014866643e-01                 
1.1805100000e+01	3.3582281499e+02	2.5521959822e-02                 	1.4123336295e-02                 	1.1398623528e-02                 	5.5337977150e-01                 	9.4101433105e-01                 
1.1887300000e+01	3.3350061942e+02	2.5523259763e-02                 	1.4127045869e-02                 	1.1396213894e-02                 	5.5349692790e-01                 	9.4094633778e-01                 
1.1970800000e+01	3.3117435036e+02	2.5524599412e-02                 	1.4138905606e-02                 	1.1385693806e-02                 	5.5393251734e-01                 	9.4040483088e-01                 
1.2055400000e+01	3.2885030055e+02	2.5526478055e-02                 	1.4179608294e-02                 	1.1346869762e-02                 	5.5548627832e-01                 	9.3807991752e-01                 
1.2141200000e+01	3.2652636587e+02	2.5529258815e-02                 	1.4232882039e-02                 	1.1296376776e-02                 	5.5751254442e-01                 	9.3489234016e-01                 
1.2228200000e+01	3.2420322805e+02	2.5532445961e-02                 	1.4289844261e-02                 	1.1242601700e-02                 	5.5967392560e-01                 	9.3143152557e-01                 
1.2316500000e+01	3.2187893584e+02	2.5536220200e-02                 	1.4357618137e-02                 	1.1178602063e-02                 	5.6224523537e-01                 	9.2719956382e-01                 
1.2406100000e+01	3.1955424455e+02	2.5540440013e-02                 	1.4429094886e-02                 	1.1111345127e-02                 	5.6495091229e-01                 	9.2256398754e-01                 
1.2497000000e+01	3.1722988824e+02	2.5544245941e-02                 	1.4478131533e-02                 	1.1066114408e-02                 	5.6678641312e-01                 	9.1925068320e-01                 
1.2589200000e+01	3.1490657971e+02	2.5547746024e-02                 	1.4518922083e-02                 	1.1028823942e-02                 	5.6830540231e-01                 	9.1643378310e-01                 
1.2682800000e+01	3.1258254591e+02	2.5550730617e-02                 	1.4539610291e-02                 	1.1011120326e-02                 	5.6904870977e-01                 	9.1487649918e-01                 
1.2777800000e+01	3.1025856668e+02	2.5553291422e-02                 	1.4542415520e-02                 	1.1010875901e-02                 	5.6910146253e-01                 	9.1450223654e-01                 
1.2874200000e+01	3.0793539896e+02	2.5555489962e-02                 	1.4512065549e-02                 	1.1043424413e-02                 	5.6786489207e-01                 	9.1640381672e-01                 
1.2972100000e+01	3.0561142092e+02	2.5557793474e-02                 	1.4470872586e-02                 	1.1086920888e-02                 	5.6620195326e-01                 	9.1908845718e-01                 
1.3071500000e+01	3.0328745081e+02	2.5560243987e-02                 	1.4414824001e-02                 	1.1145419986e-02                 	5.6395486709e-01                 	9.2285210125e-01                 
1.3172500000e+01	3.0096199759e+02	2.5562880193e-02                 	1.4372126004e-02                 	1.1190754189e-02                 	5.6222639607e-01                 	9.2573866208e-01                 
1.3275000000e+01	2.9863818556e+02	2.5565598498e-02                 	1.4339460799e-02                 	1.1226137699e-02                 	5.6088891484e-01                 	9.2796606582e-01                 
1.3379100000e+01	2.9631454382e+02	2.5568405718e-02                 	1.4306760363e-02                 	1.1261645355e-02                 	5.5954839424e-01                 	9.3018623986e-01                 
1.3484800000e+01	2.9399189556e+02	2.5571153188e-02                 	1.4272313373e-02                 	1.1298839815e-02                 	5.5814117055e-01                 	9.3252154495e-01                 
1.3592300000e+01	2.9166674612e+02	2.5573993151e-02                 	1.4244832146e-02                 	1.1329161005e-02                 	5.5700461254e-01                 	9.3439009009e-01                 
1.3701500000e+01	2.8934218248e+02	2.5576791038e-02                 	1.4222458516e-02                 	1.1354332523e-02                 	5.5606891789e-01                 	9.3592361972e-01                 
1.3812400000e+01	2.8701904906e+02	2.5579672563e-02                 	1.4202212854e-02                 	1.1377459709e-02                 	5.5521480265e-01                 	9.3731141535e-01                 
1.3925200000e+01	2.8469407357e+02	2.5582589314e-02                 	1.4181758861e-02                 	1.1400830453e-02                 	5.5435197301e-01                 	9.3870711433e-01                 
1.4039800000e+01	2.8237025551e+02	2.5585521988e-02                 	1.4161091406e-02                 	1.1424430582e-02                 	5.5348065255e-01                 	9.4011080582e-01                 
1.4156300000e+01	2.8004647495e+02	2.5588455127e-02                 	1.4140210291e-02                 	1.1448244836e-02                 	5.5260117191e-01                 	9.4152213260e-01                 
1.4274800000e+01	2.7772171332e+02	2.5591354317e-02                 	1.4119045643e-02                 	1.1472308673e-02                 	5.5171154557e-01                 	9.4294528421e-01                 
1.4395200000e+01	2.7539887694e+02	2.5594150317e-02                 	1.4106339075e-02                 	1.1487811242e-02                 	5.5115481078e-01                 	9.4383166559e-01                 
1.4517700000e+01	2.7307506790e+02	2.5597265848e-02                 	1.4093284006e-02                 	1.1503981842e-02                 	5.5057770972e-01                 	9.4473132030e-01                 
1.4642300000e+01	2.7075131047e+02	2.5600482132e-02                 	1.4077944248e-02                 	1.1522537884e-02                 	5.4990934060e-01                 	9.4576937019e-01                 
1.4769100000e+01	2.6842677707e+02	2.5603425697e-02                 	1.4054523080e-02                 	1.1548902617e-02                 	5.4893135185e-01                 	9.4730767503e-01                 
1.4898100000e+01	2.6610251732e+02	2.5606619006e-02                 	1.4036863071e-02                 	1.1569755935e-02                 	5.4817323083e-01                 	9.4847788618e-01                 
1.5029400000e+01	2.6377778975e+02	2.5609639810e-02                 	1.4013827934e-02                 	1.1595811876e-02                 	5.4720909930e-01                 	9.4997149118e-01                 
1.5163000000e+01	2.6145366440e+02	2.5612635214e-02                 	1.3987945661e-02                 	1.1624689553e-02                 	5.4613457554e-01                 	9.5162521171e-01                 
1.5299000000e+01	2.5912947992e+02	2.5615462067e-02                 	1.3967040784e-02                 	1.1648421283e-02                 	5.4525820175e-01                 	9.5296535811e-01                 
1.5437400000e+01	2.5680632187e+02	2.5618328235e-02                 	1.3941673721e-02                 	1.1676654514e-02                 	5.4420700653e-01                 	9.5455833107e-01                 
1.5578400000e+01	2.5448196948e+02	2.5620694487e-02                 	1.3919263052e-02                 	1.1701431435e-02                 	5.4328203552e-01                 	9.5596298435e-01                 
1.5722000000e+01	2.5215760802e+02	2.5623430485e-02                 	1.3894965611e-02                 	1.1728464874e-02                 	5.4227577449e-01                 	9.5745959771e-01                 
1.5868200000e+01	2.4983438029e+02	2.5625514088e-02                 	1.3871628813e-02                 	1.1753885274e-02                 	5.4132099617e-01                 	9.5888684309e-01                 
1.6017200000e+01	2.4751029601e+02	2.5627157975e-02                 	1.3847910512e-02                 	1.1779247464e-02                 	5.4036075810e-01                 	9.6032118849e-01                 
1.6169000000e+01	2.4518658626e+02	2.5629152921e-02                 	1.3829618999e-02                 	1.1799533921e-02                 	5.3960499756e-01                 	9.6143127771e-01                 
1.6323800000e+01	2.4286146077e+02	2.5631215416e-02                 	1.3805749800e-02                 	1.1825465617e-02                 	5.3863032148e-01                 	9.6283337844e-01                 
1.6481500000e+01	2.4053768852e+02	2.5631375959e-02                 	1.3772454544e-02                 	1.1858921415e-02                 	5.3732794392e-01                 	9.6473613855e-01                 
1.6642300000e+01	2.3821358306e+02	2.5631238064e-02                 	1.3751558344e-02                 	1.1879679721e-02                 	5.3651557170e-01                 	9.6594922804e-01                 
1.6806200000e+01	2.3589044003e+02	2.5630455909e-02                 	1.3733983666e-02                 	1.1896472242e-02                 	5.3584624928e-01                 	9.6698203821e-01                 
1.6973500000e+01	2.3356537622e+02	2.5629109048e-02                 	1.3719017063e-02                 	1.1910091986e-02                 	5.3529044013e-01                 	9.6787993148e-01                 
1.7144000000e+01	2.3124252877e+02	2.5628092398e-02                 	1.3714890917e-02                 	1.1913201481e-02                 	5.3515067388e-01                 	9.6823010469e-01                 
1.7318100000e+01	2.2891783240e+02	2.5626730789e-02                 	1.3701988479e-02                 	1.1924742310e-02                 	5.3467563194e-01                 	9.6901716713e-01                 
1.7495700000e+01	2.2659407245e+02	2.5623292277e-02                 	1.3676223744e-02                 	1.1947068533e-02                 	5.3374186252e-01                 	9.7043695510e-01                 
1.7677000000e+01	2.2427006354e+02	2.5617886655e-02                 	1.3677602857e-02                 	1.1940283798e-02                 	5.3390832120e-01                 	9.7062702271e-01                 
1.7862100000e+01	2.2194601493e+02	2.5612351607e-02                 	1.3680225472e-02                 	1.1932126135e-02                 	5.3412609986e-01                 	9.7079304611e-01                 
1.8051200000e+01	2.1962096222e+02	2.5607224881e-02                 	1.3680316199e-02                 	1.1926908682e-02                 	5.3423657825e-01                 	9.7107862422e-01                 
1.8244200000e+01	2.1729765697e+02	2.5597620281e-02                 	1.3688656288e-02                 	1.1908963993e-02                 	5.3476284663e-01                 	9.7116999521e-01                 
1.8441400000e+01	2.1497402113e+02	2.5586383186e-02                 	1.3706370919e-02                 	1.1880012267e-02                 	5.3569005119e-01                 	9.7098959810e-01                 
1.8643000000e+01	2.1264935436e+02	2.5572662258e-02                 	1.3739081250e-02                 	1.1833581008e-02                 	5.3725658719e-01                 	9.7040714927e-01                 
1.8849000000e+01	2.1032531770e+02	2.5551323031e-02                 	1.3841731443e-02                 	1.1709591588e-02                 	5.4172268990e-01                 	9.6780134911e-01                 
1.9059600000e+01	2.0800131762e+02	2.5543045661e-02                 	1.4134853679e-02                 	1.1408191982e-02                 	5.5337385630e-01                 	9.5823084810e-01                 
1.9275000000e+01	2.0567688266e+02	2.5563893265e-02                 	1.4709015610e-02                 	1.0854877655e-02                 	5.7538245281e-01                 	9.3559707136e-01                 
1.9495200000e+01	2.0335374417e+02	2.5599308142e-02                 	1.5525656861e-02                 	1.0073651281e-02                 	6.0648736187e-01                 	8.9849813567e-01                 
1.9720600000e+01	2.0102947746e+02	2.5643606347e-02                 	1.6568133938e-02                 	9.0754724089e-03                 	6.4609219600e-01                 	8.4623657212e-01                 
1.9951300000e+01	1.9870494220e+02	2.5693081810e-02                 	1.7801094579e-02                 	7.8919872313e-03                 	6.9283609924e-01                 	7.8394590607e-01                 
2.0187400000e+01	1.9638100564e+02	2.5749479707e-02                 	1.9010326842e-02                 	6.7391528654e-03                 	7.3828003742e-01                 	7.2608010627e-01                 
2.0429100000e+01	1.9405759007e+02	2.5814190458e-02                 	1.9898695882e-02                 	5.9154945757e-03                 	7.7084330475e-01                 	6.8602026546e-01                 
2.0676800000e+01	1.9173285582e+02	2.5888313008e-02                 	2.0297576614e-02                 	5.5907363933e-03                 	7.8404400504e-01                 	6.6685011232e-01                 
2.0930500000e+01	1.8940884897e+02	2.5968209971e-02                 	2.0160036387e-02                 	5.8081735844e-03                 	7.7633523486e-01                 	6.6682017788e-01                 
2.1190500000e+01	1.8708486885e+02	2.6026359457e-02                 	1.9630887751e-02                 	6.3954717055e-03                 	7.5426944686e-01                 	6.8024300332e-01                 
2.1457000000e+01	1.8476123938e+02	2.6032809481e-02                 	1.8969194013e-02                 	7.0636154674e-03                 	7.2866488065e-01                 	6.9950937596e-01                 
2.1730300000e+01	1.8243751413e+02	2.6000346550e-02                 	1.8347841601e-02                 	7.6525049490e-03                 	7.0567680957e-01                 	7.1978665492e-01                 
2.2010800000e+01	1.8011257716e+02	2.5958458376e-02                 	1.7822255056e-02                 	8.1362033209e-03                 	6.8656831608e-01                 	7.3913442707e-01                 
2.2298500000e+01	1.7778872629e+02	2.5923537484e-02                 	1.7406973962e-02                 	8.5165635217e-03                 	6.7147371276e-01                 	7.5611911893e-01                 
2.2593800000e+01	1.7546503524e+02	2.5897144771e-02                 	1.7067190118e-02                 	8.8299546533e-03                 	6.5903752204e-01                 	7.7131651160e-01                 
2.2897100000e+01	1.7314078697e+02	2.5879116390e-02                 	1.6785992075e-02                 	9.0931243149e-03                 	6.4863080417e-01                 	7.8492664122e-01                 
2.3208600000e+01	1.7081693481e+02	2.5868358119e-02                 	1.6556470946e-02                 	9.3118871724e-03                 	6.4002790089e-01                 	7.9678445422e-01                 
2.3528700000e+01	1.6849302823e+02	2.5862168297e-02                 	1.6372662850e-02                 	9.4895054475e-03                 	6.3307386533e-01                 	8.0668853123e-01                 
2.3857800000e+01	1.6616879651e+02	2.5859033706e-02                 	1.6206785805e-02                 	9.6522479004e-03                 	6.2673594032e-01                 	8.1601074225e-01                 
2.4196200000e+01	1.6384481502e+02	2.5859462377e-02                 	1.6069133135e-02                 	9.7903292422e-03                 	6.2140244452e-01                 	8.2406855660e-01                 
2.4544300000e+01	1.6152108283e+02	2.5861418607e-02                 	1.5958006065e-02                 	9.9034125417e-03                 	6.1705841847e-01                 	8.3071061389e-01                 
2.4902700000e+01	1.5919646919e+02	2.5864717766e-02                 	1.5849072889e-02                 	1.0015644877e-02                 	6.1276805849e-01                 	8.3739258250e-01                 
2.5271600000e+01	1.5687261247e+02	2.5870181519e-02                 	1.5759105882e-02                 	1.0111075637e-02                 	6.0916100918e-01                 	8.4309200086e-01                 
2.5651600000e+01	1.5454871873e+02	2.5876227694e-02                 	1.5699640583e-02                 	1.0176587111e-02                 	6.0672060738e-01                 	8.4692338276e-01                 
2.6043200000e+01	1.5222483847e+02	2.5882231682e-02                 	1.5631296054e-02                 	1.0250935628e-02                 	6.0393926792e-01                 	8.5133369866e-01                 
2.6447100000e+01	1.4990006138e+02	2.5889473441e-02                 	1.5572103883e-02                 	1.0317369557e-02                 	6.0148399384e-01                 	8.5525305969e-01                 
2.6863500000e+01	1.4757652254e+02	2.5897378512e-02                 	1.5532934459e-02                 	1.0364444052e-02                 	5.9978790719e-01                 	8.5793071116e-01                 
2.7293300000e+01	1.4525256797e+02	2.5904803446e-02                 	1.5490079614e-02                 	1.0414723832e-02                 	5.9796167327e-01                 	8.6081590311e-01                 
2.7737100000e+01	1.4292849336e+02	2.5913303469e-02                 	1.5448184134e-02                 	1.0465119335e-02                 	5.9614877558e-01                 	8.6370306920e-01                 
2.8195600000e+01	1.4060427561e+02	2.5922150933e-02                 	1.5422068674e-02                 	1.0500082259e-02                 	5.9493784733e-01                 	8.6558366748e-01                 
2.8669500000e+01	1.3828012045e+02	2.5930552488e-02                 	1.5391102880e-02                 	1.0539449607e-02                 	5.9355090440e-01                 	8.6775009879e-01                 
2.9159500000e+01	1.3595644347e+02	2.5939936741e-02                 	1.5351417392e-02                 	1.0588519348e-02                 	5.9180627716e-01                 	8.7053201344e-01                 
2.9666600000e+01	1.3363249962e+02	2.5949999811e-02                 	1.5321722467e-02                 	1.0628277344e-02                 	5.9043246931e-01                 	8.7269249159e-01                 
3.0191800000e+01	1.3130790192e+02	2.5959957130e-02                 	1.5297649934e-02                 	1.0662307196e-02                 	5.8927870555e-01                 	8.7447495344e-01                 
3.0735800000e+01	1.2898385314e+02	2.5970946741e-02                 	1.5258942533e-02                 	1.0712004208e-02                 	5.8753894055e-01                 	8.7725306220e-01                 
3.1299700000e+01	1.2666006106e+02	2.5982506740e-02                 	1.5241227960e-02                 	1.0741278780e-02                 	5.8659574738e-01                 	8.7867736717e-01                 
3.1884700000e+01	1.2433618360e+02	2.5994122408e-02                 	1.5229529471e-02                 	1.0764592937e-02                 	5.8588357906e-01                 	8.7970102547e-01                 
3.2492100000e+01	1.2201187099e+02	2.6005946097e-02                 	1.5211652859e-02                 	1.0794293237e-02                 	5.8492980039e-01                 	8.8112745018e-01                 
3.3123000000e+01	1.1968788797e+02	2.6018608150e-02                 	1.5201781093e-02                 	1.0816827057e-02                 	5.8426573034e-01                 	8.8205576510e-01                 
3.3778900000e+01	1.1736385475e+02	2.6030953313e-02                 	1.5199721009e-02                 	1.0831232304e-02                 	5.8390950290e-01                 	8.8245009867e-01                 
3.4461300000e+01	1.1503982477e+02	2.6043757692e-02                 	1.5187374302e-02                 	1.0856383390e-02                 	5.8314834908e-01                 	8.8352583864e-01                 
3.5171800000e+01	1.1271592336e+02	2.6057335377e-02                 	1.5176324273e-02                 	1.0881011104e-02                 	5.8242042225e-01                 	8.8453612847e-01                 
3.5912300000e+01	1.1039175751e+02	2.6071045670e-02                 	1.5170251013e-02                 	1.0900794657e-02                 	5.8188118746e-01                 	8.8521732577e-01                 
3.6684600000e+01	1.0806774268e+02	2.6085318641e-02                 	1.5156842243e-02                 	1.0928476398e-02                 	5.8104876736e-01                 	8.8638875208e-01                 
3.7490800000e+01	1.0574386018e+02	2.6100605723e-02                 	1.5138234559e-02                 	1.0962371164e-02                 	5.7999552653e-01                 	8.8792200332e-01                 
3.8333300000e+01	1.0341979202e+02	2.6116197170e-02                 	1.5128646560e-02                 	1.0987550610e-02                 	5.7928213903e-01                 	8.8886859775e-01                 
3.9214600000e+01	1.0109555914e+02	2.6132700504e-02                 	1.5107028403e-02                 	1.1025672100e-02                 	5.7808906513e-01                 	8.9061197390e-01                 
4.0137300000e+01	9.8771514608e+01	2.6150236227e-02                 	1.5089696605e-02                 	1.1060539622e-02                 	5.7703863453e-01                 	8.9208760272e-01                 
4.1104400000e+01	9.6447628801e+01	2.6168209708e-02                 	1.5089409281e-02                 	1.1078800428e-02                 	5.7663131903e-01                 	8.9246073528e-01                 
4.2119300000e+01	9.4123641971e+01	2.6186650048e-02                 	1.5083639170e-02                 	1.1103010878e-02                 	5.7600491633e-01                 	8.9319150349e-01                 
4.3185700000e+01	9.1799413076e+01	2.6205861782e-02                 	1.5074065925e-02                 	1.1131795856e-02                 	5.7521733309e-01                 	8.9417268161e-01                 
4.4307400000e+01	8.9475390415e+01	2.6226944249e-02                 	1.5069737173e-02                 	1.1157207076e-02                 	5.7458989617e-01                 	8.9486026952e-01                 
4.5488900000e+01	8.7151413054e+01	2.6248028540e-02                 	1.5073910217e-02                 	1.1174118324e-02                 	5.7428732956e-01                 	8.9499808072e-01                 
4.6735100000e+01	8.4827504665e+01	2.6269618343e-02                 	1.5086553506e-02                 	1.1183064837e-02                 	5.7429663838e-01                 	8.9454340935e-01                 
4.8051700000e+01	8.2503260307e+01	2.6290699509e-02                 	1.5084738462e-02                 	1.1205961047e-02                 	5.7376710182e-01                 	8.9497259429e-01                 
4.9444500000e+01	8.0179229505e+01	2.6314716918e-02                 	1.5092802027e-02                 	1.1221914891e-02                 	5.7354985327e-01                 	8.9496534849e-01                 
5.0920400000e+01	7.7855278303e+01	2.6339126104e-02                 	1.5084508555e-02                 	1.1254617549e-02                 	5.7270345627e-01                 	8.9600188154e-01                 
5.2487100000e+01	7.5531357482e+01	2.6387364287e-02                 	1.5125388146e-02                 	1.1261976141e-02                 	5.7320572005e-01                 	8.9588304171e-01                 
5.4153600000e+01	7.3206987408e+01	2.6453206655e-02                 	1.5300802681e-02                 	1.1152403973e-02                 	5.7841012930e-01                 	8.9347088171e-01                 
5.5929000000e+01	7.0883118119e+01	2.6509319940e-02                 	1.5500214815e-02                 	1.1009105124e-02                 	5.8470812720e-01                 	8.9063377004e-01                 
5.7824900000e+01	6.8559079450e+01	2.6428309738e-02                 	1.5305517076e-02                 	1.1122792662e-02                 	5.7913340762e-01                 	8.9215620819e-01                 
5.9853700000e+01	6.6235202056e+01	2.6292922696e-02                 	1.5759595544e-02                 	1.0533327151e-02                 	5.9938545923e-01                 	8.7758159153e-01                 
6.2030100000e+01	6.3911261037e+01	2.6357616292e-02                 	1.5533709086e-02                 	1.0823907206e-02                 	5.8934423031e-01                 	8.8441520351e-01                 
6.4371200000e+01	6.1586888442e+01	2.6598970235e-02                 	1.5254310907e-02                 	1.1344659328e-02                 	5.7349253646e-01                 	8.9681931571e-01                 
6.6895400000e+01	5.9262997355e+01	2.6646899295e-02                 	1.5543251898e-02                 	1.1103647396e-02                 	5.8330433596e-01                 	8.9051761533e-01                 
6.9625800000e+01	5.6938978271e+01	2.6505112051e-02                 	1.5963504439e-02                 	1.0541607612e-02                 	6.0228020949e-01                 	8.7636272706e-01                 
7.2588400000e+01	5.4615088820e+01	2.6569721907e-02                 	1.5650998043e-02                 	1.0918723865e-02                 	5.8905388988e-01                 	8.8435264076e-01                 
7.5815000000e+01	5.2290732880e+01	2.6943032883e-02                 	1.6199231834e-02                 	1.0743801049e-02                 	6.0124010182e-01                 	8.8213318589e-01                 
7.9341100000e+01	4.9966813080e+01	2.6957022714e-02                 	1.8057363325e-02                 	8.8996593897e-03                 	6.6985748078e-01                 	8.4647184399e-01                 
8.3211300000e+01	4.7642831121e+01	2.6556972725e-02                 	1.6050713664e-02                 	1.0506259060e-02                 	6.0438792595e-01                 	8.7200422220e-01                 
8.7478300000e+01	4.5318918101e+01	2.6836391896e-02                 	1.5971772614e-02                 	1.0864619282e-02                 	5.9515350186e-01                 	8.7939517726e-01                 
9.2207500000e+01	4.2994571085e+01	2.7448729212e-02                 	1.7717137787e-02                 	9.7315914258e-03                 	6.4546295202e-01                 	8.5916922942e-01                 
9.7476300000e+01	4.0670623662e+01	2.7378197374e-02                 	1.7099934726e-02                 	1.0278262648e-02                 	6.2458219920e-01                 	8.6816236175e-01                 
1.0338400000e+02	3.8346571165e+01	2.6587682427e-02                 	1.6748196952e-02                 	9.8394854747e-03                 	6.2992316078e-01                 	8.5267200395e-01                 
1.1005400000e+02	3.6022515431e+01	2.7002724651e-02                 	1.7955082675e-02                 	9.0476419759e-03                 	6.6493596136e-01                 	8.3931288306e-01                 
1.1764400000e+02	3.3698462423e+01	2.7702303347e-02                 	1.6849019197e-02                 	1.0853284150e-02                 	6.0821726577e-01                 	8.7658243409e-01                 
1.2635800000e+02	3.1374522494e+01	2.7184456383e-02                 	1.5430967543e-02                 	1.1753488840e-02                 	5.6763936440e-01                 	8.8769313313e-01                 
1.3646700000e+02	2.9050407155e+01	2.7813913427e-02                 	1.6216787672e-02                 	1.1597125756e-02                 	5.8304588148e-01                 	8.8371374154e-01                 
1.4833300000e+02	2.6726499924e+01	2.8245945596e-02                 	1.7745288481e-02                 	1.0500657116e-02                 	6.2824196910e-01                 	8.6012253001e-01                 
1.6246000000e+02	2.4402449300e+01	2.7326962255e-02                 	1.6892224014e-02                 	1.0434738241e-02                 	6.1815227965e-01                 	8.4611619002e-01                 
1.7956200000e+02	2.2078290024e+01	2.7972949757e-02                 	1.6908025906e-02                 	1.1064923852e-02                 	6.0444200745e-01                 	8.5691847330e-01                 
2.0068600000e+02	1.9754352139e+01	2.9370405124e-02                 	1.9317614173e-02                 	1.0052790951e-02                 	6.5772379003e-01                 	8.3466942409e-01                 
2.2744400000e+02	1.7430320929e+01	2.8511449354e-02                 	2.0601985910e-02                 	7.9094634444e-03                 	7.2258641270e-01                 	7.8049475480e-01                 
2.6243600000e+02	1.5106242715e+01	2.7628067274e-02                 	2.3613243052e-02                 	4.0148242225e-03                 	8.5468313137e-01                 	6.6836199006e-01                 
3.1015200000e+02	1.2782190388e+01	3.0992378860e-02                 	2.9152293595e-02                 	1.8400852650e-03                 	9.4062781456e-01                 	6.9652238575e-01                 
3.7907400000e+02	1.0458174165e+01	2.9302242221e-02                 	2.8321929233e-02                 	9.8031298753e-04                 	9.6654477906e-01                 	6.6525102619e-01                 
4.8738200000e+02	8.1341163877e+00	2.6870283736e-02                 	2.6414948871e-02                 	4.5533486568e-04                 	9.8305433355e-01                 	5.7012600648e-01                 
