Layer	  log(P)	nClouds	Molec.   7	Cloud    7	Molec.   9	Cloud    9
1	4.900000	0	2.4204e-06	0.0000e+00	4.7177e-18	0.0000e+00
2	4.800000	0	2.6003e-06	0.0000e+00	4.3647e-18	0.0000e+00
3	4.700000	0	2.7575e-06	0.0000e+00	3.9824e-18	0.0000e+00
4	4.600000	0	2.8032e-06	0.0000e+00	3.3899e-18	0.0000e+00
5	4.500000	0	2.8167e-06	0.0000e+00	2.8275e-18	0.0000e+00
6	4.400000	0	2.8070e-06	0.0000e+00	2.3267e-18	0.0000e+00
7	4.300000	0	2.7780e-06	0.0000e+00	1.8904e-18	0.0000e+00
8	4.200000	0	2.7307e-06	0.0000e+00	1.5188e-18	0.0000e+00
9	4.100000	0	2.6663e-06	0.0000e+00	1.2084e-18	0.0000e+00
10	4.000000	0	2.5873e-06	0.0000e+00	9.5291e-19	0.0000e+00
11	3.900000	0	2.4991e-06	0.0000e+00	7.4721e-19	0.0000e+00
12	3.800000	0	2.4088e-06	0.0000e+00	5.8509e-19	0.0000e+00
13	3.700000	0	2.3239e-06	0.0000e+00	4.5968e-19	0.0000e+00
14	3.600000	0	2.2505e-06	0.0000e+00	3.6347e-19	0.0000e+00
15	3.500000	0	2.1948e-06	0.0000e+00	2.9079e-19	0.0000e+00
16	3.400000	0	2.1597e-06	0.0000e+00	2.3557e-19	0.0000e+00
17	3.300000	0	2.1464e-06	0.0000e+00	1.9348e-19	0.0000e+00
18	3.200000	0	2.1517e-06	0.0000e+00	1.6077e-19	0.0000e+00
19	3.100000	0	2.1687e-06	0.0000e+00	1.3465e-19	0.0000e+00
20	3.000000	0	2.1905e-06	0.0000e+00	1.1305e-19	0.0000e+00
21	2.900000	0	2.2145e-06	0.0000e+00	9.5130e-20	0.0000e+00
22	2.800000	0	2.2398e-06	0.0000e+00	8.0067e-20	0.0000e+00
23	2.700000	0	2.2662e-06	0.0000e+00	6.7426e-20	0.0000e+00
24	2.600000	0	2.2922e-06	0.0000e+00	5.6762e-20	0.0000e+00
25	2.500000	0	2.3183e-06	0.0000e+00	4.7816e-20	0.0000e+00
26	2.400000	0	2.3464e-06	0.0000e+00	4.0329e-20	0.0000e+00
27	2.300000	0	2.3790e-06	0.0000e+00	3.4077e-20	0.0000e+00
28	2.200000	0	2.4186e-06	0.0000e+00	2.8932e-20	0.0000e+00
29	2.100000	0	2.4663e-06	0.0000e+00	2.4656e-20	0.0000e+00
30	2.000000	0	2.5262e-06	0.0000e+00	2.1198e-20	0.0000e+00
31	1.900000	0	2.6039e-06	0.0000e+00	1.8428e-20	0.0000e+00
32	1.800000	0	2.7030e-06	0.0000e+00	1.6220e-20	0.0000e+00
33	1.700000	0	2.8220e-06	0.0000e+00	1.4465e-20	0.0000e+00
34	1.600000	0	2.9535e-06	0.0000e+00	1.3015e-20	0.0000e+00
35	1.500000	0	3.0895e-06	0.0000e+00	1.1792e-20	0.0000e+00
36	1.400000	0	3.2227e-06	0.0000e+00	1.0690e-20	0.0000e+00
37	1.300000	0	3.3475e-06	0.0000e+00	9.6883e-21	0.0000e+00
38	1.200000	0	3.4599e-06	0.0000e+00	8.7566e-21	0.0000e+00
39	1.100000	0	3.5580e-06	0.0000e+00	7.8723e-21	0.0000e+00
40	1.000000	0	3.6422e-06	0.0000e+00	7.0397e-21	0.0000e+00
41	0.900000	0	3.7145e-06	0.0000e+00	6.2549e-21	0.0000e+00
42	0.800000	0	3.7769e-06	0.0000e+00	5.5309e-21	0.0000e+00
43	0.700000	0	3.8315e-06	0.0000e+00	4.8886e-21	0.0000e+00
44	0.600000	0	3.8798e-06	0.0000e+00	4.2972e-21	0.0000e+00
45	0.500000	0	3.9228e-06	0.0000e+00	3.7804e-21	0.0000e+00
46	0.400000	0	3.9616e-06	0.0000e+00	3.3103e-21	0.0000e+00
47	0.300000	0	3.9968e-06	0.0000e+00	2.9097e-21	0.0000e+00
48	0.200000	0	4.0293e-06	0.0000e+00	2.5547e-21	0.0000e+00
49	0.100000	0	4.0594e-06	0.0000e+00	2.2494e-21	0.0000e+00
50	0.000000	0	4.0875e-06	0.0000e+00	1.9805e-21	0.0000e+00
51	-0.100000	0	4.1134e-06	0.0000e+00	1.7448e-21	0.0000e+00
52	-0.200000	0	4.1365e-06	0.0000e+00	1.5444e-21	0.0000e+00
53	-0.300000	0	4.1577e-06	0.0000e+00	1.3660e-21	0.0000e+00
54	-0.400000	0	4.1763e-06	0.0000e+00	1.2120e-21	0.0000e+00
55	-0.500000	0	4.1925e-06	0.0000e+00	1.0770e-21	0.0000e+00
56	-0.600000	0	4.2064e-06	0.0000e+00	9.5442e-22	0.0000e+00
57	-0.700000	0	4.2177e-06	0.0000e+00	8.4528e-22	0.0000e+00
58	-0.800000	0	4.2264e-06	0.0000e+00	7.4742e-22	0.0000e+00
59	-0.900000	0	4.2330e-06	0.0000e+00	6.5662e-22	0.0000e+00
60	-1.000000	0	4.2376e-06	0.0000e+00	5.7314e-22	0.0000e+00
61	-1.100000	0	4.2405e-06	0.0000e+00	4.9811e-22	0.0000e+00
62	-1.200000	0	4.2418e-06	0.0000e+00	4.2940e-22	0.0000e+00
63	-1.300000	0	4.2417e-06	0.0000e+00	3.6845e-22	0.0000e+00
64	-1.400000	0	4.2410e-06	0.0000e+00	3.1257e-22	0.0000e+00
65	-1.500000	0	4.2391e-06	0.0000e+00	2.6353e-22	0.0000e+00
66	-1.600000	0	4.2365e-06	0.0000e+00	2.2045e-22	0.0000e+00
67	-1.700000	0	4.2330e-06	0.0000e+00	1.8335e-22	0.0000e+00
68	-1.800000	0	4.2287e-06	0.0000e+00	1.5153e-22	0.0000e+00
69	-1.900000	0	4.2240e-06	0.0000e+00	1.2423e-22	0.0000e+00
70	-2.000000	0	4.2181e-06	0.0000e+00	1.0155e-22	0.0000e+00
71	-2.100000	0	4.2113e-06	0.0000e+00	8.2655e-23	0.0000e+00
72	-2.200000	0	4.2042e-06	0.0000e+00	6.6681e-23	0.0000e+00
73	-2.300000	0	4.1958e-06	0.0000e+00	5.3663e-23	0.0000e+00
74	-2.400000	0	4.1858e-06	0.0000e+00	4.3161e-23	0.0000e+00
75	-2.500000	0	4.1747e-06	0.0000e+00	3.4564e-23	0.0000e+00
76	-2.600000	0	4.1621e-06	0.0000e+00	2.7588e-23	0.0000e+00
77	-2.700000	0	4.1477e-06	0.0000e+00	2.1996e-23	0.0000e+00
78	-2.800000	0	4.1317e-06	0.0000e+00	1.7484e-23	0.0000e+00
79	-2.900000	0	4.1139e-06	0.0000e+00	1.3844e-23	0.0000e+00
80	-3.000000	0	4.0943e-06	0.0000e+00	1.0949e-23	0.0000e+00
