#wavelengths (mu)	size parameter  	extinction cross section (cm^2)  	scattering cross section (cm^2)  	absorption cross section (cm^2)  	single scattering albedo         	asymmetry parameter              
2.0000000000e-01	3.9550307881e+02	1.0140844169e-05                 	5.7536570283e-06                 	4.3871871402e-06                 	5.6737456298e-01                 	9.1867783316e-01                 
2.2000000000e-01	3.5954825346e+02	1.0153042515e-05                 	5.7819883521e-06                 	4.3710541630e-06                 	5.6948331926e-01                 	9.1518966793e-01                 
2.4000000000e-01	3.2958589900e+02	1.0164937222e-05                 	5.8053848876e-06                 	4.3595523340e-06                 	5.7111861697e-01                 	9.1212199395e-01                 
2.6000000000e-01	3.0423313754e+02	1.0176334309e-05                 	5.8193401077e-06                 	4.3569942015e-06                 	5.7185032753e-01                 	9.1046253295e-01                 
2.8000000000e-01	2.8250219915e+02	1.0187336783e-05                 	5.8292558519e-06                 	4.3580809310e-06                 	5.7220606093e-01                 	9.0943248761e-01                 
3.0000000000e-01	2.6366871920e+02	1.0198025399e-05                 	5.8382398530e-06                 	4.3597855463e-06                 	5.7248728302e-01                 	9.0852270109e-01                 
3.2000000000e-01	2.4718942425e+02	1.0208396543e-05                 	5.8455570087e-06                 	4.3628395338e-06                 	5.7262244706e-01                 	9.0784962448e-01                 
3.4000000000e-01	2.3264886989e+02	1.0218443520e-05                 	5.8492915818e-06                 	4.3691519384e-06                 	5.7242490700e-01                 	9.0775100758e-01                 
3.6000000000e-01	2.1972393267e+02	1.0228223776e-05                 	5.8501023676e-06                 	4.3781214084e-06                 	5.7195682219e-01                 	9.0813724989e-01                 
3.8000000000e-01	2.0815951516e+02	1.0237795850e-05                 	5.8488727921e-06                 	4.3889230583e-06                 	5.7130195577e-01                 	9.0886984675e-01                 
4.0000000000e-01	1.9775153940e+02	1.0247202210e-05                 	5.8466327783e-06                 	4.4005694313e-06                 	5.7055893489e-01                 	9.0977462218e-01                 
4.2000000000e-01	1.8833479943e+02	1.0256470390e-05                 	5.8445654333e-06                 	4.4119049567e-06                 	5.6984178875e-01                 	9.1064934841e-01                 
4.5000000000e-01	1.7577914614e+02	1.0270126733e-05                 	5.8410651632e-06                 	4.4290615701e-06                 	5.6874324094e-01                 	9.1201559584e-01                 
5.0000000000e-01	1.5820123152e+02	1.0292297784e-05                 	5.8374207315e-06                 	4.4548770526e-06                 	5.6716399525e-01                 	9.1387596541e-01                 
5.5000000000e-01	1.4381930138e+02	1.0313784507e-05                 	5.8349757953e-06                 	4.4788087113e-06                 	5.6574536646e-01                 	9.1546028354e-01                 
6.0000000000e-01	1.3183435960e+02	1.0334647448e-05                 	5.8342333105e-06                 	4.5004141380e-06                 	5.6453143076e-01                 	9.1668589905e-01                 
6.5000000000e-01	1.2169325502e+02	1.0354938791e-05                 	5.8346593909e-06                 	4.5202793998e-06                 	5.6346633320e-01                 	9.1764719458e-01                 
7.0000000000e-01	1.1300087966e+02	1.0374706840e-05                 	5.8352965696e-06                 	4.5394102706e-06                 	5.6245411649e-01                 	9.1850726235e-01                 
7.5000000000e-01	1.0546748768e+02	1.0393987643e-05                 	5.8370877881e-06                 	4.5568998546e-06                 	5.6158309869e-01                 	9.1911909007e-01                 
8.0000000000e-01	9.8875769701e+01	1.0412817639e-05                 	5.8391998175e-06                 	4.5736178218e-06                 	5.6077039086e-01                 	9.1962412239e-01                 
9.0000000000e-01	8.7889573068e+01	1.0449228846e-05                 	5.8462212374e-06                 	4.6030076084e-06                 	5.5948829561e-01                 	9.2004092677e-01                 
1.0000000000e+00	7.9100615761e+01	1.0484156388e-05                 	5.8570634949e-06                 	4.6270928930e-06                 	5.5865853944e-01                 	9.1969016036e-01                 
1.1000000000e+00	7.1909650692e+01	1.0517821510e-05                 	5.8724922117e-06                 	4.6453292980e-06                 	5.5833731408e-01                 	9.1849013154e-01                 
1.2000000000e+00	6.5917179801e+01	1.0550419535e-05                 	5.8901967785e-06                 	4.6602227569e-06                 	5.5829028967e-01                 	9.1683347340e-01                 
1.3000000000e+00	6.0846627509e+01	1.0582074260e-05                 	5.9084105290e-06                 	4.6736637306e-06                 	5.5834143516e-01                 	9.1501401625e-01                 
1.4000000000e+00	5.6500439829e+01	1.0612866353e-05                 	5.9249602778e-06                 	4.6879060747e-06                 	5.5828087163e-01                 	9.1338376342e-01                 
1.5000000000e+00	5.2733743841e+01	1.0642869568e-05                 	5.9392669026e-06                 	4.7036026656e-06                 	5.5805127222e-01                 	9.1204150046e-01                 
1.6000000000e+00	4.9437884851e+01	1.0672097858e-05                 	5.9513914477e-06                 	4.7207064100e-06                 	5.5765900266e-01                 	9.1097346790e-01                 
1.7000000000e+00	4.6529773977e+01	1.0700819788e-05                 	5.9617835357e-06                 	4.7390362524e-06                 	5.5713334621e-01                 	9.1014721665e-01                 
1.8000000000e+00	4.3944786534e+01	1.0729288407e-05                 	5.9708123613e-06                 	4.7584760458e-06                 	5.5649658530e-01                 	9.0954086533e-01                 
1.9000000000e+00	4.1631903032e+01	1.0755037398e-05                 	5.9764832251e-06                 	4.7785541725e-06                 	5.5569153357e-01                 	9.0904242282e-01                 
2.0000000000e+00	3.9550307881e+01	1.0786969912e-05                 	5.9886841228e-06                 	4.7982857893e-06                 	5.5517760517e-01                 	9.0864688998e-01                 
2.2000000000e+00	3.5954825346e+01	1.0843499160e-05                 	6.0135715650e-06                 	4.8299275953e-06                 	5.5457850608e-01                 	9.0699244232e-01                 
2.4000000000e+00	3.2958589900e+01	1.0886089671e-05                 	6.0274339513e-06                 	4.8586557196e-06                 	5.5368218832e-01                 	9.0596131001e-01                 
2.6000000000e+00	3.0423313754e+01	1.0873059654e-05                 	6.0218631187e-06                 	4.8511965348e-06                 	5.5383335607e-01                 	9.0155043089e-01                 
2.8000000000e+00	2.8250219915e+01	1.1087149437e-05                 	6.2695632587e-06                 	4.8175861784e-06                 	5.6548017994e-01                 	8.9924689181e-01                 
3.0000000000e+00	2.6366871920e+01	1.0937892315e-05                 	6.1688209949e-06                 	4.7690713199e-06                 	5.6398626146e-01                 	8.9050453677e-01                 
3.5000000000e+00	2.2600175932e+01	1.1132244373e-05                 	6.5021826754e-06                 	4.6300616977e-06                 	5.8408551389e-01                 	8.7654814063e-01                 
4.0000000000e+00	1.9775153940e+01	1.0858645482e-05                 	6.4941926426e-06                 	4.3644528396e-06                 	5.9806655013e-01                 	8.5049456239e-01                 
4.5000000000e+00	1.7577914614e+01	1.1687258211e-05                 	7.4745266888e-06                 	4.2127315225e-06                 	6.3954492608e-01                 	8.4588988902e-01                 
5.0000000000e+00	1.5820123152e+01	1.1361439208e-05                 	7.3418013915e-06                 	4.0196378169e-06                 	6.4620346568e-01                 	8.1968504390e-01                 
5.5000000000e+00	1.4381930138e+01	1.1856701981e-05                 	7.8616849291e-06                 	3.9950170520e-06                 	6.6305832276e-01                 	8.2985022526e-01                 
6.0000000000e+00	1.3183435960e+01	1.0788403804e-05                 	6.9274241507e-06                 	3.8609796535e-06                 	6.4211761781e-01                 	7.9855931266e-01                 
6.5000000000e+00	1.2169325502e+01	1.2972937062e-05                 	9.1687303499e-06                 	3.8042067118e-06                 	7.0675825422e-01                 	8.1319209483e-01                 
7.0000000000e+00	1.1300087966e+01	1.1307747844e-05                 	7.8026147153e-06                 	3.5051331290e-06                 	6.9002376271e-01                 	7.7862362903e-01                 
7.5000000000e+00	1.0546748768e+01	1.1258773980e-05                 	7.6940703162e-06                 	3.5647036634e-06                 	6.8338438360e-01                 	8.0873620297e-01                 
8.0000000000e+00	9.8875769701e+00	1.3035616556e-05                 	8.2680205987e-06                 	4.7675959577e-06                 	6.3426386952e-01                 	8.6338299400e-01                 
8.2000000000e+00	9.6464165562e+00	1.1445702893e-05                 	5.5242794511e-06                 	5.9214234418e-06                 	4.8265095668e-01                 	8.8387719885e-01                 
8.4000000000e+00	9.4167399716e+00	1.1889920612e-05                 	5.6517249079e-06                 	6.2381957046e-06                 	4.7533748055e-01                 	9.2466544335e-01                 
8.6000000000e+00	9.1977460187e+00	1.1826566277e-05                 	5.6600378095e-06                 	6.1665284671e-06                 	4.7858674083e-01                 	9.3289149619e-01                 
8.8000000000e+00	8.9887063365e+00	1.1655531215e-05                 	5.5831670953e-06                 	6.0723641197e-06                 	4.7901438316e-01                 	9.2833338206e-01                 
9.0000000000e+00	8.7889573068e+00	1.1592574217e-05                 	5.5997615389e-06                 	5.9928126785e-06                 	4.8304728819e-01                 	9.1914111795e-01                 
9.2000000000e+00	8.5978930175e+00	1.1655160461e-05                 	5.7171680715e-06                 	5.9379923891e-06                 	4.9052675772e-01                 	9.0674903582e-01                 
9.4000000000e+00	8.4149591235e+00	1.1767623369e-05                 	5.8759321596e-06                 	5.8916912093e-06                 	4.9933040644e-01                 	8.9301264764e-01                 
9.6000000000e+00	8.2396474751e+00	1.1901060977e-05                 	6.0386663477e-06                 	5.8623946293e-06                 	5.0740571445e-01                 	8.7987313108e-01                 
9.8000000000e+00	8.0714914042e+00	1.2034588753e-05                 	6.1919926955e-06                 	5.8425960580e-06                 	5.1451635135e-01                 	8.6756658812e-01                 
1.0000000000e+01	7.9100615761e+00	1.2146454204e-05                 	6.3143011036e-06                 	5.8321531005e-06                 	5.1984727374e-01                 	8.5739218513e-01                 
1.0200000000e+01	7.7549623295e+00	1.2234202938e-05                 	6.4053547121e-06                 	5.8288482256e-06                 	5.2356126057e-01                 	8.4932709154e-01                 
1.0400000000e+01	7.6058284386e+00	1.2301751284e-05                 	6.4727608453e-06                 	5.8289904388e-06                 	5.2616580321e-01                 	8.4282422817e-01                 
1.0600000000e+01	7.4623222416e+00	1.2354464734e-05                 	6.5230539610e-06                 	5.8314107729e-06                 	5.2799162906e-01                 	8.3744253308e-01                 
1.0800000000e+01	7.3241310890e+00	1.2398111918e-05                 	6.5672305802e-06                 	5.8308813375e-06                 	5.2969602338e-01                 	8.3228224953e-01                 
1.1000000000e+01	7.1909650692e+00	1.2427591557e-05                 	6.5877372786e-06                 	5.8398542782e-06                 	5.3008961942e-01                 	8.2885581964e-01                 
1.1200000000e+01	7.0625549787e+00	1.2447730825e-05                 	6.5888891141e-06                 	5.8588417107e-06                 	5.2932451760e-01                 	8.2710848884e-01                 
1.1400000000e+01	6.9386505054e+00	1.2463919653e-05                 	6.5798425205e-06                 	5.8840771329e-06                 	5.2791117911e-01                 	8.2633254814e-01                 
1.1600000000e+01	6.8190186001e+00	1.2478548656e-05                 	6.5499291631e-06                 	5.9286194926e-06                 	5.2489510951e-01                 	8.2783491045e-01                 
1.1800000000e+01	6.7034420137e+00	1.2496311713e-05                 	6.5088930544e-06                 	5.9874186591e-06                 	5.2086513234e-01                 	8.3075714216e-01                 
1.2000000000e+01	6.5917179801e+00	1.2517423389e-05                 	6.4581043756e-06                 	6.0593190135e-06                 	5.1592921122e-01                 	8.3473320203e-01                 
1.2500000000e+01	6.3280492609e+00	1.2576939047e-05                 	6.3426263596e-06                 	6.2343126878e-06                 	5.0430604264e-01                 	8.4344720694e-01                 
1.3000000000e+01	6.0846627509e+00	1.2923099924e-05                 	6.5045106181e-06                 	6.4185893061e-06                 	5.0332433056e-01                 	8.6377377795e-01                 
1.3500000000e+01	5.8593048712e+00	1.2713606696e-05                 	6.0363929668e-06                 	6.6772137288e-06                 	4.7479783757e-01                 	8.6977272742e-01                 
1.4000000000e+01	5.6500439829e+00	1.2636282689e-05                 	5.8522772564e-06                 	6.7840054321e-06                 	4.6313282163e-01                 	8.6660704762e-01                 
1.4500000000e+01	5.4552148801e+00	1.2766261200e-05                 	5.9657086103e-06                 	6.8005525899e-06                 	4.6730272213e-01                 	8.7025185233e-01                 
1.5000000000e+01	5.2733743841e+00	1.2720797643e-05                 	5.9839214469e-06                 	6.7368761960e-06                 	4.7040457799e-01                 	8.7388083260e-01                 
1.5500000000e+01	5.1032655330e+00	1.2393200803e-05                 	5.7857180899e-06                 	6.6074827132e-06                 	4.6684615071e-01                 	8.6916821121e-01                 
1.6000000000e+01	4.9437884851e+00	1.2374139875e-05                 	5.8716644731e-06                 	6.5024754016e-06                 	4.7451091814e-01                 	8.4783097552e-01                 
1.6500000000e+01	4.7939767128e+00	1.2677923937e-05                 	6.2235237416e-06                 	6.4544001949e-06                 	4.9089454810e-01                 	8.2163000023e-01                 
1.7000000000e+01	4.6529773977e+00	1.2974258308e-05                 	6.5359771984e-06                 	6.4382811100e-06                 	5.0376499705e-01                 	8.0089121582e-01                 
1.7500000000e+01	4.5200351864e+00	1.3182185976e-05                 	6.7467305044e-06                 	6.4354554714e-06                 	5.1180665458e-01                 	7.8602380415e-01                 
1.8000000000e+01	4.3944786534e+00	1.3314149365e-05                 	6.8722132762e-06                 	6.4419360893e-06                 	5.1615864353e-01                 	7.7549037168e-01                 
1.8500000000e+01	4.2757089601e+00	1.3403838213e-05                 	6.9520816591e-06                 	6.4517565536e-06                 	5.1866350136e-01                 	7.6719932563e-01                 
1.9000000000e+01	4.1631903032e+00	1.3475339930e-05                 	7.0144002646e-06                 	6.4609396658e-06                 	5.2053605333e-01                 	7.5987345861e-01                 
1.9500000000e+01	4.0564418339e+00	1.3542115291e-05                 	7.0763391299e-06                 	6.4657761606e-06                 	5.2254311665e-01                 	7.5264669263e-01                 
2.0000000000e+01	3.9550307881e+00	1.3608375506e-05                 	7.1378110488e-06                 	6.4705644574e-06                 	5.2451602658e-01                 	7.4570943403e-01                 
2.1000000000e+01	3.7666959886e+00	1.3729141433e-05                 	7.2403571284e-06                 	6.4887843050e-06                 	5.2737144297e-01                 	7.3311642836e-01                 
2.2000000000e+01	3.5954825346e+00	1.3830921490e-05                 	7.3271308667e-06                 	6.5037906238e-06                 	5.2976447533e-01                 	7.2054117247e-01                 
2.3000000000e+01	3.4391572070e+00	1.3901867756e-05                 	7.4002524607e-06                 	6.5016152951e-06                 	5.3232073493e-01                 	7.0722126394e-01                 
2.4000000000e+01	3.2958589900e+00	1.3951931209e-05                 	7.4653816107e-06                 	6.4865495984e-06                 	5.3507872845e-01                 	6.9377450780e-01                 
2.5000000000e+01	3.1640246304e+00	1.3999039293e-05                 	7.5276950204e-06                 	6.4713442729e-06                 	5.3772940147e-01                 	6.8111406766e-01                 
2.6000000000e+01	3.0423313754e+00	1.4053547277e-05                 	7.5794459500e-06                 	6.4741013270e-06                 	5.3932617869e-01                 	6.7022791869e-01                 
2.7000000000e+01	2.9296524356e+00	1.4104274988e-05                 	7.6191408228e-06                 	6.4851341654e-06                 	5.4020081352e-01                 	6.6019357370e-01                 
2.8000000000e+01	2.8250219915e+00	1.4139939056e-05                 	7.6193019125e-06                 	6.5206371437e-06                 	5.3884969958e-01                 	6.5179838360e-01                 
2.9000000000e+01	2.7276074400e+00	1.4162957574e-05                 	7.5929246492e-06                 	6.5700329253e-06                 	5.3611151550e-01                 	6.4393983135e-01                 
3.0000000000e+01	2.6366871920e+00	1.4176725099e-05                 	7.5478519014e-06                 	6.6288731980e-06                 	5.3241153006e-01                 	6.3624361214e-01                 
3.2000000000e+01	2.4718942425e+00	1.4222168046e-05                 	7.4712348949e-06                 	6.7509331508e-06                 	5.2532320466e-01                 	6.2002278572e-01                 
3.4000000000e+01	2.3264886989e+00	1.4310786631e-05                 	7.4122313027e-06                 	6.8985553283e-06                 	5.1794716069e-01                 	6.0536086109e-01                 
3.6000000000e+01	2.1972393267e+00	1.4382750627e-05                 	7.3112336601e-06                 	7.0715169668e-06                 	5.0833347875e-01                 	5.9250677218e-01                 
3.8000000000e+01	2.0815951516e+00	1.4382947548e-05                 	7.1423235100e-06                 	7.2406240385e-06                 	4.9658274049e-01                 	5.7802807327e-01                 
4.0000000000e+01	1.9775153940e+00	1.4352162943e-05                 	6.9030424850e-06                 	7.4491204582e-06                 	4.8097576040e-01                 	5.6110564702e-01                 
4.5000000000e+01	1.7577914614e+00	1.4754065237e-05                 	6.6428508573e-06                 	8.1112143794e-06                 	4.5023868003e-01                 	5.1355316850e-01                 
5.0000000000e+01	1.5820123152e+00	1.4935067641e-05                 	6.6705890020e-06                 	8.2644786390e-06                 	4.4663935660e-01                 	4.7159523086e-01                 
5.5000000000e+01	1.4381930138e+00	1.5492994253e-05                 	6.9764899552e-06                 	8.5165042983e-06                 	4.5029965422e-01                 	4.1312065270e-01                 
6.0000000000e+01	1.3183435960e+00	1.7609496497e-05                 	8.9201993077e-06                 	8.6892971889e-06                 	5.0655618174e-01                 	3.2387153207e-01                 
6.5000000000e+01	1.2169325502e+00	1.9853401740e-05                 	1.1873375963e-05                 	7.9800257768e-06                 	5.9805247073e-01                 	2.4089941206e-01                 
7.0000000000e+01	1.1300087966e+00	2.1606651333e-05                 	1.3934932849e-05                 	7.6717184838e-06                 	6.4493718321e-01                 	1.9504830626e-01                 
7.5000000000e+01	1.0546748768e+00	2.2698385812e-05                 	1.4474781013e-05                 	8.2236047999e-06                 	6.3770089786e-01                 	1.9361307784e-01                 
8.0000000000e+01	9.8875769701e-01	2.3253678082e-05                 	1.3845220023e-05                 	9.4084580590e-06                 	5.9539914391e-01                 	2.4820397662e-01                 
1.0000000000e+02	7.9100615761e-01	9.1221966778e-06                 	5.0785849835e-06                 	4.0436116943e-06                 	5.5672829285e-01                 	3.8243227975e-01                 
2.0000000000e+02	3.9550307881e-01	4.2104079557e-07                 	2.0544148858e-07                 	2.1559930700e-07                 	4.8793725154e-01                 	7.3003901529e-02                 
5.0000000000e+02	1.5820123152e-01	2.9221109376e-08                 	4.7199310308e-09                 	2.4501178346e-08                 	1.6152470360e-01                 	1.1209519190e-02                 
