#wavelengths (mu)	size parameter  	extinction cross section (cm^2)  	scattering cross section (cm^2)  	absorption cross section (cm^2)  	single scattering albedo         	asymmetry parameter              
2.0000000000e-01	3.9550308195e+03	9.9978121923e-04                 	5.6757552641e-04                 	4.3220569282e-04                 	5.6769972820e-01                 	9.1792224389e-01                 
2.2000000000e-01	3.5954825632e+03	1.0000449747e-03                 	5.7000564963e-04                 	4.3003932510e-04                 	5.6998001493e-01                 	9.1436925784e-01                 
2.4000000000e-01	3.2958590162e+03	1.0003015687e-03                 	5.7198004716e-04                 	4.2832152153e-04                 	5.7180760789e-01                 	9.1124816407e-01                 
2.6000000000e-01	3.0423313996e+03	1.0005493084e-03                 	5.7304837100e-04                 	4.2750093739e-04                 	5.7273376354e-01                 	9.0955967012e-01                 
2.8000000000e-01	2.8250220139e+03	1.0007896848e-03                 	5.7373561355e-04                 	4.2705407125e-04                 	5.7328290075e-01                 	9.0851261299e-01                 
3.0000000000e-01	2.6366872130e+03	1.0010238898e-03                 	5.7434574176e-04                 	4.2667814803e-04                 	5.7375827652e-01                 	9.0759016510e-01                 
3.2000000000e-01	2.4718942622e+03	1.0012520506e-03                 	5.7480551403e-04                 	4.2644653654e-04                 	5.7408672841e-01                 	9.0691105405e-01                 
3.4000000000e-01	2.3264887173e+03	1.0014741561e-03                 	5.7492409834e-04                 	4.2655005776e-04                 	5.7407781802e-01                 	9.0681854231e-01                 
3.6000000000e-01	2.1972393442e+03	1.0016909790e-03                 	5.7476397639e-04                 	4.2692700262e-04                 	5.7379370328e-01                 	9.0722130359e-01                 
3.8000000000e-01	2.0815951681e+03	1.0019033397e-03                 	5.7441080256e-04                 	4.2749253712e-04                 	5.7331958065e-01                 	9.0797825115e-01                 
4.0000000000e-01	1.9775154097e+03	1.0021118992e-03                 	5.7396564135e-04                 	4.2814625787e-04                 	5.7275603832e-01                 	9.0891214381e-01                 
4.2000000000e-01	1.8833480093e+03	1.0023171672e-03                 	5.7354481408e-04                 	4.2877235310e-04                 	5.7221888726e-01                 	9.0981711483e-01                 
4.5000000000e-01	1.7577914753e+03	1.0026192568e-03                 	5.7288802237e-04                 	4.2973123439e-04                 	5.7139140158e-01                 	9.1123272467e-01                 
5.0000000000e-01	1.5820123278e+03	1.0031090285e-03                 	5.7204293446e-04                 	4.3106609403e-04                 	5.7026994894e-01                 	9.1317497856e-01                 
5.5000000000e-01	1.4381930253e+03	1.0035832501e-03                 	5.7135512229e-04                 	4.3222812785e-04                 	5.6931512379e-01                 	9.1484388065e-01                 
6.0000000000e-01	1.3183436065e+03	1.0040436580e-03                 	5.7086892479e-04                 	4.3317473322e-04                 	5.6856982287e-01                 	9.1615375355e-01                 
6.5000000000e-01	1.2169325598e+03	1.0044916212e-03                 	5.7052784016e-04                 	4.3396378105e-04                 	5.6797670395e-01                 	9.1719959052e-01                 
7.0000000000e-01	1.1300088056e+03	1.0049282581e-03                 	5.7023548144e-04                 	4.3469277668e-04                 	5.6743899560e-01                 	9.1814695387e-01                 
7.5000000000e-01	1.0546748852e+03	1.0053546735e-03                 	5.7008033082e-04                 	4.3527434265e-04                 	5.6704399538e-01                 	9.1884487461e-01                 
8.0000000000e-01	9.8875770487e+02	1.0057716562e-03                 	5.6997916001e-04                 	4.3579249615e-04                 	5.6670831447e-01                 	9.1943723962e-01                 
9.0000000000e-01	8.7889573766e+02	1.0065804920e-03                 	5.7010672852e-04                 	4.3647376350e-04                 	5.6637967161e-01                 	9.2002401529e-01                 
1.0000000000e+00	7.9100616389e+02	1.0073600436e-03                 	5.7066575868e-04                 	4.3669428496e-04                 	5.6649632103e-01                 	9.1983474346e-01                 
1.1000000000e+00	7.1909651263e+02	1.0081147408e-03                 	5.7170800626e-04                 	4.3640673453e-04                 	5.6710608736e-01                 	9.1878356648e-01                 
1.2000000000e+00	6.5917180325e+02	1.0088473579e-03                 	5.7299663748e-04                 	4.3585072040e-04                 	5.6797158957e-01                 	9.1727181961e-01                 
1.3000000000e+00	6.0846627992e+02	1.0095595485e-03                 	5.7435434607e-04                 	4.3520520243e-04                 	5.6891576819e-01                 	9.1560051516e-01                 
1.4000000000e+00	5.6500440278e+02	1.0102523137e-03                 	5.7557250896e-04                 	4.3467980471e-04                 	5.6973144350e-01                 	9.1413036337e-01                 
1.5000000000e+00	5.2733744260e+02	1.0109270044e-03                 	5.7659599572e-04                 	4.3433100865e-04                 	5.7036362984e-01                 	9.1296235162e-01                 
1.6000000000e+00	4.9437885243e+02	1.0115852475e-03                 	5.7743667451e-04                 	4.3414857299e-04                 	5.7082354249e-01                 	9.1208270632e-01                 
1.7000000000e+00	4.6529774347e+02	1.0122286078e-03                 	5.7811846450e-04                 	4.3411014333e-04                 	5.7113428728e-01                 	9.1145473966e-01                 
1.8000000000e+00	4.3944786883e+02	1.0128584361e-03                 	5.7865654903e-04                 	4.3420188703e-04                 	5.7131039090e-01                 	9.1105475527e-01                 
1.9000000000e+00	4.1631903363e+02	1.0134760902e-03                 	5.7909600882e-04                 	4.3438008138e-04                 	5.7139582711e-01                 	9.1080807348e-01                 
2.0000000000e+00	3.9550308195e+02	1.0140823327e-03                 	5.7951062928e-04                 	4.3457170342e-04                 	5.7146309584e-01                 	9.1058911952e-01                 
2.2000000000e+00	3.5954825632e+02	1.0152636075e-03                 	5.8063814685e-04                 	4.3462546067e-04                 	5.7190875606e-01                 	9.0960675313e-01                 
2.4000000000e+00	3.2958590162e+02	1.0164092298e-03                 	5.8063789049e-04                 	4.3577133926e-04                 	5.7126389007e-01                 	9.1049052999e-01                 
2.6000000000e+00	3.0423313996e+02	1.0175225324e-03                 	5.8102829731e-04                 	4.3649423513e-04                 	5.7102253640e-01                 	9.1066869938e-01                 
2.8000000000e+00	2.8250220139e+02	1.0186079468e-03                 	5.8113719248e-04                 	4.3747075434e-04                 	5.7052096864e-01                 	9.1128318526e-01                 
3.0000000000e+00	2.6366872130e+02	1.0196682136e-03                 	5.8111644302e-04                 	4.3855177057e-04                 	5.6990738289e-01                 	9.1207912302e-01                 
3.5000000000e+00	2.2600176111e+02	1.0222181111e-03                 	5.8140474365e-04                 	4.4081336743e-04                 	5.6876779755e-01                 	9.1335110186e-01                 
4.0000000000e+00	1.9775154097e+02	1.0246441817e-03                 	5.8179855509e-04                 	4.4284562662e-04                 	5.6780545430e-01                 	9.1427269510e-01                 
4.5000000000e+00	1.7577914753e+02	1.0269745641e-03                 	5.8208448493e-04                 	4.4489007917e-04                 	5.6679542540e-01                 	9.1524438103e-01                 
5.0000000000e+00	1.5820123278e+02	1.0292134342e-03                 	5.8186599253e-04                 	4.4734744166e-04                 	5.6535017247e-01                 	9.1691794858e-01                 
5.5000000000e+00	1.4381930253e+02	1.0314156417e-03                 	5.8096097938e-04                 	4.5045466228e-04                 	5.6326562824e-01                 	9.1966929501e-01                 
6.0000000000e+00	1.3183436065e+02	1.0334911199e-03                 	5.7950690522e-04                 	4.5398421469e-04                 	5.6072751285e-01                 	9.2309567207e-01                 
6.5000000000e+00	1.2169325598e+02	1.0356453930e-03                 	5.7816734362e-04                 	4.5747804937e-04                 	5.5826767302e-01                 	9.2647606780e-01                 
7.0000000000e+00	1.1300088056e+02	1.0374661442e-03                 	5.7503712089e-04                 	4.6242902327e-04                 	5.5427073367e-01                 	9.3208916834e-01                 
7.5000000000e+00	1.0546748852e+02	1.0396721139e-03                 	5.7152358139e-04                 	4.6814853247e-04                 	5.4971521672e-01                 	9.3879044872e-01                 
8.0000000000e+00	9.8875770487e+01	1.0414929400e-03                 	5.6348300326e-04                 	4.7800993672e-04                 	5.4103391548e-01                 	9.5119060978e-01                 
8.2000000000e+00	9.6464166329e+01	1.0416169966e-03                 	5.5799305258e-04                 	4.8362394402e-04                 	5.3569887435e-01                 	9.5863907809e-01                 
8.4000000000e+00	9.4167400464e+01	1.0408376986e-03                 	5.5505356398e-04                 	4.8578413463e-04                 	5.3327580728e-01                 	9.6209960253e-01                 
8.6000000000e+00	9.1977460918e+01	1.0399690748e-03                 	5.5662521709e-04                 	4.8334385776e-04                 	5.3523247042e-01                 	9.6014495938e-01                 
8.8000000000e+00	8.9887064079e+01	1.0398315377e-03                 	5.6220006507e-04                 	4.7763147264e-04                 	5.4066456409e-01                 	9.5375633165e-01                 
9.0000000000e+00	8.7889573766e+01	1.0404778909e-03                 	5.7006262467e-04                 	4.7041526624e-04                 	5.4788538003e-01                 	9.4465661271e-01                 
9.2000000000e+00	8.5978930858e+01	1.0420003872e-03                 	5.7987618888e-04                 	4.6212419834e-04                 	5.5650285354e-01                 	9.3261143584e-01                 
9.4000000000e+00	8.4149591904e+01	1.0438921451e-03                 	5.9037823607e-04                 	4.5351390900e-04                 	5.6555482179e-01                 	9.1910534553e-01                 
9.6000000000e+00	8.2396475406e+01	1.0459288893e-03                 	6.0001525874e-04                 	4.4591363059e-04                 	5.7366735431e-01                 	9.0607068796e-01                 
9.8000000000e+00	8.0714914683e+01	1.0479720629e-03                 	6.0866521432e-04                 	4.3930684862e-04                 	5.8080290100e-01                 	8.9381577402e-01                 
1.0000000000e+01	7.9100616389e+01	1.0497877507e-03                 	6.1541912513e-04                 	4.3436862552e-04                 	5.8623195474e-01                 	8.8381274384e-01                 
1.0200000000e+01	7.7549623911e+01	1.0513248200e-03                 	6.2036709915e-04                 	4.3095772080e-04                 	5.9008128352e-01                 	8.7609728471e-01                 
1.0400000000e+01	7.6058284990e+01	1.0526097879e-03                 	6.2403733785e-04                 	4.2857245005e-04                 	5.9284774379e-01                 	8.7009834677e-01                 
1.0600000000e+01	7.4623223009e+01	1.0536854193e-03                 	6.2678825427e-04                 	4.2689716501e-04                 	5.9485330517e-01                 	8.6534548069e-01                 
1.0800000000e+01	7.3241311472e+01	1.0546283297e-03                 	6.2929505942e-04                 	4.2533327024e-04                 	5.9669842135e-01                 	8.6088488090e-01                 
1.1000000000e+01	7.1909651263e+01	1.0552699966e-03                 	6.3027874397e-04                 	4.2499125267e-04                 	5.9726775704e-01                 	8.5834806925e-01                 
1.1200000000e+01	7.0625550348e+01	1.0556850624e-03                 	6.3006267988e-04                 	4.2562238254e-04                 	5.9682826092e-01                 	8.5760879631e-01                 
1.1400000000e+01	6.9386505605e+01	1.0559503078e-03                 	6.2917663290e-04                 	4.2677367489e-04                 	5.9583924381e-01                 	8.5789101106e-01                 
1.1600000000e+01	6.8190186543e+01	1.0560586175e-03                 	6.2679829121e-04                 	4.2926032624e-04                 	5.9352604188e-01                 	8.6051860871e-01                 
1.1800000000e+01	6.7034420669e+01	1.0561322222e-03                 	6.2359660172e-04                 	4.3253562047e-04                 	5.9045315408e-01                 	8.6460428521e-01                 
1.2000000000e+01	6.5917180325e+01	1.0563222949e-03                 	6.1989256638e-04                 	4.3642972850e-04                 	5.8684037002e-01                 	8.6988889129e-01                 
1.2500000000e+01	6.3280493112e+01	1.0571557253e-03                 	6.1128190790e-04                 	4.4587381738e-04                 	5.7823260404e-01                 	8.8292817129e-01                 
1.3000000000e+01	6.0846627992e+01	1.0583522866e-03                 	6.0150554835e-04                 	4.5684673821e-04                 	5.6834152105e-01                 	8.9852591397e-01                 
1.3500000000e+01	5.8593049177e+01	1.0596845346e-03                 	5.9237579403e-04                 	4.6730874057e-04                 	5.5901145547e-01                 	9.1338256193e-01                 
1.4000000000e+01	5.6500440278e+01	1.0607760152e-03                 	5.8779686759e-04                 	4.7297914765e-04                 	5.5411968139e-01                 	9.2102049726e-01                 
1.4500000000e+01	5.4552149234e+01	1.0615526603e-03                 	5.8509718495e-04                 	4.7645547535e-04                 	5.5117113529e-01                 	9.2568995920e-01                 
1.5000000000e+01	5.2733744260e+01	1.0618563549e-03                 	5.8373659398e-04                 	4.7811976097e-04                 	5.4973216599e-01                 	9.2850769230e-01                 
1.5500000000e+01	5.1032655735e+01	1.0619809974e-03                 	5.8876073388e-04                 	4.7322026357e-04                 	5.5439855825e-01                 	9.2370768053e-01                 
1.6000000000e+01	4.9437885243e+01	1.0648626175e-03                 	6.0620625282e-04                 	4.5865636466e-04                 	5.6928118507e-01                 	9.0375946841e-01                 
1.6500000000e+01	4.7939767509e+01	1.0700789841e-03                 	6.2742676505e-04                 	4.4265221910e-04                 	5.8633687265e-01                 	8.7806375292e-01                 
1.7000000000e+01	4.6529774347e+01	1.0750456421e-03                 	6.4338319860e-04                 	4.3166244351e-04                 	5.9847058897e-01                 	8.5792708172e-01                 
1.7500000000e+01	4.5200352223e+01	1.0789867694e-03                 	6.5365199833e-04                 	4.2533477112e-04                 	6.0580168065e-01                 	8.4444423391e-01                 
1.8000000000e+01	4.3944786883e+01	1.0819334691e-03                 	6.5973921128e-04                 	4.2219425777e-04                 	6.0977798557e-01                 	8.3609640631e-01                 
1.8500000000e+01	4.2757089940e+01	1.0842906172e-03                 	6.6376881622e-04                 	4.2052180096e-04                 	6.1216873567e-01                 	8.3047267436e-01                 
1.9000000000e+01	4.1631903363e+01	1.0863974936e-03                 	6.6713331191e-04                 	4.1926418168e-04                 	6.1407847114e-01                 	8.2596051858e-01                 
1.9500000000e+01	4.0564418661e+01	1.0884315416e-03                 	6.7053842672e-04                 	4.1789311488e-04                 	6.1605934879e-01                 	8.2148912275e-01                 
2.0000000000e+01	3.9550308195e+01	1.0904439072e-03                 	6.7405041667e-04                 	4.1639349055e-04                 	6.1814313621e-01                 	8.1712852738e-01                 
2.1000000000e+01	3.7666960185e+01	1.0940675432e-03                 	6.8002372994e-04                 	4.1404381325e-04                 	6.2155552843e-01                 	8.0957030412e-01                 
2.2000000000e+01	3.5954825632e+01	1.0973909956e-03                 	6.8562691887e-04                 	4.1176407672e-04                 	6.2477906382e-01                 	8.0254922488e-01                 
2.3000000000e+01	3.4391572343e+01	1.1003681275e-03                 	6.9079630085e-04                 	4.0957182670e-04                 	6.2778654121e-01                 	7.9601132531e-01                 
2.4000000000e+01	3.2958590162e+01	1.1029767279e-03                 	6.9537010416e-04                 	4.0760662369e-04                 	6.3044857303e-01                 	7.9013889352e-01                 
2.5000000000e+01	3.1640246556e+01	1.1051546716e-03                 	6.9935882600e-04                 	4.0579584557e-04                 	6.3281533707e-01                 	7.8478688475e-01                 
2.6000000000e+01	3.0423313996e+01	1.1069036581e-03                 	7.0250126826e-04                 	4.0440238988e-04                 	6.3465439209e-01                 	7.8029397936e-01                 
2.7000000000e+01	2.9296524589e+01	1.1081300733e-03                 	7.0519842416e-04                 	4.0293164918e-04                 	6.3638596328e-01                 	7.7599286356e-01                 
2.8000000000e+01	2.8250220139e+01	1.1087799859e-03                 	7.0609087496e-04                 	4.0268911097e-04                 	6.3681783936e-01                 	7.7353096353e-01                 
2.9000000000e+01	2.7276074617e+01	1.1093088016e-03                 	7.0586036384e-04                 	4.0344843780e-04                 	6.3630646651e-01                 	7.7250635727e-01                 
3.0000000000e+01	2.6366872130e+01	1.1097747264e-03                 	7.0457799567e-04                 	4.0519673070e-04                 	6.3488380022e-01                 	7.7282337176e-01                 
3.2000000000e+01	2.4718942622e+01	1.1113351395e-03                 	7.0177229084e-04                 	4.0956284867e-04                 	6.3146774172e-01                 	7.7460390331e-01                 
3.4000000000e+01	2.3264887173e+01	1.1135223426e-03                 	6.9926381024e-04                 	4.1425853233e-04                 	6.2797465619e-01                 	7.7677750505e-01                 
3.6000000000e+01	2.1972393442e+01	1.1160941375e-03                 	6.9730696516e-04                 	4.1878717238e-04                 	6.2477432835e-01                 	7.7870736418e-01                 
3.8000000000e+01	2.0815951681e+01	1.1188179501e-03                 	6.9622881752e-04                 	4.2258913262e-04                 	6.2228963830e-01                 	7.7974647869e-01                 
4.0000000000e+01	1.9775154097e+01	1.1217840633e-03                 	6.9498365488e-04                 	4.2680040845e-04                 	6.1953425583e-01                 	7.8121073918e-01                 
4.5000000000e+01	1.7577914753e+01	1.1294952914e-03                 	6.9398249962e-04                 	4.3551279178e-04                 	6.1441823167e-01                 	7.8258643741e-01                 
5.0000000000e+01	1.5820123278e+01	1.1372144016e-03                 	6.9405953749e-04                 	4.4315486408e-04                 	6.1031546605e-01                 	7.8267186321e-01                 
5.5000000000e+01	1.4381930253e+01	1.1444279510e-03                 	6.9480876317e-04                 	4.4961918784e-04                 	6.0712320295e-01                 	7.8157728529e-01                 
6.0000000000e+01	1.3183436065e+01	1.1515559823e-03                 	6.9582278133e-04                 	4.5573320102e-04                 	6.0424572665e-01                 	7.8011084271e-01                 
6.5000000000e+01	1.2169325598e+01	1.1585939246e-03                 	6.9643041486e-04                 	4.6216350975e-04                 	6.0109966061e-01                 	7.7902572902e-01                 
7.0000000000e+01	1.1300088056e+01	1.1654336790e-03                 	6.9724186585e-04                 	4.6819181313e-04                 	5.9826816268e-01                 	7.7756821438e-01                 
7.5000000000e+01	1.0546748852e+01	1.1721170206e-03                 	6.9784796914e-04                 	4.7426905144e-04                 	5.9537397452e-01                 	7.7615271269e-01                 
8.0000000000e+01	9.8875770487e+00	1.1788549531e-03                 	6.9865060702e-04                 	4.8020434607e-04                 	5.9265188240e-01                 	7.7470326357e-01                 
1.0000000000e+02	7.9100616389e+00	1.2022783046e-03                 	6.9959978244e-04                 	5.0267852216e-04                 	5.8189504024e-01                 	7.6710705770e-01                 
2.0000000000e+02	3.9550308195e+00	1.4102979804e-03                 	8.4709269711e-04                 	5.6320528327e-04                 	6.0064802538e-01                 	7.4956197553e-01                 
5.0000000000e+02	1.5820123278e+00	1.0273279607e-03                 	7.7035928754e-04                 	2.5696867319e-04                 	7.4986695290e-01                 	1.7362202635e-01                 
